2,149,18,136,147,225,56,35,12,1,72,34,44,54,32,64,98,19,147,128,18,136,16,213,41,32,138,195,20,0,161,3
130,48,18,152,37,133,56,64,30,25,80,18,12,146,96,73,230,9,19,144,2,68,2,208,1,16,154,234,144,8,33,131
3,200,166,158,20,146,138,160,86,192,82,7,96,232,51,96,72,96,50,71,199,232,46,173,0,38,219,128,20,47,16,76
0,128,0,136,4,129,0,32,4,0,80,2,0,0,48,64,64,0,2,129,64,8,0,149,0,32,138,64,20,8,16,0
35,64,99,76,4,146,205,121,69,64,83,66,96,72,188,228,88,32,18,171,197,160,36,157,32,40,130,128,87,174,112,228
152,32,64,177,100,137,232,64,61,17,112,18,143,136,116,11,106,137,23,145,2,240,2,192,4,217,218,32,117,8,115,128
2,148,146,152,147,229,184,66,30,27,72,18,12,158,32,72,229,27,147,145,18,136,18,215,9,22,154,74,144,64,37,131
35,207,96,136,84,145,142,231,70,69,88,135,32,136,182,0,72,10,19,197,198,42,4,189,32,12,142,224,93,28,248,204
1,72,33,140,4,16,134,132,68,64,80,66,32,8,177,228,64,96,18,67,197,32,36,185,32,32,138,0,20,61,48,44
2,128,134,149,20,2,160,43,54,161,82,18,96,32,0,64,113,44,51,48,48,216,1,141,12,38,223,132,132,40,48,8
3,128,52,153,36,136,184,2,126,81,82,144,140,142,52,104,230,9,51,145,150,152,71,209,4,56,154,194,20,0,1,133
2,193,0,136,148,129,12,165,4,4,80,135,32,8,50,64,64,2,19,133,210,8,0,149,40,32,142,192,28,12,152,88
35,201,97,204,4,19,135,236,68,64,112,66,96,72,181,228,88,96,18,107,193,168,37,157,32,40,131,132,87,188,112,236
48,1,194,168,4,35,200,66,5,1,250,2,11,8,32,72,104,129,14,128,24,187,65,192,144,228,154,20,53,8,48,128
130,176,146,152,147,225,184,71,30,19,64,50,12,158,96,72,239,27,147,145,50,142,18,211,9,4,154,107,149,4,165,147
188,0,226,236,68,3,224,80,85,2,112,18,19,137,49,8,88,168,23,33,136,182,4,130,82,233,176,128,119,168,112,128
2,148,18,136,19,225,184,98,12,1,74,34,12,30,32,64,239,27,147,144,18,136,16,213,9,36,138,66,144,0,33,147
2,131,32,136,132,129,12,33,4,68,80,135,0,12,50,64,68,2,147,133,208,8,0,149,40,32,142,193,20,12,148,80
2,135,2,136,146,224,24,103,6,5,88,163,40,166,34,64,78,27,131,148,18,8,0,245,40,36,138,193,148,4,180,88
3,200,2,140,76,129,140,228,132,68,208,135,32,142,50,64,104,168,27,197,70,11,6,253,48,32,138,152,20,28,176,216
3,193,32,136,132,129,12,37,4,68,80,135,0,12,50,64,72,0,19,133,212,8,4,149,32,32,138,192,28,12,152,88
2,129,32,140,132,129,12,37,4,64,80,135,0,14,50,64,64,2,19,133,208,8,4,149,32,0,138,192,20,12,176,80
2,193,32,140,4,129,140,37,4,64,80,131,0,12,48,64,72,0,19,133,208,8,4,149,32,32,142,192,20,12,144,64
2,193,0,136,132,129,132,37,4,0,80,2,0,0,32,64,64,0,2,0,80,8,0,149,32,32,142,192,20,8,144,8
44,72,104,78,68,131,194,80,68,0,117,2,113,73,181,96,88,224,19,106,128,162,44,61,66,137,160,0,119,187,112,160
2,129,0,128,148,0,12,33,4,68,16,135,0,38,50,64,68,3,147,149,80,8,0,128,40,0,142,192,20,12,148,80
130,128,18,152,52,132,56,64,62,11,82,18,140,130,32,72,231,9,19,144,34,140,2,215,1,54,154,194,144,0,33,1
0,193,0,140,4,128,12,37,4,0,80,2,0,8,32,64,64,0,2,0,80,8,0,149,40,32,142,64,20,8,144,0
2,131,0,136,132,129,12,37,4,4,80,131,0,14,50,64,76,19,131,133,80,8,0,149,40,0,138,193,20,12,180,64
0,105,2,156,20,131,8,71,134,128,90,2,32,136,33,64,64,42,34,80,66,152,130,172,32,36,158,0,20,24,144,8
2,58,66,200,82,129,184,64,141,132,112,167,44,142,37,0,110,185,131,145,16,155,0,220,20,20,138,233,53,0,39,145
34,33,114,193,214,176,184,82,9,1,126,130,40,31,180,32,110,187,19,152,146,186,32,205,14,40,138,194,199,128,99,133
34,233,107,193,84,131,175,117,68,224,118,130,48,5,180,36,72,40,19,238,192,184,100,252,100,24,142,224,85,138,240,232
56,201,106,161,116,139,74,244,68,160,112,2,19,9,48,80,72,168,23,80,200,186,65,28,238,201,164,224,53,154,80,136
2,0,2,153,52,129,168,0,142,17,82,2,140,138,48,72,74,9,19,145,2,176,2,213,4,48,154,192,20,8,49,128
56,201,72,168,84,131,66,252,4,32,112,10,19,1,32,80,88,168,6,112,88,154,65,29,252,229,161,100,53,154,114,128
2,128,18,152,52,165,184,66,30,25,80,18,140,154,32,72,227,11,19,17,18,56,2,213,13,20,26,194,144,8,49,131
0,193,0,140,4,128,12,37,4,0,80,2,0,8,32,64,64,0,2,0,80,8,0,149,32,32,138,64,20,8,176,0
2,128,38,153,52,168,168,3,174,81,90,131,172,140,50,64,194,42,59,21,146,152,71,213,4,54,154,192,20,12,145,72
32,233,64,128,84,129,6,228,2,0,48,10,0,128,96,16,72,72,2,82,66,10,0,181,56,0,134,104,20,25,146,136
2,193,32,140,150,129,44,39,12,65,88,131,12,46,50,64,98,3,19,133,208,8,4,213,40,32,142,192,20,12,177,88
2,148,50,216,83,245,176,99,30,1,104,19,44,191,36,96,239,27,147,144,50,42,48,223,11,22,26,67,211,4,165,159
3,200,1,140,4,17,140,229,68,64,80,70,32,8,180,228,72,0,18,77,197,40,36,189,32,40,142,128,29,28,216,12
35,200,64,140,84,145,142,228,68,64,80,71,32,8,183,224,72,40,18,199,199,170,4,189,32,8,138,160,93,28,120,156
2,149,0,136,147,225,24,71,6,1,72,163,8,182,32,64,66,27,179,145,18,8,18,213,41,4,158,107,148,68,181,18
53,0,99,206,4,130,195,112,69,192,83,66,113,64,181,100,88,160,22,234,201,176,44,156,0,40,161,128,119,171,112,228
96,16,112,192,110,8,248,72,105,48,176,42,10,8,20,18,234,132,78,32,128,35,193,192,22,24,2,62,69,136,83,129
3,211,0,140,132,147,140,37,4,64,80,231,40,42,50,192,76,35,147,197,212,136,4,221,32,32,142,129,29,28,184,28
0,0,0,128,4,0,8,0,4,0,16,2,0,8,32,64,64,0,2,0,0,0,0,128,0,0,138,0,20,8,16,0
0,157,18,152,183,133,180,231,44,9,90,2,44,58,32,64,229,51,19,1,82,168,0,253,41,54,30,66,16,64,161,11
112,72,2,140,28,131,2,96,132,128,144,10,34,128,33,64,72,160,110,96,8,3,2,156,144,160,131,56,20,40,48,8
56,8,98,236,4,2,72,80,1,128,246,131,27,15,49,80,124,172,21,172,136,147,0,136,210,233,160,128,39,172,112,216
2,133,18,157,180,136,172,39,60,1,90,0,164,34,32,64,162,34,2,0,82,152,0,223,44,54,158,192,20,72,177,8
3,195,0,136,20,129,140,229,4,68,80,135,32,12,50,64,72,2,19,133,214,8,4,157,32,0,138,192,28,12,152,88
2,193,0,140,132,129,12,37,4,0,80,2,32,10,48,64,64,2,19,129,80,8,0,149,32,32,142,192,20,24,176,8
2,149,18,136,147,229,56,99,12,1,72,34,44,54,32,64,230,19,147,128,82,136,16,213,41,36,138,195,20,0,161,3
2,195,0,136,20,129,140,101,4,68,80,135,32,14,50,64,76,3,147,133,82,8,0,149,32,0,138,193,20,12,180,88
2,148,16,136,151,165,184,2,14,11,72,18,12,62,32,64,229,19,147,145,18,12,16,215,9,22,154,194,144,64,33,3
2,148,146,152,147,164,56,66,30,11,72,18,12,62,32,72,231,19,147,145,18,8,16,215,9,54,154,194,144,68,33,19
130,16,16,152,7,197,176,66,30,27,64,18,12,158,96,73,237,25,147,145,34,4,18,211,1,6,154,234,144,8,37,131
130,204,0,156,132,160,14,166,20,2,88,18,32,42,49,64,65,66,19,3,96,44,0,183,32,38,158,128,20,89,176,8
40,88,122,76,70,208,247,244,68,0,116,162,49,29,181,64,106,240,131,202,64,168,32,45,98,169,160,129,119,185,116,155
3,201,164,158,20,0,142,166,86,193,80,3,32,104,51,97,73,98,51,69,196,104,14,189,40,38,222,128,148,124,48,76
3,200,166,158,20,146,138,160,86,192,82,7,96,232,51,96,72,96,51,71,198,232,46,173,0,38,219,128,21,47,16,76
55,8,66,142,68,146,202,64,69,192,241,71,98,202,51,208,120,169,23,231,141,131,12,204,144,160,138,152,29,47,120,4
3,131,0,136,148,128,140,165,4,4,80,135,32,8,50,64,72,2,19,133,214,8,4,149,40,32,142,192,28,12,184,88
40,0,78,233,68,11,233,80,4,48,118,2,17,137,48,75,104,136,6,153,0,178,65,192,86,137,226,64,119,136,112,160
0,128,0,140,4,129,128,32,4,0,80,2,0,8,48,64,72,0,2,129,0,40,0,149,0,32,138,64,20,8,16,0
35,73,99,142,20,147,138,97,68,64,81,70,96,72,181,228,88,32,18,239,197,160,36,157,34,40,138,128,95,175,120,132
130,32,210,185,100,137,248,64,63,19,112,18,141,138,116,8,107,9,6,17,34,180,2,192,132,216,26,232,213,8,113,129
2,52,146,152,112,165,184,66,190,27,88,48,140,158,96,72,231,25,147,144,2,12,2,211,13,20,26,234,144,64,33,129
2,135,32,136,151,225,152,99,6,69,88,179,8,174,34,64,75,27,147,145,18,8,0,215,40,4,154,195,149,12,181,82
2,148,16,152,147,225,144,66,14,1,72,147,12,190,32,64,235,27,147,145,18,8,16,215,9,6,154,67,148,76,37,146
3,195,0,136,132,129,140,37,4,68,80,135,32,8,50,64,72,2,19,5,212,40,4,149,32,32,142,192,28,12,184,92
2,129,0,140,132,129,140,37,4,0,80,2,0,10,48,64,72,2,19,129,80,8,0,149,32,32,138,192,20,8,176,0
130,48,144,152,107,133,184,64,158,27,16,18,140,158,96,9,197,25,179,145,2,71,18,208,1,16,90,234,144,8,33,131
3,203,0,140,20,145,142,164,68,64,80,199,32,8,182,192,72,99,19,199,199,168,4,253,32,40,138,128,29,28,184,28
2,148,146,152,255,165,184,66,158,27,88,18,140,190,96,72,229,27,147,144,18,8,18,215,9,20,154,234,144,64,33,147
3,193,0,140,4,145,140,165,68,64,80,199,32,8,50,224,72,0,19,197,197,40,4,157,32,32,142,128,29,28,184,28
34,195,32,152,212,129,140,231,22,5,88,167,32,140,54,64,77,11,147,133,214,10,4,215,40,4,158,193,21,28,180,204
2,148,18,152,240,165,184,66,190,9,88,48,140,174,32,72,167,27,147,145,50,28,2,215,12,22,26,202,148,64,33,129
130,128,210,145,118,168,184,2,63,17,82,18,172,10,48,72,39,11,19,145,50,156,0,215,12,22,26,192,148,0,1,128
34,195,96,152,84,145,140,231,6,5,88,135,32,136,54,64,72,43,147,197,198,42,36,253,32,4,158,233,21,28,252,204
1,72,33,204,4,17,135,164,68,64,80,66,32,8,181,228,72,96,18,75,197,32,36,189,32,40,138,0,23,61,112,108
2,128,194,209,84,170,168,2,62,17,114,18,140,10,4,72,99,15,51,144,18,252,65,213,12,46,154,192,133,8,113,128
35,203,98,140,76,145,140,101,68,68,80,135,32,136,182,192,76,42,147,197,198,42,6,157,32,40,138,201,85,12,248,204
0,128,134,149,20,2,160,43,54,161,82,18,72,168,48,64,120,12,51,49,48,248,131,205,12,38,218,68,132,8,48,8
3,128,112,153,38,136,184,2,126,81,82,146,172,14,20,104,102,9,51,145,150,156,199,209,4,56,154,192,20,4,17,133
3,193,0,140,148,129,140,165,4,64,80,199,32,40,50,64,72,2,19,197,212,8,4,157,32,32,142,192,28,28,152,28
131,48,50,152,105,149,184,64,158,89,80,177,140,158,230,105,198,25,147,21,134,12,34,209,4,16,90,234,148,4,33,215
50,1,2,129,4,160,232,65,13,1,242,2,141,10,48,64,106,161,14,145,24,187,65,192,148,228,154,144,165,8,241,128
2,148,178,152,211,225,184,199,30,5,88,179,44,158,96,72,111,27,147,145,50,142,0,215,8,4,154,235,149,4,165,219
172,0,98,204,68,3,192,80,85,0,117,2,81,201,53,13,88,168,19,40,128,182,4,136,82,105,224,136,119,170,114,128
3,149,35,136,147,240,185,35,12,65,90,227,28,62,166,228,102,19,147,145,151,136,52,213,9,36,138,194,22,4,165,117
35,72,99,206,76,17,139,64,196,0,244,66,32,200,181,229,72,40,18,203,133,35,38,249,18,40,202,136,85,63,112,172
2,149,18,136,147,225,184,99,12,1,88,163,44,62,32,64,110,27,147,144,18,136,16,213,9,4,138,195,149,4,165,146
3,141,34,141,20,50,140,39,68,97,90,7,32,40,178,96,72,38,19,37,244,184,37,143,32,38,154,128,21,108,48,76
2,143,34,136,144,128,10,103,4,5,88,135,40,46,50,64,76,3,147,197,210,136,4,253,40,36,138,193,20,12,180,88
50,200,2,140,76,129,140,228,132,68,208,135,32,142,50,64,104,128,23,197,74,11,2,253,176,32,138,152,29,28,48,216
130,128,18,153,36,128,184,66,62,27,82,18,140,138,32,72,231,9,19,145,34,156,2,211,4,54,26,194,148,0,33,129
2,193,32,136,4,129,12,37,4,64,80,131,0,12,48,64,72,3,19,133,192,8,4,149,32,32,138,192,20,12,176,88
0,193,0,136,20,129,12,37,4,0,80,2,32,2,32,64,64,0,2,128,80,8,0,149,32,32,142,64,20,8,176,0
33,72,106,78,68,131,207,240,68,64,116,2,112,73,181,36,88,96,18,234,193,162,44,189,98,8,160,128,117,187,112,172
2,131,0,128,132,0,12,33,4,68,16,135,0,12,50,64,68,2,147,133,80,8,0,133,40,0,142,192,20,12,148,80
130,148,18,152,23,164,184,66,30,11,82,18,12,158,32,72,229,25,19,145,34,140,18,215,9,54,154,194,144,0,33,131
2,131,2,136,148,129,140,97,4,4,80,135,32,10,50,64,76,10,131,133,82,136,0,213,32,32,138,193,21,12,180,200
33,72,99,206,4,129,139,240,68,64,116,66,112,73,181,100,72,96,18,203,193,160,36,253,32,40,130,0,85,187,112,172
2,1,0,136,132,128,12,1,4,0,16,130,0,14,48,64,68,2,19,129,80,0,0,149,32,0,138,192,20,12,176,0
2,193,0,140,4,129,12,37,4,0,80,2,0,8,48,64,64,0,19,1,80,8,0,149,32,32,142,192,20,8,144,8
3,195,32,140,20,145,140,101,4,68,80,135,32,8,50,64,72,34,19,5,214,8,4,157,32,32,142,192,28,12,152,76
2,195,0,136,132,129,140,37,4,4,80,163,0,14,50,64,76,19,147,133,80,8,0,213,32,32,142,193,20,12,180,64
2,195,0,136,132,129,140,101,4,4,80,135,0,10,50,64,76,3,147,133,80,8,4,149,32,0,138,193,20,12,180,64
50,0,66,140,4,2,232,64,37,0,242,2,10,10,32,64,122,137,6,160,8,163,0,204,144,32,138,128,65,8,96,128
0,32,66,137,84,137,160,64,140,0,240,2,140,8,48,0,106,137,6,17,2,32,0,213,132,16,138,72,85,8,97,128
2,131,32,136,148,129,12,37,4,4,80,135,0,8,50,64,68,3,131,133,210,8,4,149,40,32,142,192,20,12,180,64
3,195,0,140,4,129,140,37,4,64,80,135,32,8,50,64,64,0,19,133,196,8,4,149,32,32,142,192,28,28,184,28
2,131,2,136,148,129,140,101,4,4,80,135,40,14,50,64,76,11,147,133,82,136,0,213,40,32,138,193,21,12,180,208
2,5,0,136,146,225,152,66,6,5,24,163,8,46,32,64,73,27,131,145,18,8,0,148,8,4,138,227,148,76,52,66
2,131,32,136,148,129,140,97,4,4,80,131,0,14,50,64,76,3,131,133,82,8,0,149,40,0,142,193,20,12,148,64
2,193,32,140,20,129,12,101,4,64,80,131,32,14,48,96,64,34,19,133,210,8,4,157,32,32,138,192,20,12,176,76
2,131,32,136,132,129,140,33,4,68,80,135,0,12,50,64,72,2,147,133,212,8,4,149,40,32,138,193,20,12,148,64
0,105,2,156,20,129,46,71,132,128,90,2,32,136,33,64,64,42,34,80,66,152,130,173,32,36,158,0,20,24,176,8
2,201,0,136,148,129,140,229,4,0,80,2,32,10,48,64,72,34,19,193,82,8,0,189,40,32,142,192,20,8,176,8
2,129,114,197,22,146,184,103,69,1,126,130,40,172,180,100,110,59,147,137,210,184,37,205,46,44,146,194,71,136,240,173
2,129,0,136,20,129,140,101,4,64,80,131,40,14,48,64,76,51,147,133,82,136,0,221,32,32,138,192,20,12,176,88
2,149,18,136,18,129,56,35,28,1,88,178,44,54,32,64,102,51,147,129,114,136,0,223,40,36,138,194,20,0,161,9
130,197,0,142,148,128,14,167,20,2,88,18,32,40,48,64,65,2,19,1,114,12,8,191,40,32,142,192,20,24,176,8
2,42,66,137,114,129,184,64,173,68,80,135,12,142,54,0,110,57,147,149,16,154,0,220,4,16,138,192,5,4,39,209
35,45,114,201,86,178,184,66,76,1,254,2,40,10,181,100,110,171,19,152,150,186,36,205,22,44,138,192,199,128,97,141
33,72,98,76,68,145,142,100,68,64,116,2,32,8,183,100,72,32,18,203,197,162,36,253,34,40,130,0,87,25,112,172
18,120,114,236,54,211,176,68,109,8,112,34,47,152,181,32,190,185,151,65,194,179,36,221,176,201,10,130,117,4,37,143
2,205,32,158,148,129,142,165,84,65,80,19,96,104,56,97,89,66,19,71,242,40,12,191,32,38,222,192,20,30,176,76
32,233,106,193,116,139,239,117,4,224,118,2,49,9,178,0,72,40,19,206,192,184,100,125,102,9,162,128,101,136,80,232
2,161,18,152,245,132,184,103,156,9,80,3,172,158,112,64,228,59,19,149,82,27,128,193,57,20,158,234,16,12,177,203
48,0,66,136,84,131,72,64,5,0,209,2,10,138,32,80,120,136,6,162,10,179,0,220,144,160,138,8,53,10,48,128
56,200,98,161,52,139,106,244,69,32,114,10,23,9,49,16,88,168,23,113,200,184,68,188,236,193,160,192,55,154,80,136
35,143,66,136,86,129,170,234,4,5,88,135,40,104,55,64,122,43,19,245,134,170,4,253,40,12,138,128,157,14,121,152
2,209,178,137,151,193,180,199,134,1,72,2,44,158,96,64,234,59,179,145,82,184,18,241,41,4,158,75,149,8,165,154
2,137,130,153,228,169,40,7,158,1,90,0,172,162,96,64,194,42,27,0,18,24,2,211,4,52,154,136,20,72,145,8
2,0,2,137,116,129,168,64,142,17,80,2,140,138,112,72,96,9,19,145,2,176,66,213,4,16,154,200,148,8,49,128
56,201,64,169,20,131,66,244,5,32,240,10,3,1,32,80,88,236,4,96,72,154,65,189,248,229,161,84,54,155,18,8
35,201,99,73,84,131,175,125,68,128,112,194,16,4,180,100,88,40,18,248,193,184,101,220,32,8,135,196,85,152,240,164
2,144,18,153,53,165,184,66,30,25,80,18,140,154,32,72,231,27,19,17,18,40,18,213,13,20,26,194,144,8,33,131
18,203,0,138,28,129,142,237,134,4,144,135,32,206,58,64,76,161,159,197,74,11,10,245,184,32,142,249,21,30,180,88
2,143,34,138,212,161,170,230,4,5,88,135,32,200,50,64,104,42,131,213,150,138,4,253,40,4,138,193,148,94,184,200
2,131,0,136,21,129,156,101,6,13,80,167,32,14,50,64,204,11,131,133,82,8,0,149,32,0,138,195,21,12,180,203
3,193,32,140,4,129,140,37,4,64,80,131,32,12,50,96,64,0,19,133,212,8,4,149,32,32,138,192,20,12,176,76
51,72,98,140,28,147,130,100,68,96,208,71,34,136,183,32,72,168,23,103,205,171,68,189,48,8,138,176,93,31,120,204
10,153,115,200,243,149,191,247,12,9,124,34,56,151,164,228,110,59,147,200,211,10,48,253,43,60,142,194,19,128,161,189
3,133,18,137,182,177,184,231,76,65,90,71,172,138,182,224,231,11,18,149,151,184,36,247,44,60,26,192,28,4,169,205
2,132,132,141,20,3,168,111,22,161,90,2,0,40,48,65,89,6,51,129,16,248,65,157,12,38,218,196,148,8,16,8
45,8,106,71,68,18,227,16,68,224,119,2,81,1,183,100,120,100,18,106,193,176,45,8,70,41,161,4,103,187,112,224
3,209,32,140,150,145,156,165,12,69,80,167,44,12,50,64,78,3,147,133,214,40,36,213,40,32,142,194,29,12,185,93
186,18,66,185,66,129,88,80,53,1,240,179,9,15,32,88,110,153,151,128,10,158,64,211,150,197,186,129,183,132,38,209
0,129,0,140,132,128,12,37,4,0,80,2,32,2,32,64,64,2,2,0,80,8,0,149,32,32,138,64,20,8,176,8
34,233,64,136,212,129,142,228,2,0,48,10,32,136,116,16,72,200,19,83,66,42,0,181,56,8,142,232,21,24,210,136
130,146,18,153,146,194,56,67,52,5,82,179,40,6,32,72,126,27,147,144,50,156,1,215,12,38,154,195,148,4,165,147
130,129,18,153,194,193,184,65,62,17,82,179,140,142,96,73,110,27,147,145,82,152,3,209,12,16,154,195,149,4,165,146
2,144,54,216,19,213,176,67,94,81,68,18,44,158,36,100,239,27,147,145,22,168,50,213,11,54,26,67,145,12,165,191
18,5,18,128,116,135,184,64,173,9,218,2,14,26,56,64,234,129,31,177,16,171,0,204,153,20,138,198,144,10,49,129
2,148,54,216,115,245,176,67,30,25,116,50,44,158,36,104,231,27,147,144,178,168,50,213,15,62,26,195,210,0,165,159
2,193,2,140,132,128,172,101,4,0,82,2,32,42,48,64,104,2,19,129,80,152,0,221,32,32,142,128,21,24,177,0
33,72,107,76,84,130,227,80,69,64,118,66,49,193,181,100,120,232,18,234,129,178,37,109,64,44,162,0,117,187,112,168
130,0,146,152,55,165,184,66,30,9,64,18,140,154,96,72,231,9,19,145,2,4,18,211,1,20,154,66,144,8,49,3
2,131,32,136,158,129,156,229,134,5,80,167,40,142,50,64,76,43,179,197,214,10,6,213,56,36,158,201,20,12,188,92
2,148,150,152,51,229,184,66,158,27,80,50,140,150,96,72,231,27,147,144,50,141,18,211,13,22,26,203,144,64,37,147
35,72,99,78,68,146,202,112,69,64,113,66,96,72,181,228,88,224,18,238,197,160,44,237,2,40,130,128,127,191,112,236
2,149,34,136,147,225,152,99,22,69,72,183,12,174,50,64,110,27,147,149,54,136,20,215,41,4,138,195,148,12,181,86
3,200,1,140,4,145,142,228,68,64,80,70,32,8,180,228,72,64,18,77,197,40,36,189,32,40,138,128,29,28,240,12
35,200,96,140,68,145,206,228,69,64,80,70,32,8,182,228,72,96,18,207,197,170,4,189,34,40,138,128,95,156,120,140
35,200,67,140,68,145,142,228,68,64,80,70,32,8,181,228,72,104,18,79,199,170,4,189,34,40,138,128,93,29,120,140
130,128,144,153,53,173,184,2,30,25,82,16,140,138,112,72,193,9,19,17,50,220,65,211,13,22,154,194,144,8,17,131
3,207,0,136,148,145,142,231,68,5,88,135,32,40,50,64,72,2,19,199,214,40,4,181,32,4,142,192,29,28,152,76
33,72,99,142,68,147,130,240,68,64,80,66,48,200,181,228,72,104,18,111,197,162,44,189,32,40,170,128,93,191,112,172
130,48,176,145,108,141,184,0,206,25,112,48,140,154,68,11,202,9,51,17,130,116,194,192,4,24,218,234,212,8,83,131
2,149,0,136,147,225,24,71,6,1,72,163,8,182,32,64,75,27,147,145,18,8,18,213,41,4,158,107,148,68,165,18
61,0,98,97,36,26,72,24,97,224,119,130,91,13,158,116,122,132,21,172,141,176,101,136,194,249,161,132,103,174,112,100
116,0,114,64,110,10,208,72,105,32,178,10,10,8,60,18,122,132,78,32,136,35,129,192,146,152,0,54,101,138,114,129
3,75,3,141,4,146,174,164,68,64,82,199,32,8,181,228,76,97,18,207,197,152,4,237,32,40,142,128,29,60,56,92
34,143,32,136,212,193,158,231,6,5,88,163,40,142,50,64,72,59,131,197,82,10,0,253,40,4,142,233,21,12,180,216
2,135,0,136,147,225,152,99,6,5,88,163,44,174,34,64,231,51,131,145,18,136,0,221,8,38,154,195,148,12,165,75
0,0,0,136,4,0,0,0,0,0,16,2,0,0,48,64,64,0,2,129,0,0,0,128,0,32,130,0,20,8,16,0
0,149,18,156,183,133,180,231,46,9,90,0,172,58,32,64,229,51,19,1,82,168,16,223,41,54,30,66,16,64,161,11
33,201,99,76,84,147,230,103,69,64,120,66,32,8,180,228,120,168,18,105,213,186,36,157,50,40,130,64,93,140,248,140
114,8,6,140,12,131,136,64,132,160,210,2,32,128,49,64,104,164,95,193,8,131,0,136,144,32,138,144,4,9,48,8
18,0,98,129,4,136,232,64,173,192,210,131,142,14,50,66,106,161,31,133,136,145,4,200,148,32,138,128,37,12,113,64
2,141,18,157,180,136,172,39,60,1,90,16,172,34,32,64,163,34,34,0,18,152,1,223,44,54,158,192,20,72,177,8
2,157,50,136,23,229,186,230,14,65,72,3,44,158,36,64,230,59,147,129,2,136,18,255,41,36,154,67,21,12,37,91
56,73,90,172,102,129,106,112,133,0,112,2,63,203,48,80,126,168,23,194,64,170,0,253,242,233,162,136,55,138,96,137
39,8,107,78,84,147,139,80,68,192,87,134,112,204,191,100,88,104,18,239,133,160,44,204,66,40,162,128,95,191,112,228
2,0,102,144,68,144,168,64,236,0,82,2,140,138,52,75,106,41,27,145,128,177,38,192,20,56,138,128,69,4,113,128
2,220,50,152,87,196,56,70,30,73,72,7,44,158,34,64,230,59,147,133,130,138,18,255,33,52,154,202,16,4,37,219
3,195,0,136,20,129,140,229,4,68,80,135,32,12,50,64,72,2,147,133,214,8,0,157,32,0,142,192,28,12,152,216
2,193,0,140,132,129,12,165,4,0,80,2,32,42,48,64,64,2,19,129,80,8,0,149,32,32,142,192,20,24,176,8
2,149,18,136,147,197,24,99,12,1,72,34,44,54,32,64,230,19,147,128,18,136,16,213,41,36,138,194,16,0,161,3
3,193,32,140,148,128,12,37,4,65,80,135,32,14,50,64,68,3,19,133,214,8,0,221,40,32,142,192,20,12,176,88
2,131,0,136,150,193,156,101,4,5,80,167,32,14,50,64,76,19,131,133,82,8,0,213,40,0,138,193,21,12,180,208
2,148,146,152,51,164,56,66,62,11,74,18,12,182,32,72,231,27,147,145,18,140,16,215,9,54,154,194,144,68,33,19
3,195,32,140,148,129,12,165,4,4,80,135,32,8,50,64,64,2,19,133,214,8,4,149,40,32,142,192,28,12,184,88
2,131,32,136,148,145,140,103,4,69,88,135,8,44,50,64,76,3,147,133,214,8,4,213,40,0,142,193,21,12,184,84
2,135,0,136,150,225,152,98,6,5,88,163,8,142,32,64,77,27,147,145,18,8,0,213,8,4,138,195,149,12,52,82
130,205,0,156,132,32,14,166,20,2,88,2,32,40,49,64,65,66,19,67,96,8,0,187,32,38,142,128,148,121,176,8
40,88,122,76,70,208,246,244,68,0,116,163,57,29,181,64,106,240,131,202,192,168,32,45,98,233,160,129,119,185,116,155
3,145,3,140,151,148,172,101,76,73,82,66,44,24,178,224,228,35,18,133,213,168,36,221,32,48,138,194,28,12,185,77
3,72,166,158,28,144,138,0,198,192,83,7,96,200,51,96,72,104,51,71,135,232,174,189,0,32,139,128,20,47,16,76
55,8,66,142,68,146,202,64,69,192,241,71,98,202,51,208,120,169,23,231,141,131,12,204,144,32,138,152,29,63,120,132
3,193,0,140,4,145,140,165,68,64,80,199,32,8,50,192,72,2,19,197,197,8,4,157,32,32,142,128,29,28,184,28
56,0,74,233,68,1,232,80,4,49,118,2,17,137,112,73,104,136,6,152,10,176,65,128,70,201,242,0,119,136,112,128
0,128,0,140,4,129,128,32,4,0,80,2,32,8,32,64,72,0,2,0,0,40,0,149,0,32,138,64,20,8,16,0
3,137,98,142,20,145,138,96,68,64,80,70,96,72,183,228,72,32,18,207,197,168,12,189,34,40,138,128,93,47,120,156
130,32,210,185,100,137,248,64,31,19,112,18,141,138,116,8,239,9,23,17,2,244,2,192,132,220,90,234,213,8,81,129
2,0,32,136,4,129,136,64,4,0,80,2,0,8,48,64,72,0,19,129,128,0,0,149,0,32,138,192,20,8,48,0
2,135,32,136,150,193,152,103,22,69,88,179,8,142,50,64,79,27,147,149,50,8,4,215,40,4,154,195,149,12,181,210
2,180,146,136,113,165,184,66,142,25,88,48,140,150,96,72,231,27,147,144,2,13,2,211,13,20,26,234,144,64,33,131
2,148,146,152,147,229,176,66,30,1,72,18,12,190,32,72,229,27,147,145,18,8,18,215,9,6,154,67,144,68,37,146
2,131,32,136,148,129,140,101,4,4,80,135,32,42,50,64,76,3,147,133,212,8,4,149,32,32,138,192,28,12,184,92
2,193,0,140,4,129,140,101,4,0,80,2,32,8,48,64,72,2,19,129,80,40,0,149,32,32,138,192,21,8,176,8
2,48,146,152,75,229,176,66,30,19,64,19,12,158,96,72,237,27,147,145,2,78,18,210,9,22,154,107,144,76,37,147
3,200,3,142,4,145,142,228,68,64,80,198,96,72,181,228,72,96,18,207,197,168,44,189,32,40,138,128,29,31,120,92
3,195,32,136,132,129,140,37,4,68,80,135,32,8,50,64,72,3,19,133,212,8,4,157,32,32,142,192,28,12,184,92
2,149,146,152,215,229,176,67,142,25,88,18,12,190,96,72,229,27,147,145,18,8,18,215,25,20,154,234,144,64,161,147
3,195,32,140,4,129,140,165,68,64,80,199,32,8,50,64,72,2,19,133,213,40,4,157,32,32,142,192,29,28,184,92
2,132,18,153,240,160,184,2,190,11,88,16,140,170,32,72,167,11,19,144,50,156,0,215,12,22,26,192,148,64,33,129
34,199,32,152,212,129,140,231,6,5,88,167,32,140,54,64,73,11,147,133,214,10,4,221,40,4,158,193,21,28,188,204
130,128,210,153,118,168,184,2,62,1,82,18,172,10,52,72,39,11,19,145,50,156,1,215,12,30,154,192,148,0,1,129
35,203,96,136,84,145,140,229,6,69,80,135,32,136,182,64,76,42,147,197,198,40,36,253,32,4,158,233,21,28,252,204
3,193,0,140,4,145,140,165,68,64,80,199,32,8,178,224,72,0,18,197,197,8,4,189,32,32,142,128,29,28,184,28
2,128,224,145,84,170,168,2,126,17,114,18,140,10,20,72,98,15,51,145,146,252,65,213,12,62,218,192,133,0,113,128
35,73,99,76,84,147,138,246,68,64,120,70,32,200,181,164,72,104,18,79,197,170,36,189,34,44,130,128,95,191,120,140
35,203,98,140,68,145,140,101,68,68,80,199,32,136,182,64,72,42,147,197,198,42,4,189,50,40,138,137,93,28,248,204
2,160,130,149,20,2,168,43,54,161,82,2,72,162,0,64,112,44,51,128,18,216,129,205,12,38,219,196,4,40,48,8
131,176,48,153,108,145,184,64,142,89,80,177,140,158,230,105,198,25,147,149,134,28,34,209,4,24,26,234,148,4,1,215
2,195,0,140,148,129,140,165,4,5,80,135,32,8,50,64,76,3,147,197,214,8,4,157,40,32,142,192,28,12,184,88
35,72,97,205,4,19,135,124,68,64,84,66,48,8,181,100,88,32,18,104,193,184,101,157,36,40,162,128,87,184,112,172
2,1,66,129,36,136,232,65,173,1,146,2,140,10,112,64,106,129,31,145,18,41,64,192,148,176,138,192,133,8,177,128
3,203,2,136,20,147,140,101,4,64,80,199,40,8,182,192,76,35,147,229,197,152,4,253,32,0,138,192,29,28,184,220
2,161,150,153,228,136,184,67,174,25,80,0,140,138,112,74,238,43,19,17,18,56,2,192,4,16,26,234,148,8,161,129
48,0,226,233,68,2,224,66,81,3,240,18,3,8,52,8,120,136,6,129,136,182,0,130,146,236,146,0,245,8,114,128
3,203,32,140,20,145,140,229,68,65,80,199,32,8,50,64,72,42,19,197,198,136,4,221,32,32,138,192,29,12,184,220
3,148,2,152,51,180,56,66,62,73,74,247,12,158,34,192,231,11,147,149,151,152,16,215,8,38,154,194,156,4,41,87
35,72,99,222,76,145,139,96,196,0,244,66,32,200,181,229,72,40,18,203,133,35,38,249,18,40,202,136,85,63,112,172
58,211,98,236,68,192,236,117,5,4,86,167,41,47,48,64,108,179,151,129,216,138,0,221,114,225,170,193,55,140,244,152
2,193,0,136,132,129,12,37,4,0,80,2,32,10,48,64,64,0,19,1,80,40,0,149,32,32,142,192,20,24,144,0
3,200,99,140,4,146,175,228,68,64,82,66,96,72,180,228,88,96,18,239,197,168,36,253,32,40,138,128,29,30,112,236
2,135,2,136,146,224,184,71,6,5,88,179,44,134,32,64,111,27,147,145,18,136,0,215,40,36,154,195,148,4,165,211
3,141,34,141,20,178,128,39,68,65,90,3,160,40,182,96,72,38,19,5,212,184,101,143,36,46,154,128,21,76,240,76
0,205,0,138,148,129,142,231,4,2,88,2,96,104,56,64,89,66,19,3,114,40,8,183,40,0,142,64,20,90,144,8
130,144,146,153,55,164,184,66,62,27,80,50,140,158,32,72,231,25,19,145,34,156,2,215,13,22,154,194,144,0,33,131
3,193,32,140,4,128,12,37,4,64,80,131,0,12,50,96,64,0,19,5,212,8,4,149,40,0,142,192,20,12,144,68
3,200,4,156,20,145,132,166,22,1,80,71,32,10,48,96,64,98,50,69,71,136,2,189,32,38,158,128,28,24,24,12
2,193,0,136,132,129,132,101,4,0,80,2,32,8,48,64,72,2,2,1,82,40,0,149,32,32,142,192,20,8,144,8
3,72,33,204,4,16,130,132,68,64,80,66,32,8,183,228,72,64,18,65,197,32,36,185,32,40,142,128,21,28,112,12
3,201,32,140,4,145,142,229,68,64,80,199,32,8,182,224,72,99,19,197,197,136,4,253,32,40,142,128,29,28,248,220
2,148,18,152,23,228,184,66,30,3,74,18,12,158,32,72,231,27,147,145,50,140,16,215,9,38,154,195,144,64,37,18
35,200,99,206,68,145,143,244,68,64,84,66,48,8,181,100,72,96,18,203,193,168,36,189,32,40,162,128,87,187,112,236
130,129,32,136,132,1,12,33,4,68,16,151,0,12,50,64,64,2,147,133,208,12,4,135,40,0,142,192,20,12,148,80
44,8,106,206,68,131,203,112,68,0,117,2,113,73,177,96,88,168,19,234,128,162,44,189,66,9,162,128,119,187,112,160
2,131,0,136,4,129,12,33,4,68,80,135,0,12,50,64,64,2,19,5,64,8,0,149,32,32,138,192,28,12,144,80
3,195,2,136,20,129,140,229,4,68,80,199,32,8,50,64,72,3,19,133,214,136,4,221,32,32,138,192,29,12,184,156
32,72,106,78,68,131,195,112,68,0,117,2,115,65,177,96,88,224,23,234,136,162,44,61,66,169,162,0,117,187,112,168
2,65,0,136,132,128,12,1,4,0,80,130,0,14,48,64,64,2,19,129,80,0,0,149,32,32,138,192,20,8,176,0
3,193,2,140,20,145,140,101,68,64,80,199,32,8,50,192,72,34,19,197,199,168,4,221,32,32,138,128,29,28,184,28
2,135,0,136,148,225,152,99,4,5,88,163,32,14,50,64,72,19,131,149,82,8,0,213,40,36,138,193,20,12,180,64
2,193,0,140,132,129,12,37,4,0,80,2,0,8,48,64,64,0,19,1,80,8,0,149,32,32,142,192,20,8,144,8
3,195,32,140,20,129,140,37,4,69,80,135,32,12,50,64,76,34,147,133,214,8,4,157,40,32,142,193,20,12,188,92
2,195,32,136,148,129,140,229,4,4,80,135,0,12,50,64,76,3,147,197,210,8,0,149,40,0,142,193,21,28,180,72
2,195,32,136,148,129,12,101,4,4,80,135,0,10,50,64,76,3,131,133,210,8,4,149,40,0,138,193,20,12,180,80
3,195,34,136,20,129,140,229,4,68,80,135,40,14,50,64,76,3,147,133,214,8,4,213,32,0,138,192,29,12,184,216
2,131,32,136,148,193,136,97,4,5,80,131,0,44,50,64,72,3,131,133,82,8,4,149,40,0,138,193,20,12,148,64
2,193,34,140,20,129,140,101,68,65,80,131,32,12,48,64,72,34,19,133,194,136,4,157,32,32,138,192,20,12,176,88
2,193,32,140,20,129,140,37,68,1,80,2,32,40,48,64,72,34,19,193,210,8,0,157,40,32,142,192,20,8,176,8
2,195,32,136,132,129,140,37,4,4,80,135,0,12,50,64,72,2,147,133,212,8,4,149,32,32,138,193,20,12,148,64
2,105,2,140,20,129,44,71,132,0,88,2,32,136,33,64,64,42,19,80,66,154,130,173,32,32,158,136,20,24,176,136
2,193,0,136,20,129,12,229,4,0,80,2,32,10,48,64,72,34,19,193,82,8,0,189,40,32,142,192,20,24,176,8
2,141,2,140,148,130,142,167,22,0,90,2,32,168,49,64,72,102,51,193,50,184,1,191,32,38,158,128,148,88,48,8
3,105,98,220,78,144,172,101,132,0,80,130,40,206,180,96,110,57,19,193,198,139,38,253,50,40,138,168,21,8,49,140
3,149,114,197,22,146,184,103,76,65,90,34,40,152,180,96,110,59,147,129,214,184,36,199,46,44,138,194,5,140,241,141
2,137,34,157,84,128,40,99,22,192,82,131,40,142,48,64,104,43,19,149,178,152,4,239,28,38,154,200,20,4,48,216
2,129,34,140,20,129,140,101,4,64,80,131,40,14,50,64,76,51,147,133,210,136,0,221,32,32,138,192,21,12,176,88
130,197,0,158,148,128,14,167,20,2,88,18,32,42,32,65,65,2,19,2,114,12,8,191,40,38,158,192,20,8,176,8
33,200,98,204,68,145,134,100,68,64,116,2,32,8,182,100,72,32,18,203,197,170,36,189,32,40,138,0,85,28,112,236
18,90,114,200,18,129,186,64,45,0,240,162,44,30,165,0,174,185,151,209,130,171,0,253,146,0,10,138,85,1,37,155
34,161,98,200,244,144,184,81,137,73,116,131,8,143,180,4,238,59,151,149,146,155,34,213,46,24,138,202,151,132,247,209
34,1,98,201,86,176,248,83,9,1,124,130,40,15,180,96,110,187,19,152,146,186,36,205,14,44,138,192,231,136,226,132
2,205,32,154,148,129,142,165,84,65,80,3,96,104,56,65,89,66,19,71,242,40,12,191,32,38,222,192,20,30,176,88
3,135,34,140,4,145,172,103,68,68,88,135,40,12,54,64,104,35,147,133,212,136,4,221,32,40,138,192,29,12,176,92
40,72,106,225,116,139,254,117,68,64,118,2,51,137,51,0,122,40,23,72,192,176,4,29,102,201,160,128,101,154,112,201
2,161,18,152,244,132,248,101,29,9,80,3,172,142,112,64,206,43,23,149,82,27,2,197,60,20,154,234,20,12,177,153
50,0,66,168,68,131,202,72,5,0,241,2,0,202,44,80,120,168,23,162,8,179,0,220,144,136,138,136,53,11,112,128
56,200,82,161,52,139,82,228,45,32,82,10,47,8,49,80,122,168,21,97,72,184,64,189,184,213,160,208,52,11,16,9
35,13,66,136,86,147,184,99,68,192,88,199,40,8,54,0,126,41,19,181,149,186,4,221,40,12,138,192,29,12,121,156
2,209,178,136,151,197,176,199,206,1,72,2,44,158,96,64,232,59,147,145,82,58,18,241,57,4,158,75,17,8,165,154
2,137,2,153,244,169,40,3,158,1,88,2,168,162,96,64,72,42,27,0,18,24,66,211,4,52,154,168,148,8,145,136
2,0,2,137,84,129,168,64,12,1,208,2,136,138,120,64,104,9,27,145,2,18,64,209,20,16,138,232,21,8,113,128
56,200,64,173,52,131,74,240,5,32,242,2,51,3,48,80,88,236,21,227,72,154,65,189,242,229,160,148,54,139,82,8
32,201,105,201,84,131,239,244,68,32,118,130,17,7,177,96,88,44,19,234,192,184,101,93,100,40,162,132,117,154,112,168
50,219,0,136,28,129,142,237,135,4,208,167,32,206,50,64,92,187,159,197,74,11,10,253,176,0,142,249,21,30,180,88
2,143,2,138,212,161,170,230,4,5,88,135,32,200,50,64,104,42,131,213,150,138,4,253,40,4,138,193,148,30,184,200
2,211,32,136,20,129,156,101,4,5,80,167,32,8,50,64,72,11,147,133,214,8,4,157,32,0,138,195,21,12,188,207
2,129,32,140,132,129,140,37,4,64,80,131,32,12,50,96,64,2,19,133,208,8,4,149,32,32,138,192,20,12,176,84
51,72,98,142,20,147,202,96,197,64,208,79,34,136,183,96,104,168,23,103,205,171,68,189,48,8,138,176,93,15,120,204
1,133,114,73,180,144,171,103,108,65,126,2,168,40,182,228,234,34,18,201,215,184,36,253,46,60,130,64,87,12,233,236
3,157,51,200,247,149,187,247,76,73,124,66,44,158,180,228,238,27,18,200,211,136,36,253,43,56,138,194,23,8,161,173
3,157,18,137,54,177,186,231,78,73,90,231,172,138,182,224,231,11,18,149,151,152,4,255,44,60,154,194,28,4,169,221
186,16,90,232,66,3,120,80,53,1,244,179,25,143,32,25,126,153,151,128,10,158,64,193,86,233,186,224,55,128,34,145
2,136,164,141,20,171,168,39,14,33,90,2,160,40,16,64,104,46,59,129,146,152,65,213,12,54,154,192,132,12,144,8
2,129,0,140,132,129,12,37,4,0,80,2,32,10,32,64,64,2,19,128,80,8,0,149,32,32,138,192,20,8,176,0
61,0,114,101,70,26,226,16,69,224,119,2,91,9,149,32,122,132,20,42,140,176,101,136,70,233,161,4,103,171,80,160
3,193,32,140,150,129,188,165,12,69,80,135,44,14,50,64,102,3,147,133,214,8,4,213,40,32,142,194,20,12,181,89
2,135,34,137,148,162,168,103,52,69,90,151,8,44,50,64,108,47,147,149,144,152,5,223,44,38,154,193,156,12,180,88
34,233,64,200,212,129,142,229,6,0,48,10,32,136,52,16,72,202,19,210,66,42,0,245,56,8,142,232,85,24,242,136
130,146,18,153,147,194,184,71,52,1,82,178,12,22,32,72,126,59,147,144,50,156,1,215,12,38,154,195,148,0,165,155
3,145,50,152,159,245,184,67,206,89,88,3,44,158,102,104,228,27,179,145,151,9,50,209,9,28,154,203,144,12,165,215
2,145,18,128,215,132,184,97,173,9,146,2,12,26,40,64,238,17,159,177,18,59,16,196,29,16,138,198,16,8,161,131
2,144,50,216,211,229,176,67,31,25,112,18,44,159,36,72,231,27,147,144,50,136,18,215,11,30,26,67,147,0,165,147
2,193,2,136,132,129,172,229,4,0,82,2,40,40,48,64,104,2,19,129,82,184,0,213,32,32,142,192,21,24,177,8
130,32,146,153,37,133,168,64,30,27,80,18,140,138,112,73,227,9,19,145,2,20,18,208,5,16,154,232,20,8,33,131
2,135,32,136,218,193,152,103,134,5,88,163,44,142,50,64,78,27,155,145,82,11,6,213,56,36,142,235,21,12,181,218
50,0,66,128,68,0,168,64,164,0,242,2,8,2,32,64,106,129,23,128,8,147,0,192,20,0,138,128,1,0,33,128
2,207,0,156,148,129,140,231,6,5,88,199,32,40,50,64,77,35,147,133,214,8,4,253,40,38,158,193,21,28,184,220
2,151,6,152,147,225,184,99,22,21,72,179,12,174,34,65,103,27,147,145,50,8,18,215,9,38,154,195,148,68,165,210
3,193,2,140,4,145,140,37,4,64,80,199,32,8,178,224,72,32,19,133,197,136,4,157,32,32,138,128,28,28,184,12
2,148,32,152,19,229,184,66,30,69,72,151,12,190,34,64,237,27,147,145,50,8,16,215,9,20,154,195,144,76,37,211
37,8,107,76,4,2,195,80,68,128,116,66,113,65,181,96,88,96,19,106,129,160,36,40,64,41,160,0,117,187,112,32
35,201,96,140,84,145,142,228,68,64,80,199,32,8,182,192,72,40,18,199,199,170,4,253,34,40,138,128,93,28,120,156
130,128,144,153,52,173,168,2,30,25,82,16,140,138,112,72,201,41,51,145,50,156,65,211,13,22,154,192,144,8,17,129
3,199,32,136,148,129,142,231,4,5,88,135,0,40,50,64,73,2,3,197,214,40,4,181,40,4,142,192,29,28,152,204
2,180,50,152,21,229,176,66,30,11,88,19,140,158,96,72,229,27,147,17,50,12,18,215,9,22,154,235,144,12,37,147
35,200,66,140,68,145,142,228,68,64,80,198,48,8,181,228,72,104,18,79,197,170,4,189,32,8,138,128,93,29,120,140
34,32,48,145,108,9,184,64,200,57,112,10,140,152,84,11,234,9,19,17,130,112,194,192,4,24,218,234,68,8,83,129
2,149,16,136,147,225,16,71,6,1,72,163,12,190,32,64,73,27,147,145,18,8,18,213,41,4,158,107,148,68,165,146
116,0,98,64,68,10,192,72,73,160,177,10,75,8,61,48,122,132,76,35,136,163,4,200,146,248,1,20,101,170,114,4
7,72,107,141,4,2,175,240,68,192,86,198,112,68,181,100,104,100,18,239,193,176,36,104,36,40,170,128,29,187,112,124
34,143,32,136,212,193,158,231,6,5,88,163,40,174,50,64,72,59,131,197,82,10,0,253,40,4,142,233,21,12,180,200
0,0,0,136,4,0,0,0,0,0,16,2,0,0,48,64,64,0,2,129,0,0,0,128,0,32,130,0,20,8,16,0
2,149,18,156,181,132,176,231,46,9,90,0,172,58,32,64,229,19,19,1,82,184,16,255,45,54,30,194,16,0,161,11
33,201,99,76,84,147,230,101,69,64,114,66,32,8,180,228,120,170,18,105,197,186,36,221,48,40,130,0,95,140,248,172
2,8,6,140,76,139,160,64,132,128,210,2,0,128,49,67,104,164,123,129,0,179,65,204,20,32,138,144,20,8,48,0
130,0,54,145,102,136,184,64,236,81,82,18,140,138,112,75,166,33,59,145,130,241,6,192,4,48,90,192,4,4,33,193
0,133,2,157,52,136,40,39,60,1,90,16,172,34,32,64,195,43,34,0,82,152,65,223,44,54,154,64,20,8,177,8
2,157,50,152,23,229,186,102,30,65,72,3,44,158,32,64,230,59,147,129,18,136,16,255,33,36,154,75,20,12,37,91
35,72,97,140,4,145,142,228,68,64,80,199,32,140,183,228,76,104,19,207,197,138,36,253,32,40,138,136,29,29,112,220
130,0,54,216,100,128,168,64,236,17,82,18,172,138,52,75,234,41,27,145,130,177,6,192,4,56,218,136,69,0,97,128
3,216,18,152,115,133,56,71,30,73,88,3,44,158,34,64,230,59,147,149,6,138,18,253,17,52,154,202,16,4,33,219
2,8,38,137,20,131,168,66,4,65,82,135,40,142,48,64,108,57,179,133,130,152,1,221,4,36,154,128,21,12,49,216
2,141,2,156,20,131,138,103,20,32,90,2,96,226,48,64,88,42,19,161,114,152,0,159,40,6,143,192,20,8,48,8
2,193,0,140,132,129,12,165,4,0,80,2,32,42,48,64,64,2,19,129,80,8,0,149,32,32,142,192,20,24,176,8
2,195,32,136,20,129,140,101,4,5,80,135,32,12,50,64,76,3,147,133,210,8,4,157,32,32,138,193,21,12,180,216
2,149,18,136,147,224,184,99,12,1,72,162,44,62,32,64,98,19,147,128,18,136,16,213,41,36,138,195,20,8,165,18
3,193,0,140,20,128,12,37,4,64,80,135,32,14,50,64,68,3,147,133,86,8,0,221,40,32,142,192,20,12,176,88
2,131,32,136,150,193,156,101,4,5,80,167,32,14,50,64,76,19,131,133,82,8,0,213,32,0,138,193,21,12,180,80
3,195,34,140,20,129,140,101,4,68,80,135,32,8,50,64,72,35,19,197,198,136,4,221,32,32,138,192,29,12,184,92
3,201,8,140,20,145,140,165,68,64,80,199,32,8,50,192,72,2,19,197,199,8,4,189,32,32,142,192,28,28,184,28
3,131,32,136,148,145,140,39,4,69,88,135,32,44,50,64,76,3,147,133,214,8,4,213,40,0,142,192,29,12,184,92
3,197,0,136,148,147,140,175,68,64,88,199,96,40,50,64,88,2,19,229,213,8,5,157,40,32,142,196,28,12,184,28
3,141,0,141,20,147,172,39,68,64,90,199,160,40,50,224,72,34,19,133,213,152,69,157,36,32,138,128,28,12,152,28
2,134,0,136,150,225,152,66,6,5,88,163,8,14,32,64,79,27,147,145,18,8,0,215,8,4,154,195,149,76,52,82
2,205,0,158,132,32,14,166,20,2,88,2,32,42,49,65,65,98,19,195,96,136,0,187,32,38,158,0,148,121,176,8
56,74,66,110,70,194,222,240,5,4,116,163,43,79,37,80,110,240,135,194,72,162,0,173,114,233,160,129,119,191,100,155
67,104,162,158,28,144,138,0,198,196,83,135,32,204,51,96,72,104,51,199,134,136,174,189,0,32,138,136,20,15,48,76
3,145,3,140,151,148,188,103,76,73,90,71,44,24,178,224,228,35,19,133,215,136,20,221,32,48,138,194,28,12,185,93
2,16,150,153,3,224,56,66,30,17,66,178,140,150,32,72,102,57,147,144,2,156,3,209,5,38,154,195,148,4,37,147
55,0,3,140,76,147,138,64,196,192,209,74,64,200,181,228,120,160,30,231,141,35,36,204,144,40,138,152,29,47,120,132
3,193,0,140,4,145,140,165,68,64,80,199,32,8,50,192,72,2,19,197,197,8,4,157,32,32,142,128,29,28,184,28
2,181,48,136,219,229,152,66,142,93,152,163,12,158,96,0,237,27,147,145,18,11,18,213,25,4,138,235,145,76,37,211
40,0,74,233,68,11,232,80,4,49,118,2,25,137,48,73,104,136,6,152,2,176,1,128,70,201,242,4,119,136,112,128
0,128,0,140,4,129,136,32,4,0,80,2,32,8,32,64,72,0,2,0,0,40,0,149,0,32,138,0,20,8,16,0
136,32,208,185,102,137,232,80,63,19,112,18,143,137,112,9,110,137,23,145,2,180,2,192,134,217,250,160,247,136,113,128
2,128,0,140,4,129,136,32,4,0,80,2,32,8,48,64,72,0,19,129,0,32,0,149,0,32,138,128,20,8,48,0
2,48,146,152,112,161,184,66,174,27,88,48,140,142,96,72,231,27,19,144,2,4,2,211,12,20,26,234,144,0,33,129
2,145,32,152,147,225,152,67,22,69,72,179,12,158,34,64,75,27,147,145,50,8,20,215,9,4,154,227,149,12,181,210
2,144,146,152,49,165,184,66,158,27,88,16,140,158,96,72,229,27,179,17,18,12,18,211,9,22,26,234,144,64,33,131
2,131,32,136,148,129,140,101,4,4,80,135,32,14,50,64,76,3,147,133,214,8,4,149,32,32,138,193,20,12,176,88
2,193,0,140,4,129,140,37,4,0,80,2,32,8,48,64,72,2,19,129,80,40,0,149,32,32,138,192,21,8,176,8
112,0,66,129,68,8,200,64,41,32,178,10,139,8,20,18,106,129,95,161,8,163,64,192,150,216,130,16,101,8,114,128
2,199,32,136,148,129,140,231,6,5,88,167,32,8,50,64,76,3,147,197,214,8,4,221,40,4,138,193,28,12,184,92
3,195,0,136,4,129,140,165,4,64,80,199,32,8,50,64,72,2,19,197,196,40,4,157,32,32,142,192,28,28,184,92
2,148,144,152,219,229,176,66,30,17,72,19,12,158,96,72,237,27,147,145,18,10,18,215,9,20,154,107,144,76,37,147
37,72,99,78,4,131,195,120,68,64,119,66,112,64,189,100,88,32,18,106,193,160,44,189,32,40,161,128,117,187,112,228
2,148,146,152,241,165,184,66,158,25,88,18,140,186,96,72,231,27,147,145,18,8,2,215,13,20,154,234,144,64,33,131
2,145,32,152,215,193,152,103,22,85,88,179,12,158,32,64,75,27,147,145,18,10,18,213,41,4,158,235,149,12,181,210
2,148,146,152,240,165,184,67,190,9,88,48,140,186,32,72,231,27,147,145,50,152,2,215,12,22,26,202,148,64,161,129
34,131,32,152,151,193,156,103,6,85,88,163,40,140,54,64,73,27,147,149,86,10,6,213,40,4,158,235,21,12,180,218
3,195,32,140,20,129,140,165,68,64,80,199,32,8,50,64,72,2,19,133,199,40,4,157,32,32,142,192,29,28,184,92
2,0,1,136,4,0,136,0,4,0,80,2,0,8,48,64,72,0,19,129,0,32,0,208,0,32,138,128,20,8,48,0
2,128,242,153,116,169,184,2,62,1,82,16,140,138,48,72,167,27,19,145,178,156,0,215,12,54,26,192,148,0,33,129
34,131,96,136,212,209,156,231,6,69,88,163,40,140,54,64,76,11,147,133,214,42,38,213,40,4,158,235,21,12,180,220
3,193,0,140,132,145,140,165,68,64,80,199,32,8,50,192,72,2,19,197,197,8,4,149,32,32,142,192,28,28,184,28
130,128,242,217,52,169,184,2,62,17,82,144,172,142,116,72,231,27,51,17,146,156,3,215,12,62,26,194,148,4,1,129
35,72,99,78,84,147,194,240,69,64,112,66,32,200,181,228,88,232,18,79,197,162,36,189,34,44,130,136,95,191,120,172
0,160,134,149,20,2,160,107,54,161,82,18,72,128,32,64,120,12,34,144,16,248,131,205,12,38,218,68,4,8,48,8
3,143,32,138,148,129,142,229,6,69,88,135,96,40,50,64,76,3,147,197,214,8,12,189,40,32,138,192,29,14,184,92
3,160,48,153,106,137,184,0,174,81,80,131,140,158,114,105,230,25,147,149,134,24,6,209,4,16,26,234,20,4,1,213
35,72,99,206,84,144,234,112,69,64,80,70,32,200,181,228,88,232,18,207,197,162,36,233,50,40,130,136,127,191,120,172
2,195,32,140,148,129,140,165,4,5,80,135,32,8,50,64,76,3,147,197,214,8,4,157,40,32,142,192,28,12,184,88
33,72,107,77,68,3,231,112,68,0,118,2,48,9,181,100,104,32,18,106,193,184,101,189,70,40,160,0,119,185,112,168
2,129,18,153,100,136,184,64,140,17,16,2,140,138,112,74,230,33,31,145,18,41,2,193,132,16,154,232,148,8,33,129
48,0,226,233,68,0,232,82,81,3,240,18,11,8,52,8,120,136,6,129,136,182,0,130,22,237,146,4,245,136,114,128
3,195,32,140,20,145,140,101,68,69,80,135,32,8,50,64,72,42,19,197,214,136,4,221,32,32,138,192,29,12,184,92
56,0,114,236,70,11,194,120,69,128,245,2,75,73,189,64,122,172,23,42,136,178,4,140,82,233,160,128,119,170,112,128
172,0,98,204,76,18,233,80,197,0,117,2,113,201,181,13,88,168,19,42,128,163,38,136,82,105,224,136,119,175,112,160
3,149,35,136,179,240,184,98,44,73,90,231,12,62,178,228,231,19,147,149,151,136,36,215,8,36,154,194,156,4,41,85
34,8,106,222,76,145,139,112,196,0,117,2,32,201,181,45,72,40,19,202,129,162,46,185,82,8,194,136,87,171,112,172
35,200,99,140,4,146,143,228,68,64,82,198,32,72,180,228,88,32,18,239,197,184,36,253,32,40,138,128,29,62,112,124
50,195,98,172,68,128,204,117,5,68,208,135,41,15,54,64,110,169,151,197,200,138,4,221,50,96,138,129,55,156,244,216
3,141,34,141,20,178,136,103,68,64,90,3,32,40,178,96,72,38,19,165,180,184,101,159,36,38,154,128,21,76,112,76
2,193,0,136,132,129,12,37,4,0,80,2,0,8,48,64,64,0,19,129,80,8,0,149,40,32,142,192,20,8,176,8
2,148,18,152,147,225,176,67,30,1,72,18,12,150,32,72,227,27,147,144,18,140,18,215,9,4,154,75,144,0,165,146
33,200,99,222,12,145,139,228,198,64,112,66,32,136,181,96,72,40,2,203,198,42,38,189,2,8,130,8,85,27,112,140
50,203,66,140,76,128,204,229,133,68,208,135,32,142,50,64,108,169,151,197,74,11,0,253,176,32,138,136,21,28,176,216
0,205,0,138,148,129,134,231,4,2,88,2,96,104,56,64,89,66,19,99,82,40,8,191,32,32,143,0,20,90,144,8
2,148,18,152,55,164,184,66,62,11,82,18,140,158,32,72,231,27,147,145,50,156,18,215,13,54,154,194,144,0,33,131
2,193,32,136,4,128,12,37,4,64,80,131,0,12,50,64,64,0,19,133,208,8,4,149,40,32,142,192,20,12,176,80
3,72,3,142,4,144,174,228,68,64,82,198,96,72,181,228,120,96,18,207,197,136,36,237,32,40,138,128,29,62,112,28
2,148,32,136,147,225,184,66,6,69,88,179,12,190,34,64,111,27,147,145,18,8,4,215,9,4,154,195,149,76,53,211
3,200,6,156,28,129,12,165,134,0,82,70,32,136,50,64,64,40,51,193,199,136,2,189,32,36,154,128,28,24,184,12
33,8,97,76,4,17,131,16,68,128,84,2,48,8,181,100,72,96,18,75,133,160,36,168,2,40,130,0,87,185,112,44
3,195,32,136,148,145,140,101,4,68,80,135,40,8,54,64,76,3,147,133,214,8,4,221,32,32,142,192,29,12,184,220
35,200,99,204,68,145,143,244,68,64,84,66,48,8,181,100,72,96,18,203,193,168,36,189,32,40,130,128,87,153,112,236
130,133,32,128,132,0,12,39,4,68,24,151,0,12,50,64,69,19,147,133,240,12,4,135,40,0,142,192,20,12,180,80
2,148,18,152,23,228,184,66,28,11,74,18,44,190,32,72,229,27,147,145,50,140,16,215,1,54,154,195,144,64,37,19
2,131,32,140,4,129,140,33,4,68,80,135,0,12,50,64,72,2,19,5,208,8,4,149,32,32,138,192,28,12,144,80
3,195,2,136,148,129,140,101,4,4,80,135,40,10,50,64,76,3,147,133,214,136,4,221,32,32,138,192,29,12,184,220
36,72,106,78,68,131,195,112,68,0,117,2,115,73,177,96,88,224,23,234,136,162,44,61,66,169,160,0,117,187,112,168
2,1,0,136,132,128,12,5,4,0,80,2,0,10,48,64,64,2,19,129,80,8,0,213,32,32,142,192,20,24,176,0
3,193,2,140,20,145,140,101,68,64,80,199,32,8,50,192,72,34,19,197,199,168,4,221,32,32,138,128,29,28,184,28
2,135,0,136,151,225,152,99,6,5,88,163,40,46,34,64,73,27,131,145,18,8,0,215,40,4,138,195,148,12,180,66
2,193,0,140,4,129,12,37,4,0,80,2,0,8,48,64,64,0,19,1,80,8,0,149,32,32,142,192,20,24,144,8
2,131,32,140,20,129,140,37,4,68,80,135,32,44,50,64,76,35,147,133,214,8,4,221,32,32,138,193,20,12,180,92
2,131,32,136,148,129,140,231,4,4,88,131,32,12,50,64,76,3,147,133,210,8,4,149,40,0,142,193,21,12,180,72
3,195,2,136,20,129,140,229,4,68,80,135,40,14,50,64,76,1,147,133,198,8,4,213,32,0,138,192,29,12,184,216
2,195,32,136,148,129,140,101,4,4,16,135,0,8,50,64,76,2,147,133,210,8,4,149,40,0,142,193,20,12,148,64
2,193,34,140,20,129,140,37,68,65,80,131,32,12,48,64,72,34,19,133,194,136,4,157,32,32,138,192,20,12,176,72
2,193,32,140,20,129,140,37,68,1,80,2,32,40,48,64,72,34,19,129,210,40,0,157,40,32,142,192,20,8,176,8
2,195,32,136,132,129,140,37,4,4,80,135,0,12,50,64,76,2,147,133,212,8,4,149,32,32,138,193,20,12,148,64
0,105,2,140,20,129,46,71,134,0,88,2,32,136,32,64,72,42,2,64,66,184,2,189,32,36,158,8,20,24,176,136
2,193,0,136,20,129,12,229,4,0,80,2,32,10,48,64,72,2,19,193,82,8,0,189,40,32,142,192,20,24,176,8
2,141,2,141,148,131,142,167,20,0,90,2,32,168,49,64,72,106,51,129,114,184,1,191,40,36,142,128,149,8,48,8
3,133,114,205,22,146,184,103,68,65,90,2,40,136,180,96,110,59,147,129,214,184,37,199,46,44,138,194,5,140,241,141
34,105,98,204,78,144,170,100,132,0,80,131,40,142,180,96,78,57,19,197,192,138,38,237,50,40,154,168,21,140,49,156
2,133,34,140,20,129,140,103,4,64,88,135,40,14,50,64,76,51,147,133,210,136,0,221,32,32,138,192,21,12,180,88
2,205,0,158,148,128,14,167,20,2,88,18,32,42,32,65,65,2,19,130,114,12,8,191,32,38,158,192,20,24,176,8
32,0,226,204,84,162,160,70,196,1,120,2,40,200,52,64,120,168,23,145,138,179,4,205,48,44,138,0,213,10,112,136
2,57,86,137,90,128,184,96,172,128,112,163,44,142,32,64,110,57,147,208,2,155,2,253,20,0,10,138,21,4,37,217
33,200,98,204,68,145,134,228,68,64,116,2,32,8,182,100,72,32,18,203,197,170,36,189,32,40,138,0,85,28,112,204
18,26,114,200,18,193,184,64,140,0,208,162,44,158,37,0,46,185,159,193,128,171,4,220,146,0,10,139,85,1,37,155
18,26,114,200,18,211,152,64,13,68,214,163,44,30,165,32,110,185,151,145,140,163,36,204,146,64,10,131,117,12,37,223
32,13,114,205,86,162,168,66,68,1,120,2,40,10,52,64,106,171,2,144,146,186,0,205,20,44,138,64,213,8,99,136
34,1,66,201,244,128,232,67,137,1,120,130,172,142,52,64,78,187,19,145,18,154,66,197,14,60,138,200,149,136,243,128
3,135,34,140,148,145,140,103,68,68,88,135,40,44,50,64,104,3,147,133,212,136,4,213,32,32,138,192,29,12,176,92
3,201,36,154,28,129,142,228,150,81,80,131,96,236,58,65,89,99,51,199,214,8,14,181,40,38,222,192,20,30,176,88
24,88,122,229,118,139,122,84,100,64,118,34,63,25,49,32,250,169,23,105,192,176,4,157,226,201,162,128,55,152,112,201
52,0,66,136,68,131,202,72,5,0,241,2,0,202,45,80,120,136,23,162,8,179,0,220,16,136,138,8,117,139,112,128
16,8,50,164,54,139,82,224,237,32,210,10,175,8,49,64,242,160,29,97,136,185,0,189,176,209,138,18,52,9,17,9
3,11,66,136,86,131,186,99,6,4,88,135,40,200,55,0,126,41,19,149,134,170,4,221,40,12,138,128,29,12,121,156
0,137,0,153,84,169,40,3,30,1,88,2,168,162,96,64,72,42,27,128,18,24,64,209,4,52,154,40,148,72,16,136
36,0,32,137,68,129,168,64,76,0,208,2,136,138,120,64,120,137,23,145,130,50,64,208,20,0,138,104,21,8,113,128
120,8,66,173,52,138,74,48,37,32,242,10,39,2,49,80,216,172,21,99,72,154,64,189,176,241,138,144,52,171,82,8
40,72,106,109,84,131,107,180,68,32,118,2,113,3,177,96,88,172,23,234,200,176,97,61,102,169,160,128,119,155,112,168
50,219,0,136,28,129,158,229,135,68,208,167,32,206,34,64,76,171,159,197,74,11,10,253,176,4,142,249,21,30,180,88
34,143,66,152,84,129,170,198,6,5,88,135,32,232,50,64,108,42,131,213,2,138,0,253,40,4,158,193,149,12,244,200
2,135,0,136,183,193,152,99,14,13,88,163,12,14,32,64,204,27,131,129,82,8,0,213,41,20,138,195,21,12,181,211
3,129,32,140,132,129,140,37,4,64,80,131,32,12,50,96,64,2,19,133,212,8,4,149,32,32,138,192,20,12,176,84
3,141,114,200,244,148,190,247,76,73,124,2,168,138,180,100,238,43,18,200,215,184,36,253,46,56,130,194,23,128,225,173
58,203,98,172,84,131,206,117,5,68,212,167,33,141,54,64,92,168,151,229,204,154,4,157,242,65,168,137,55,156,116,216
42,203,106,140,84,211,173,117,4,68,84,167,41,13,182,68,76,40,147,237,192,186,36,221,98,41,170,129,55,156,244,248
2,128,132,141,20,163,168,35,14,33,90,2,160,40,16,64,104,14,59,129,18,152,65,213,12,38,154,192,20,12,16,8
2,129,0,140,132,129,12,37,4,0,80,2,32,10,32,64,64,2,19,128,80,8,0,149,32,32,138,192,20,8,176,0
3,209,32,136,22,129,156,229,14,69,80,167,44,12,50,64,102,3,147,197,214,8,4,221,40,32,142,194,20,12,177,93
3,158,50,152,54,177,184,230,94,77,88,231,172,138,50,192,231,43,147,149,150,152,4,255,44,22,154,194,156,4,41,221
186,16,74,233,66,3,120,80,21,1,244,179,25,15,36,89,126,153,151,132,10,158,64,209,86,201,186,224,55,136,38,145
34,233,64,136,212,129,142,229,6,0,48,10,32,136,116,16,72,202,2,83,66,42,0,181,56,8,142,232,85,24,210,136
130,146,2,153,18,194,56,71,60,5,82,179,12,6,32,72,127,59,147,144,50,156,1,223,12,38,154,195,148,4,165,219
3,145,50,152,253,181,184,66,206,89,88,39,140,158,118,104,230,27,155,21,151,9,50,209,13,20,26,234,144,12,33,199
18,145,50,129,215,197,184,97,172,25,18,2,140,30,104,65,238,17,155,145,82,27,16,212,149,16,138,206,17,8,161,147
3,65,99,204,84,18,174,116,68,64,80,70,40,200,181,228,120,40,18,239,197,178,36,205,48,40,138,136,31,190,120,172
2,144,54,216,115,229,176,67,30,25,112,48,172,159,36,72,231,27,147,144,146,152,18,213,15,30,26,194,146,0,161,147
2,193,2,136,148,129,172,229,4,0,82,2,40,40,48,64,104,3,19,129,80,168,0,221,32,32,142,192,21,24,177,8
130,32,18,153,37,133,168,64,158,27,80,18,140,138,112,73,227,9,19,145,2,20,2,208,5,16,218,168,16,8,49,131
2,203,32,136,158,129,140,231,6,5,88,167,40,138,50,64,76,43,147,197,214,10,6,245,40,36,142,233,21,12,188,220
50,0,66,128,68,2,232,64,37,0,242,2,12,10,32,80,106,129,23,160,8,179,0,192,144,160,138,128,65,8,96,128
2,149,6,152,147,225,184,99,30,21,72,179,12,190,34,65,231,27,147,145,50,136,18,215,9,38,154,195,148,68,165,210
3,192,3,140,4,145,140,37,68,64,82,199,32,8,180,224,72,32,18,197,197,136,4,157,32,40,138,128,28,28,248,92
130,133,32,152,151,225,152,99,22,69,88,183,8,174,50,64,79,27,147,149,54,8,20,215,40,4,154,195,149,12,181,214
60,8,107,108,68,2,203,80,68,128,119,2,81,73,177,96,88,228,23,234,137,176,36,8,66,169,161,0,119,171,112,160
35,201,96,140,84,145,142,228,68,64,80,199,32,8,182,224,72,40,18,199,199,170,4,253,34,40,138,128,93,28,120,140
130,160,128,153,36,173,168,2,30,25,82,16,172,138,112,72,193,9,19,145,50,220,67,209,12,22,154,192,144,8,17,128
3,207,32,136,148,129,142,231,70,5,88,199,32,40,50,64,72,66,19,197,214,40,12,181,40,4,142,192,29,28,152,92
2,180,178,152,53,229,184,66,30,27,88,18,140,158,96,72,229,27,147,17,18,12,18,215,9,22,26,235,144,12,37,147
35,200,66,142,68,145,142,228,68,64,80,70,48,8,181,228,72,104,18,79,197,170,4,189,32,8,138,128,93,31,120,140
2,149,0,136,147,225,144,103,6,5,72,163,8,190,96,64,75,27,179,145,18,8,18,213,41,4,158,107,148,76,180,82
34,32,116,129,108,9,248,64,73,48,48,10,140,8,84,11,234,9,83,17,130,50,195,192,20,24,154,170,69,8,83,129
52,0,98,100,4,26,194,88,73,128,177,10,75,73,189,16,122,132,68,34,136,163,36,136,146,232,129,28,103,171,114,0
3,72,107,205,4,2,235,48,68,192,86,198,112,68,183,100,120,100,18,239,193,176,37,104,36,40,170,128,109,187,112,124
34,143,32,136,212,193,142,231,6,5,88,163,32,174,50,64,72,59,131,197,82,10,4,253,40,4,142,233,21,12,180,200
114,0,70,129,64,2,104,64,173,160,178,2,140,2,32,91,110,165,95,128,8,147,128,192,148,32,138,128,37,32,34,0
0,0,0,136,4,0,0,0,4,0,16,2,0,0,32,64,72,0,19,0,0,0,0,128,0,0,130,0,20,8,48,0
2,157,18,140,181,132,176,231,46,9,90,0,172,186,32,64,228,59,147,1,82,184,0,255,45,54,26,194,16,0,161,11
33,201,99,77,84,147,239,117,69,64,114,66,40,8,180,228,120,170,2,232,193,186,36,253,52,40,130,0,87,136,112,172
130,0,54,145,102,136,184,64,188,19,82,18,140,138,112,75,166,41,59,145,162,213,2,192,4,48,90,192,132,4,33,129
192,8,6,157,4,138,168,64,164,128,210,2,32,136,33,75,104,36,106,0,0,185,3,204,20,32,218,0,4,8,48,8
0,133,2,157,180,136,40,39,62,1,90,0,172,42,32,64,195,43,34,0,18,152,1,223,44,52,154,64,20,0,177,9
2,157,50,152,23,229,186,198,30,65,72,3,44,158,32,64,230,59,147,129,18,136,16,255,33,52,154,203,20,12,37,219
