2,131,2,136,144,192,12,103,4,5,88,131,32,14,32,64,76,19,131,132,82,8,0,221,40,32,138,193,20,12,180,88
2,202,128,158,20,192,10,164,22,5,80,131,96,110,50,64,65,98,179,199,98,72,8,191,8,38,222,129,20,14,52,72
55,2,66,140,76,2,202,64,133,132,209,135,66,74,51,64,120,160,23,231,140,163,4,204,144,32,139,152,29,47,120,208
7,2,38,158,12,145,136,72,198,68,83,7,96,200,59,64,88,40,51,71,134,128,14,157,0,32,139,136,28,47,56,68
2,193,0,136,144,129,12,101,4,64,16,131,8,14,48,64,68,19,147,133,80,8,0,213,40,0,142,192,20,12,144,80
35,9,99,78,4,147,142,97,68,64,113,70,96,72,181,228,88,32,18,47,197,160,36,157,34,40,130,128,95,174,120,228
0,129,0,136,132,129,4,37,4,0,80,2,0,0,32,64,64,2,2,0,80,8,0,149,32,32,134,64,20,24,144,8
2,128,32,136,4,129,8,32,4,64,16,131,0,12,50,64,64,0,19,5,128,0,4,149,0,32,138,192,20,12,16,64
0,129,0,136,4,129,4,37,4,0,0,2,0,0,32,64,64,2,2,0,80,8,0,149,32,32,134,64,20,8,144,8
2,149,18,152,219,229,176,103,158,17,72,18,44,190,32,65,236,27,147,129,18,10,18,213,25,32,154,75,17,8,165,154
35,77,67,142,84,147,130,230,68,64,88,66,32,200,181,228,72,106,18,79,199,170,36,189,34,44,130,128,93,31,120,140
52,1,74,200,84,131,235,113,4,128,117,2,81,201,177,16,120,168,6,106,88,178,32,28,114,169,160,8,117,171,112,160
3,193,0,140,4,144,140,165,68,64,80,71,32,8,50,192,64,66,19,197,197,40,4,181,32,32,142,128,28,28,152,12
33,72,106,77,4,19,227,112,68,128,116,2,48,9,181,100,88,32,18,106,193,184,37,173,66,40,160,0,119,185,112,172
6,152,146,152,225,133,184,203,190,25,80,0,172,222,105,72,247,27,51,16,18,24,2,209,13,20,26,206,144,0,33,131
3,195,0,140,20,129,12,165,4,69,80,135,32,40,50,64,72,2,19,197,214,8,4,157,32,32,142,192,28,12,152,24
6,156,18,152,147,227,186,207,22,1,72,179,12,222,40,72,119,27,147,145,50,12,2,215,8,6,154,199,148,1,165,146
3,193,2,140,4,145,4,37,68,64,80,71,32,8,50,96,64,32,18,5,197,136,4,157,32,32,138,128,28,28,184,12
2,132,34,153,52,168,168,35,124,65,90,16,172,40,50,64,193,34,19,1,178,184,4,223,36,54,154,192,148,12,49,72
2,132,0,140,20,35,128,47,22,35,88,18,32,32,32,64,81,38,2,32,48,136,1,159,40,38,155,196,20,8,144,8
32,8,106,206,68,131,195,112,68,0,117,2,112,73,181,64,88,32,2,106,192,162,32,189,66,40,162,0,117,171,112,168
2,147,0,136,146,225,152,98,4,1,88,163,8,62,32,64,78,19,147,145,18,8,0,213,8,0,138,195,20,8,37,147
2,193,0,136,20,129,140,165,4,0,80,2,32,10,48,64,72,2,19,129,82,8,0,149,40,32,138,192,20,8,144,8
2,193,0,136,148,129,132,37,4,0,80,2,32,32,32,64,72,2,19,0,80,8,0,149,32,32,142,192,20,8,176,8
0,193,0,140,132,129,12,37,4,0,80,2,0,8,32,64,64,0,2,0,80,8,0,149,32,32,142,64,20,8,144,0
2,148,2,136,147,224,24,98,4,1,88,162,44,38,32,64,103,19,147,144,18,136,16,215,8,36,138,195,148,68,53,18
3,192,33,204,4,145,132,228,68,64,80,66,32,8,180,228,72,32,18,73,197,168,36,157,32,40,138,128,85,24,248,140
60,0,106,238,68,2,194,80,68,0,113,2,83,73,57,64,88,160,6,34,136,178,0,136,66,233,160,0,119,170,112,128
2,20,18,136,183,164,56,66,14,75,88,115,12,62,32,64,231,19,19,149,18,12,0,215,9,6,154,194,148,68,41,19
2,149,49,136,151,225,153,98,4,1,88,98,12,58,32,64,102,19,147,129,146,8,0,213,8,32,138,194,149,76,37,35
128,132,2,153,52,168,40,2,60,3,82,82,140,2,32,64,227,2,19,0,34,156,0,215,4,54,26,64,156,0,57,0
2,147,24,136,146,128,157,113,4,0,84,162,56,55,32,64,78,19,147,129,82,8,0,213,96,32,170,192,21,128,165,179
0,0,0,128,4,0,8,0,4,0,16,2,0,8,32,64,64,0,2,0,0,0,0,128,0,0,138,0,20,8,16,0
2,149,16,136,147,192,24,167,4,1,72,162,44,54,32,64,66,19,147,129,82,8,0,213,40,32,138,195,20,8,165,26
48,0,0,129,68,8,232,64,9,32,16,10,8,10,0,0,106,137,6,128,0,50,64,192,148,0,138,32,5,8,18,128
44,0,106,236,84,2,224,80,68,128,117,2,17,137,53,0,88,168,2,170,128,178,0,140,82,169,162,0,117,170,112,128
3,129,32,140,132,1,12,37,4,68,80,135,0,8,50,64,64,2,19,5,212,8,4,149,32,32,138,192,28,12,184,84
33,236,96,216,84,147,138,238,86,0,52,2,32,200,180,37,89,104,2,105,231,42,44,191,40,14,143,100,85,12,82,172
2,148,32,136,147,229,152,66,6,1,72,147,12,62,48,64,237,19,147,145,50,8,16,215,9,6,154,194,149,4,49,210
0,132,2,157,52,160,40,2,60,1,90,16,168,34,32,64,67,35,19,144,50,152,0,223,4,54,154,64,148,0,49,0
26,217,18,170,119,193,94,245,5,8,208,34,44,151,32,80,110,187,151,194,90,10,8,253,178,225,174,203,54,2,165,155
37,0,99,73,68,155,225,88,205,64,117,66,72,200,189,164,120,40,18,46,129,176,38,204,6,56,130,8,87,175,112,228
3,193,0,140,148,129,12,165,4,64,80,199,32,40,50,64,64,34,19,197,215,8,4,157,32,32,142,128,28,28,184,92
66,149,18,136,211,228,184,103,14,1,72,19,12,182,32,64,231,27,147,145,18,10,16,215,57,52,154,107,144,68,165,146
130,32,144,153,37,141,184,64,158,27,16,16,140,138,100,11,135,9,23,17,34,100,2,208,132,24,90,234,144,8,33,129
56,0,106,64,68,18,200,80,65,160,242,10,27,9,148,16,120,132,21,160,136,178,97,192,210,233,160,20,103,136,114,0
130,50,176,152,34,229,184,66,30,95,80,183,140,142,98,73,231,25,147,145,162,68,2,210,1,18,154,235,144,12,37,209
2,16,16,137,74,1,184,64,140,16,208,162,140,158,96,74,110,153,155,129,2,18,67,192,20,0,138,170,21,8,33,129
2,32,2,136,78,1,136,72,6,32,208,2,8,130,120,9,90,9,19,177,2,19,3,208,20,0,154,236,21,8,48,128
4,32,134,136,12,3,0,72,6,177,81,2,0,192,120,8,88,12,34,177,2,210,131,144,8,0,139,108,21,8,16,128
2,149,16,136,149,133,144,231,14,9,88,0,44,176,32,64,197,27,179,16,82,8,2,191,41,52,30,226,16,8,161,11
3,128,98,137,22,179,184,66,92,65,88,199,168,8,54,96,110,43,18,133,135,184,36,221,4,12,154,192,93,12,57,205
131,141,114,137,22,147,168,102,84,65,120,2,168,8,182,96,106,43,18,129,167,184,37,255,36,12,138,192,85,12,113,204
3,195,32,136,148,129,12,165,4,5,80,135,32,40,50,64,64,2,147,133,214,8,0,157,40,32,142,192,28,28,144,88
2,131,2,136,144,192,12,103,4,5,88,163,32,14,32,64,76,19,131,132,82,8,0,221,40,32,138,193,20,12,180,88
2,131,0,136,148,129,140,101,4,4,80,135,32,14,50,64,76,3,147,133,82,8,0,213,40,32,138,193,21,12,180,72
54,90,66,174,67,194,90,96,5,4,240,163,43,70,33,80,94,249,135,227,72,130,0,189,144,224,138,139,117,191,36,154
2,202,128,158,20,192,10,164,22,5,80,131,96,110,58,64,81,98,147,199,98,72,8,191,40,38,222,129,20,14,52,72
2,16,146,153,3,192,184,64,6,17,64,178,12,150,104,72,102,25,179,144,2,148,2,208,21,0,154,199,148,0,37,147
54,10,98,142,68,131,202,64,5,132,209,135,98,74,51,64,120,169,23,231,140,163,12,204,144,32,139,152,53,47,116,192
7,0,34,138,76,129,170,72,132,68,209,135,64,200,51,64,88,40,27,231,132,3,14,216,16,32,139,184,29,47,56,212
7,2,38,142,12,145,136,72,134,68,83,7,96,200,51,64,88,40,51,71,198,128,14,157,0,32,139,136,28,47,56,68
2,193,0,136,148,129,12,229,4,64,16,131,8,14,48,64,68,19,147,197,82,8,0,213,40,0,142,192,20,12,144,80
2,193,0,136,132,129,140,101,4,0,80,2,0,10,48,64,64,0,19,129,80,8,0,149,40,0,142,192,20,8,176,0
35,9,99,14,84,147,142,97,68,64,81,70,96,72,180,228,88,32,18,239,197,160,44,189,34,40,138,128,95,175,120,132
3,193,0,140,4,144,140,165,68,64,80,199,32,8,50,192,72,0,19,133,197,8,4,157,32,32,142,128,28,28,184,28
0,193,0,136,4,129,132,37,4,0,80,2,32,8,48,64,72,0,2,129,80,40,0,149,32,32,130,0,20,8,144,8
2,0,98,204,4,0,128,0,68,64,82,2,32,8,52,64,72,32,2,1,128,160,4,137,0,40,138,128,85,12,112,64
0,193,0,140,4,129,132,37,4,0,64,2,0,8,48,64,72,0,2,1,64,40,16,149,32,32,130,64,20,8,144,8
56,0,96,225,4,18,200,80,65,32,246,2,11,9,156,32,120,132,21,169,136,178,101,128,210,233,160,132,103,140,112,128
3,131,32,136,132,129,140,37,4,4,80,135,32,40,50,64,72,2,147,133,212,8,4,149,32,32,142,192,28,12,184,92
3,193,0,140,4,145,140,165,68,64,80,199,32,8,50,64,72,32,19,197,197,40,4,157,32,32,142,192,29,28,184,28
2,149,16,152,219,229,176,99,158,17,72,18,12,190,32,64,237,27,147,144,18,10,18,213,9,20,154,107,144,8,165,146
2,129,32,136,4,129,140,37,4,0,80,130,32,14,48,64,72,2,19,129,208,8,4,149,32,32,138,192,20,12,176,8
2,149,18,152,219,229,176,103,158,17,72,18,44,190,32,65,236,27,147,129,18,10,18,213,25,48,154,75,17,8,165,154
0,132,66,153,116,168,168,35,188,1,122,18,172,42,32,64,107,35,6,128,50,188,0,223,12,54,146,64,132,0,225,136
33,13,67,78,84,147,130,96,68,64,120,66,32,200,181,228,88,106,18,75,133,170,36,189,32,12,130,0,95,175,120,172
50,0,198,245,84,130,72,103,21,161,242,18,43,9,52,80,120,173,53,128,56,250,1,204,154,238,146,128,103,136,112,8
2,149,102,152,219,224,184,103,132,81,200,179,44,190,38,65,238,155,179,129,18,11,18,213,57,32,154,203,21,4,165,218
60,65,74,232,84,131,75,113,4,128,117,2,83,201,177,16,120,168,6,232,88,178,32,12,114,169,160,0,117,170,112,160
74,32,102,69,76,147,233,80,103,224,86,130,25,141,180,100,108,44,55,136,128,184,167,192,86,105,178,192,39,132,112,236
56,65,98,224,212,2,202,84,65,1,240,10,11,10,52,16,120,137,6,241,216,187,0,132,178,201,162,64,101,136,242,136
6,137,80,131,108,137,186,192,172,17,81,2,172,202,120,64,238,41,19,209,66,24,130,225,12,16,138,232,20,10,49,137
3,201,33,140,4,145,142,164,68,64,80,66,32,8,182,228,72,64,18,71,197,40,36,189,32,40,142,128,29,28,248,76
6,184,146,152,99,133,184,201,190,25,80,2,172,222,104,72,231,57,179,17,18,24,18,209,13,16,26,238,144,0,33,131
40,8,106,79,68,3,227,112,68,128,119,2,113,9,181,96,104,160,19,106,128,176,101,172,70,41,162,0,119,171,112,168
4,205,130,150,148,2,46,166,20,131,82,18,64,106,41,73,121,102,2,242,112,248,9,238,40,38,223,68,132,123,176,0
2,148,144,137,147,227,184,203,30,1,72,179,12,158,33,72,119,27,147,145,18,142,16,215,9,4,154,199,149,68,165,155
50,0,98,169,68,2,224,64,81,3,240,2,3,8,52,8,104,136,23,129,136,178,0,192,150,236,146,128,245,136,114,128
3,201,0,140,20,145,140,229,68,64,80,199,32,8,50,192,72,34,19,197,215,40,4,157,32,32,142,128,29,28,152,28
6,142,2,136,146,227,186,207,22,5,88,163,12,142,32,64,127,27,131,145,18,24,1,223,40,6,154,199,149,68,165,211
44,0,106,236,68,131,203,80,197,128,117,2,113,201,181,8,88,168,19,170,128,162,4,136,82,169,160,136,119,171,112,128
3,149,50,136,151,240,184,34,4,73,90,34,44,30,38,96,103,19,147,145,151,136,52,213,9,36,138,195,149,4,37,87
35,200,99,204,76,145,134,228,68,64,208,66,32,136,181,228,72,232,18,203,197,43,36,253,48,40,138,136,85,29,120,236
2,132,34,141,52,168,168,35,108,65,90,18,172,40,50,64,227,34,19,1,146,184,4,223,4,54,26,192,148,12,49,73
2,132,0,141,20,3,132,47,20,35,90,18,32,32,32,64,81,38,19,32,112,152,1,159,40,38,155,196,20,72,176,8
2,148,18,136,19,225,184,66,6,1,72,130,12,158,32,64,239,27,147,145,18,136,16,215,9,4,154,195,149,4,37,146
56,0,106,238,84,131,194,112,68,0,117,2,115,201,53,64,88,168,6,106,200,178,0,156,82,233,160,8,119,171,112,128
2,0,22,153,100,128,168,64,172,16,82,2,140,138,48,73,110,41,19,129,2,144,2,209,4,16,138,200,20,8,33,129
2,193,32,136,20,129,140,229,4,65,80,131,32,12,48,64,72,2,19,133,194,8,4,157,32,32,138,192,21,12,176,88
2,193,0,140,20,129,140,229,4,0,80,2,32,8,48,64,72,2,19,193,66,40,0,149,40,32,138,192,20,8,176,8
2,193,0,136,148,129,140,165,4,1,80,2,32,2,32,64,72,2,2,128,80,8,0,157,32,32,142,192,20,8,176,8
0,193,0,140,132,129,12,37,4,0,80,2,0,8,32,64,64,2,2,0,80,8,0,149,32,32,142,64,20,8,144,0
2,135,2,136,146,224,136,99,4,5,88,163,8,46,48,64,78,19,147,133,18,136,0,213,8,36,138,193,20,12,181,80
2,131,32,140,148,129,140,37,4,68,80,135,32,44,50,64,72,2,147,133,214,8,4,157,32,32,142,193,20,12,148,72
44,0,106,206,68,130,235,80,68,128,119,2,113,73,189,96,88,160,19,234,128,178,44,12,66,169,162,128,117,171,112,128
44,8,106,110,68,130,235,80,68,128,119,2,83,73,177,64,88,160,6,234,136,178,36,12,66,169,162,0,117,171,112,160
3,192,0,140,4,145,140,165,68,64,80,199,32,8,50,192,64,64,19,197,197,8,4,157,32,32,142,128,28,28,184,12
2,147,57,136,146,225,153,99,4,65,88,162,4,46,32,64,78,19,147,129,82,8,4,213,104,32,138,195,21,8,181,51
51,192,96,136,4,145,142,228,68,68,80,135,33,8,54,64,72,0,19,197,199,42,36,189,32,104,138,128,29,28,248,220
3,132,19,136,54,168,184,2,44,3,90,82,140,10,48,192,227,3,19,17,55,156,0,215,4,54,26,194,156,64,41,1
3,195,32,136,132,129,12,37,4,4,80,135,0,10,50,64,72,2,19,133,212,8,4,149,40,32,142,192,28,12,152,80
3,193,32,140,4,144,140,37,68,64,80,7,32,8,50,96,64,2,19,133,196,40,36,157,32,32,138,128,20,28,144,76
26,209,2,168,2,128,28,117,4,0,80,167,57,7,32,64,76,155,151,132,90,136,0,157,224,225,170,192,55,132,176,216
0,0,0,136,4,1,0,0,4,0,16,2,0,0,48,64,64,0,2,129,0,0,0,128,0,32,130,0,20,8,16,0
7,205,32,128,132,32,142,167,68,64,24,135,0,40,50,64,64,66,19,199,213,8,12,160,40,0,142,192,28,93,184,84
3,193,0,140,132,144,140,165,68,64,80,71,32,40,50,192,64,2,18,197,213,40,4,157,32,32,142,128,28,28,184,76
2,131,0,136,148,193,136,33,4,5,16,131,0,44,50,64,76,3,147,149,18,8,0,149,40,0,138,193,148,12,148,64
3,201,32,136,20,129,142,229,68,64,80,199,32,8,50,64,72,2,19,199,215,8,4,189,32,32,142,192,28,28,184,28
3,195,32,136,148,129,140,37,4,68,80,135,0,8,50,64,72,0,19,5,214,8,4,149,40,0,142,192,28,12,152,80
2,131,0,136,148,129,140,229,4,5,80,167,32,14,50,64,76,19,131,197,82,8,0,253,40,0,142,193,20,12,180,72
2,149,16,136,147,192,56,39,14,1,72,34,44,54,32,64,98,19,147,129,82,8,16,221,41,36,138,195,20,0,165,26
114,0,64,128,68,8,232,64,9,0,176,10,12,8,16,2,42,129,23,129,0,34,0,192,148,0,138,168,69,8,113,128
2,149,16,136,147,193,24,103,14,1,72,3,44,54,32,64,231,19,147,145,18,8,16,213,41,36,138,195,148,4,165,26
60,0,98,225,68,2,232,80,65,160,118,2,81,9,188,64,120,164,23,168,136,176,1,128,66,233,160,132,103,170,112,128
130,197,0,154,148,128,14,167,20,0,89,18,32,8,48,65,65,34,19,131,114,140,8,191,40,32,142,192,20,24,176,8
2,129,0,140,20,128,132,101,4,1,80,2,32,8,48,64,72,34,19,65,82,40,0,157,32,32,142,128,21,8,176,8
56,0,66,232,84,3,224,80,4,128,112,2,19,8,48,0,120,168,6,177,8,178,0,140,82,233,162,0,101,136,112,128
3,201,38,154,28,129,142,228,150,81,80,135,96,76,58,64,89,98,19,69,214,8,14,253,40,6,223,192,21,30,176,88
3,131,32,140,132,128,12,37,4,68,80,135,32,12,50,64,68,2,19,133,212,8,4,149,32,32,138,192,28,12,184,88
33,232,96,216,84,147,138,238,86,96,116,2,32,200,182,37,89,40,2,107,231,42,44,191,40,14,159,100,85,12,80,140
33,200,98,204,20,145,130,228,68,0,80,2,32,8,180,96,72,40,19,65,198,170,36,189,34,40,138,64,85,136,112,140
35,72,97,140,68,145,142,100,68,64,80,66,32,8,181,224,72,40,19,197,197,162,4,189,32,40,138,128,93,28,120,140
2,148,32,152,147,229,152,66,22,65,72,19,12,158,48,64,237,27,147,145,50,8,16,215,9,6,154,195,149,12,53,210
82,219,2,138,26,129,62,229,134,1,208,163,40,198,32,64,102,155,191,192,74,11,10,245,184,36,142,202,20,26,165,27
3,193,32,140,4,129,140,37,68,64,80,135,32,12,50,64,64,2,19,133,212,8,4,149,32,32,138,192,20,12,176,88
2,148,50,152,21,164,184,98,28,9,90,18,140,58,32,64,237,27,19,145,178,136,16,215,9,54,154,194,144,0,33,131
0,132,2,153,52,160,40,34,60,1,90,16,172,162,32,64,195,43,19,144,50,152,0,223,4,54,154,64,148,0,49,0
18,203,32,136,30,129,138,236,134,4,208,135,44,204,50,64,126,185,159,229,202,11,6,253,176,32,139,185,21,14,53,88
26,217,82,170,115,193,30,245,5,8,84,34,44,151,32,80,238,187,151,192,66,26,0,253,122,225,170,202,55,130,161,139
130,0,18,153,36,128,40,64,60,19,82,18,172,130,32,73,230,57,51,128,34,148,2,209,4,50,218,128,20,8,33,128
2,193,0,140,4,129,12,37,4,0,80,2,32,10,48,64,64,0,19,129,80,8,0,149,32,32,138,192,20,8,176,0
3,133,115,201,180,179,168,231,76,65,126,66,168,138,180,228,234,43,18,137,151,184,36,213,46,60,138,192,93,8,233,173
37,0,99,76,100,155,227,80,205,64,117,70,72,200,189,228,122,40,18,238,133,179,38,200,22,56,130,8,87,175,112,228
58,16,80,232,82,161,120,82,21,33,212,178,141,7,32,88,126,153,151,144,10,158,64,214,150,205,186,226,183,136,34,145
3,134,34,153,148,163,168,39,62,69,90,151,140,10,50,64,107,11,19,149,182,156,5,215,44,38,154,192,157,12,185,208
3,72,99,204,4,146,171,48,68,64,86,66,48,0,181,100,104,96,18,234,193,176,36,237,0,40,130,128,21,185,112,44
2,151,2,140,20,163,26,99,20,69,90,167,96,230,50,64,84,51,147,165,48,152,0,159,40,38,139,193,20,12,52,80
2,17,22,137,75,228,176,66,172,25,82,34,12,158,96,73,230,25,187,144,16,155,18,208,21,32,138,198,144,0,33,131
34,143,98,152,86,145,154,230,5,5,92,167,40,46,182,64,76,35,131,133,150,138,4,255,34,38,154,193,55,140,124,220
2,144,54,216,179,213,176,99,158,89,112,50,172,158,36,96,231,27,147,145,178,168,50,215,9,22,26,195,208,4,165,151
3,195,32,140,148,145,140,167,4,69,88,135,32,12,50,64,76,2,19,197,214,8,36,213,40,36,142,192,21,12,176,92
2,149,50,136,211,224,184,103,30,65,72,147,12,190,32,64,231,27,147,145,50,10,16,215,57,36,154,107,148,4,165,210
3,201,0,140,20,145,140,165,68,64,80,199,32,40,50,224,72,98,19,197,197,8,4,189,32,32,142,128,28,28,184,28
2,193,0,136,132,129,140,101,4,0,80,2,32,2,48,64,72,2,19,129,80,8,0,149,32,32,138,192,21,24,176,0
2,149,2,136,155,225,184,99,142,5,72,163,12,190,32,64,227,27,179,145,18,10,18,213,9,36,154,75,149,76,165,210
2,149,22,152,155,225,152,99,22,21,72,163,12,190,32,64,107,27,147,145,18,8,2,213,9,6,154,67,149,76,165,210
3,203,0,140,20,145,142,230,68,64,88,199,32,8,182,192,72,35,147,199,199,136,4,253,32,40,138,128,29,28,184,28
2,151,32,136,147,225,152,67,6,5,72,183,8,174,34,64,79,27,147,145,22,8,4,215,8,4,154,195,148,76,181,82
2,18,146,152,19,165,184,66,30,95,80,55,12,158,98,72,229,27,147,149,18,12,18,215,9,22,154,203,144,4,37,211
18,16,112,129,70,1,184,64,9,0,144,163,12,30,100,2,110,145,151,129,128,3,64,192,144,0,138,170,21,8,53,145
2,32,2,136,76,1,136,72,134,0,208,2,8,130,104,8,122,137,91,176,2,3,2,208,16,0,138,188,21,10,33,128
54,0,98,228,70,2,216,88,1,128,243,131,75,77,60,0,126,149,151,165,136,179,4,136,18,201,137,148,119,174,112,145
4,32,130,136,76,131,128,72,134,176,81,2,64,192,121,8,88,40,42,177,2,67,131,144,16,0,131,108,21,42,48,128
2,149,16,152,181,133,144,231,30,9,88,0,172,178,32,64,197,27,51,0,82,8,2,183,41,52,30,234,16,8,161,11
2,157,16,152,23,197,146,230,22,9,72,2,36,154,32,64,200,58,147,193,82,10,18,191,41,36,154,75,16,12,52,138
35,142,98,136,84,147,170,99,68,4,88,2,32,200,182,96,88,40,18,161,214,186,36,221,32,44,138,200,21,12,112,196
2,131,2,140,144,193,12,101,4,5,80,163,32,14,32,64,76,19,131,132,82,8,0,221,32,32,138,193,20,12,180,88
2,193,0,140,132,129,12,37,4,0,80,2,32,42,48,64,64,2,19,129,80,8,0,221,32,32,142,128,20,24,176,8
2,131,0,136,148,193,136,99,4,5,88,163,40,46,32,64,76,19,147,129,82,8,0,213,40,32,138,193,21,12,180,24
3,193,32,136,20,129,140,229,4,68,80,135,32,8,54,64,76,1,19,133,198,8,4,213,32,40,138,192,29,12,248,220
3,193,32,140,20,129,140,165,4,69,80,135,32,12,50,64,72,2,19,133,198,8,4,157,40,32,142,192,28,12,184,92
2,0,18,137,70,129,184,64,140,0,80,2,140,138,48,64,110,137,19,129,2,51,0,193,20,16,138,136,21,8,33,129
2,131,34,136,150,193,156,103,4,5,88,163,8,14,48,64,78,19,147,133,82,8,0,213,40,0,138,193,21,12,181,64
53,0,106,76,68,18,227,80,69,128,119,2,81,73,181,32,120,168,22,42,136,178,36,136,82,41,160,0,119,170,112,160
3,195,32,140,132,145,140,101,4,68,80,135,32,40,50,64,72,3,19,133,212,8,4,221,32,32,142,128,29,12,184,92
3,193,0,140,4,145,140,229,68,64,80,199,32,8,178,224,72,32,19,197,199,40,4,157,32,32,142,128,29,28,184,12
40,88,122,108,70,192,254,244,69,0,116,162,57,29,165,64,110,240,151,202,200,170,16,189,99,233,162,129,119,185,100,155
2,202,132,158,20,128,10,160,22,21,81,131,96,206,58,64,80,96,179,199,66,200,10,189,0,38,218,129,20,15,52,72
2,16,146,152,75,192,176,64,134,17,65,34,12,150,104,72,110,25,179,144,2,147,18,193,17,32,154,207,148,0,37,147
54,74,98,172,68,3,202,64,5,132,241,135,107,72,51,64,88,233,151,231,136,163,4,172,144,224,138,152,53,63,116,208
7,2,34,136,76,129,170,72,132,68,209,135,64,200,51,64,88,40,27,231,132,3,14,216,16,32,139,184,29,47,56,212
7,10,38,158,12,129,138,72,134,84,81,135,96,200,59,64,88,40,51,71,198,0,14,157,0,32,139,168,20,47,56,64
130,207,0,158,132,193,30,167,20,70,88,183,32,46,50,64,69,115,131,135,112,12,8,255,32,38,158,129,20,92,148,88
62,10,98,236,4,2,202,80,5,132,86,135,105,77,55,64,92,228,151,239,204,178,4,168,66,233,160,129,55,191,116,192
2,193,32,136,148,129,12,229,4,64,16,131,8,14,48,64,76,19,147,197,210,8,4,245,40,0,142,192,20,28,144,88
2,193,0,136,132,129,140,101,4,0,80,2,0,8,48,64,72,0,19,193,82,8,0,181,40,0,142,192,20,8,176,0
3,72,99,206,4,16,139,224,68,64,80,66,32,8,181,228,72,96,18,203,197,160,36,169,32,40,138,128,23,191,112,108
0,192,0,136,4,129,132,37,4,0,80,2,32,8,48,64,72,0,2,129,64,40,0,157,32,32,138,0,20,8,144,8
130,32,0,136,16,129,8,64,4,0,16,146,8,134,96,64,68,25,19,144,2,0,0,214,8,0,138,192,20,12,49,16
2,135,32,152,150,193,184,103,22,69,88,179,40,46,50,64,79,27,147,145,50,8,4,215,40,6,154,195,149,12,181,210
2,131,32,136,148,129,140,231,4,5,88,135,32,40,50,64,76,3,147,197,214,40,4,221,40,0,142,193,21,12,184,204
2,128,0,136,5,129,140,33,4,0,64,2,0,8,32,64,72,0,19,128,80,8,16,149,41,32,138,64,20,8,176,0
2,148,146,152,19,165,184,66,30,25,74,18,12,190,96,72,229,27,147,145,18,136,18,213,9,54,154,66,144,64,33,131
130,48,182,152,109,133,184,64,142,27,16,16,140,154,100,11,204,25,147,17,162,69,146,208,5,24,90,170,16,8,33,131
2,131,32,136,148,129,140,37,4,4,80,135,32,46,50,64,76,3,147,133,214,8,5,213,40,32,142,193,20,12,180,64
3,195,0,140,132,129,140,37,4,68,80,135,32,8,50,64,72,2,19,133,212,40,4,157,32,32,142,192,28,12,184,92
2,193,40,136,4,129,141,101,4,0,80,2,48,8,48,64,72,2,19,129,208,40,0,157,32,0,138,192,20,8,176,8
2,149,18,152,219,229,176,99,142,25,72,18,44,190,32,65,237,27,147,129,18,11,18,213,25,52,154,75,144,8,165,147
2,132,2,153,116,168,168,35,188,1,122,18,172,170,32,64,235,35,6,128,50,188,0,223,12,54,154,192,132,0,225,136
3,193,0,140,4,133,140,165,4,64,80,199,32,8,50,64,72,2,19,133,197,40,4,157,32,32,142,192,28,28,184,92
33,9,99,78,84,147,130,112,68,64,112,66,96,72,181,228,88,40,18,107,193,170,44,189,32,44,130,0,95,175,112,172
50,0,226,245,84,130,104,119,87,161,242,18,43,9,52,80,120,172,55,128,168,254,1,204,146,238,210,192,103,136,112,136
2,149,102,152,219,224,184,103,132,81,200,179,44,190,38,65,238,155,179,129,18,11,18,213,25,32,154,203,21,4,165,218
60,65,74,232,84,131,99,113,4,0,117,2,83,201,57,16,120,168,6,104,88,178,0,12,114,173,160,0,117,170,242,128
3,195,32,136,148,129,140,37,4,68,80,135,32,12,50,64,76,3,147,133,212,8,4,213,40,32,142,192,28,12,184,92
3,201,32,140,20,145,142,165,68,65,80,199,32,40,178,64,72,2,19,197,213,40,4,189,32,32,142,128,29,28,184,28
75,32,98,73,78,147,232,80,229,224,214,130,9,141,244,100,106,172,123,136,128,179,167,204,86,105,162,128,39,132,112,236
139,144,242,216,50,181,56,82,191,89,86,181,140,158,182,108,167,25,151,149,150,156,34,211,2,95,26,194,150,132,33,215
39,1,99,76,212,18,235,81,69,192,119,66,80,200,183,100,120,172,18,188,209,178,36,204,54,40,162,192,103,174,240,228
56,65,106,232,84,2,202,117,65,128,244,2,19,9,52,16,120,140,23,248,216,178,4,140,114,237,160,68,119,136,240,128
6,233,82,130,116,136,250,192,137,1,176,2,172,138,124,64,238,169,23,211,66,42,192,225,60,28,138,232,5,10,99,137
3,193,0,140,148,145,140,165,68,64,80,199,32,8,50,192,72,3,19,197,213,8,4,149,32,32,142,192,28,28,184,92
2,143,34,137,180,179,184,103,12,37,90,167,172,46,50,64,206,43,147,149,150,152,68,221,44,20,138,193,148,12,157,220
41,8,106,77,68,19,227,112,68,0,118,2,113,9,181,100,88,224,19,106,129,176,101,172,70,41,162,0,119,171,112,168
4,201,134,158,148,2,46,164,20,131,82,18,64,106,40,73,121,102,34,242,112,248,9,238,40,38,223,68,132,123,176,0
6,144,146,152,99,133,184,201,190,25,80,2,172,222,96,72,231,57,179,17,18,24,18,209,13,16,26,238,144,0,33,139
2,142,32,137,147,227,184,79,6,5,88,163,12,46,34,64,127,59,147,145,18,152,65,223,44,6,154,199,149,76,165,219
50,0,98,129,68,9,224,66,101,1,240,2,10,8,48,24,104,136,23,145,136,178,64,192,144,164,154,128,245,8,114,128
3,131,0,140,148,129,140,101,4,4,80,135,32,42,50,64,76,35,147,133,214,8,4,221,32,32,142,192,28,12,184,92
2,143,32,137,146,163,154,239,6,5,88,163,8,46,50,64,127,27,147,181,18,152,5,223,44,4,138,197,149,76,181,216
3,195,0,140,20,129,140,101,4,5,80,199,32,8,50,64,72,34,19,197,214,136,4,157,32,32,138,192,28,12,184,28
44,8,106,76,68,131,203,80,196,0,117,2,113,201,181,12,88,168,19,234,128,162,4,156,82,233,160,136,119,171,112,128
2,149,50,136,151,241,184,34,4,65,90,163,44,62,38,96,103,19,147,145,151,136,52,213,9,36,138,195,149,12,37,87
3,137,0,137,148,147,142,237,68,97,82,199,192,40,182,192,88,2,19,229,213,152,69,221,36,40,138,196,29,14,184,20
2,132,34,141,52,168,168,35,108,73,90,16,172,40,52,64,227,35,19,1,178,184,0,223,44,62,26,192,20,12,177,73
2,148,18,136,19,229,56,99,12,1,72,18,44,150,32,64,231,27,147,144,18,136,16,215,9,52,154,67,144,0,161,146
2,132,0,141,20,163,160,39,20,33,90,2,160,40,16,64,72,38,19,1,48,184,65,159,44,38,154,192,20,72,48,8
130,148,18,152,19,165,184,66,30,9,80,18,172,158,32,72,231,27,147,144,50,140,16,215,9,22,154,202,144,0,33,131
32,72,106,206,68,131,203,112,68,0,117,2,112,73,181,96,88,32,18,234,193,162,44,253,64,40,162,128,117,187,112,168
120,0,98,225,5,22,72,88,97,168,246,2,75,11,156,116,120,132,21,168,136,176,33,128,211,201,160,132,103,168,112,0
130,0,22,153,102,128,184,64,172,17,80,146,140,142,48,75,230,9,19,145,2,208,2,209,4,16,218,202,20,0,33,129
3,205,32,140,148,129,12,167,4,65,88,135,32,44,50,96,72,2,19,5,214,8,4,189,32,38,158,128,20,28,144,76
45,8,107,204,68,2,235,80,68,128,119,2,81,65,177,96,120,36,18,234,129,176,36,8,66,41,162,128,119,171,112,160
2,193,0,136,20,129,140,229,4,1,80,2,32,8,48,64,72,2,19,129,82,8,0,157,32,32,138,192,21,8,176,8
35,200,97,140,4,144,142,228,68,64,80,199,32,12,182,228,76,97,19,205,197,168,36,253,32,40,138,128,29,28,120,220
2,193,0,140,20,129,132,229,4,0,80,2,32,0,32,64,72,2,19,64,82,40,0,157,40,32,142,192,20,8,176,8
0,197,0,140,132,129,12,39,4,0,88,2,0,8,32,64,64,2,2,0,80,8,0,149,32,32,142,64,20,8,144,0
2,135,34,136,148,128,168,103,4,69,90,135,40,46,50,64,78,3,147,133,214,136,4,221,40,32,138,193,21,12,181,80
35,72,99,140,4,144,142,228,68,64,80,198,32,8,181,228,72,96,18,207,197,168,36,253,34,40,138,128,31,188,112,124
2,131,0,136,148,129,140,165,4,4,80,163,32,12,50,64,76,3,147,133,82,8,0,221,40,32,142,193,20,12,180,88
3,193,34,140,4,145,140,101,68,64,80,199,32,8,178,224,72,33,19,197,197,168,4,221,32,32,138,128,29,28,184,28
2,195,32,136,148,129,140,229,4,4,80,131,32,12,50,64,76,3,147,197,210,8,4,149,40,0,142,193,20,28,180,72
3,195,0,136,132,129,140,101,4,68,80,135,32,8,50,64,72,2,19,197,214,8,4,149,32,32,142,192,28,12,152,92
2,193,0,136,132,129,12,37,4,0,80,2,0,10,48,64,64,2,19,1,80,8,0,149,32,32,142,192,20,8,176,0
3,192,0,140,4,145,132,228,68,64,80,71,32,8,182,224,72,64,18,69,197,40,4,189,32,40,138,128,29,28,248,12
59,194,96,172,4,129,142,228,4,68,80,135,33,12,50,64,72,1,23,197,204,40,4,189,160,105,174,128,61,28,184,220
3,195,32,136,20,129,140,101,4,4,80,135,32,8,50,64,72,0,19,133,212,8,4,149,32,32,142,192,28,28,152,80
3,193,32,140,4,129,12,37,68,64,80,135,32,12,50,96,64,2,19,133,196,8,4,157,32,32,138,128,20,28,176,92
3,192,32,140,4,145,140,229,68,64,80,71,32,8,182,224,72,0,19,69,197,40,4,149,32,40,142,128,29,28,248,12
10,145,10,168,146,128,60,117,4,0,84,163,61,7,32,64,110,51,147,128,82,136,0,213,98,225,170,192,51,132,161,25
0,0,0,136,4,0,0,0,4,0,16,2,0,0,32,64,64,0,2,128,0,0,0,128,0,32,130,0,20,8,16,0
3,195,0,136,4,129,140,101,4,68,80,135,0,8,50,64,72,2,19,133,212,8,4,149,32,32,138,192,28,12,152,92
7,141,32,136,132,32,142,167,4,65,24,135,0,40,50,64,65,66,19,199,212,8,4,160,40,32,142,192,156,125,184,92
2,133,0,136,4,161,8,34,4,0,88,2,0,10,48,64,64,2,19,129,0,0,0,149,0,32,138,192,20,8,48,0
3,193,0,140,132,128,140,165,68,64,80,199,32,8,50,64,64,2,19,197,213,8,4,149,40,32,142,192,28,28,184,92
2,131,32,136,148,129,140,37,4,4,80,135,0,8,50,64,72,2,147,133,214,8,4,149,40,0,142,193,20,12,144,64
3,201,0,136,148,129,142,229,4,64,80,135,32,8,50,64,72,2,19,197,198,8,4,189,32,32,142,192,28,28,184,28
3,195,32,136,4,145,140,37,4,68,80,135,32,8,50,64,72,0,19,5,212,8,4,149,32,0,142,192,28,12,152,76
2,131,32,136,148,129,140,229,4,5,80,167,40,14,50,64,76,19,131,197,210,8,0,253,40,32,142,193,20,12,180,72
50,0,66,192,68,8,232,64,9,32,178,10,8,10,20,16,104,129,23,129,8,178,0,192,20,136,138,128,37,8,112,128
2,133,32,136,151,193,152,103,6,5,88,163,44,30,32,64,74,19,147,145,18,8,0,221,40,36,138,195,20,12,181,90
130,205,0,158,148,128,14,167,20,0,88,18,32,42,48,65,65,34,19,195,114,136,8,191,40,38,158,192,20,24,176,8
130,177,18,152,50,133,184,64,190,25,80,50,140,158,96,72,230,25,147,144,18,8,2,213,12,16,154,234,144,0,33,129
2,193,0,140,20,128,140,101,4,1,80,2,32,8,48,64,72,34,19,193,82,40,0,157,32,32,138,192,21,8,176,136
2,201,38,154,28,129,142,228,134,81,80,135,96,204,58,64,72,34,19,197,194,8,14,253,40,6,207,192,21,30,176,88
3,131,32,140,132,128,12,33,4,68,80,135,32,12,50,64,68,2,19,133,212,8,4,149,32,32,138,192,28,12,176,88
2,0,146,152,53,132,184,64,190,89,80,19,140,142,112,72,238,25,147,149,2,128,2,209,13,20,154,202,148,4,33,129
33,232,96,218,84,147,138,236,86,96,84,2,32,136,182,36,88,40,18,107,231,186,44,189,40,14,155,100,85,10,80,140
2,132,18,136,18,161,184,98,44,1,90,130,44,6,32,64,102,27,19,128,18,136,0,221,0,36,10,194,20,0,33,9
33,200,98,200,20,145,130,228,68,64,80,2,32,136,180,96,72,40,19,67,198,170,36,189,32,40,138,64,85,12,112,140
35,8,99,204,68,131,139,112,68,192,80,66,48,200,181,100,72,40,19,235,129,162,36,253,0,40,130,128,85,187,112,172
82,217,18,138,26,129,30,229,134,0,208,162,44,214,32,64,110,187,191,192,74,11,10,245,184,36,142,202,20,10,165,27
3,193,32,140,4,129,140,37,4,64,80,135,32,12,50,64,64,2,19,133,212,8,4,149,32,32,138,192,20,12,176,88
2,148,50,152,149,165,184,66,30,9,88,18,140,154,32,72,205,27,147,145,178,136,16,215,9,54,154,194,144,8,33,131
0,128,2,153,52,160,40,2,60,1,82,16,172,138,32,72,203,43,51,144,18,152,67,215,12,54,154,64,148,0,49,128
18,219,32,136,28,129,138,228,135,4,208,167,44,204,50,64,126,185,159,229,202,11,6,253,176,0,138,185,21,30,53,88
130,0,18,153,36,128,40,64,60,17,82,18,172,130,32,72,230,57,51,128,34,148,0,193,4,50,218,128,148,8,33,128
34,131,0,136,150,193,156,103,4,5,88,163,32,142,34,64,72,27,131,129,82,10,0,213,40,32,138,195,21,12,180,195
10,153,114,201,115,149,191,247,13,8,124,34,60,159,164,116,238,59,19,200,210,154,32,253,107,25,138,194,19,128,225,175
2,20,178,152,55,224,184,66,30,79,90,183,12,190,32,72,231,27,147,145,130,140,0,215,9,6,154,195,148,68,37,211
46,8,98,202,68,147,203,88,69,0,85,2,96,72,181,36,88,168,19,235,128,162,44,156,82,8,131,136,119,171,112,164
51,72,98,142,68,145,234,224,197,64,240,199,34,200,183,96,104,168,22,103,205,179,36,253,48,8,138,152,93,63,120,220
2,193,0,140,132,129,12,37,4,0,80,2,32,2,32,64,64,2,19,128,80,8,0,149,32,32,138,192,20,8,176,8
58,32,82,232,82,163,88,82,53,33,240,154,11,7,32,88,126,153,151,144,26,158,0,214,150,237,186,224,183,128,34,145
2,129,4,149,20,171,168,35,60,33,90,18,172,42,16,64,96,38,59,129,16,152,65,221,12,54,154,192,132,8,145,8
3,134,34,153,20,162,168,39,60,69,90,151,140,14,50,64,103,43,147,149,182,156,5,215,44,38,154,192,157,12,185,216
33,8,107,76,4,146,171,48,68,64,86,2,112,0,181,100,104,32,18,234,129,176,36,109,64,40,162,128,85,185,112,44
34,143,98,142,84,177,202,98,5,5,92,167,40,40,182,68,76,35,147,197,150,138,4,255,34,46,138,193,23,143,120,204
2,148,50,216,211,229,176,103,30,25,88,51,44,190,36,96,239,27,147,145,50,136,18,215,43,22,26,195,145,4,165,159
3,193,32,140,148,145,140,231,4,65,88,135,32,44,50,64,76,2,19,197,214,8,36,221,40,0,142,192,21,28,176,92
3,201,1,140,4,144,142,165,68,64,80,71,32,8,178,224,72,98,19,199,197,40,4,189,32,32,142,128,29,60,184,12
2,203,32,136,212,145,142,231,6,69,88,167,32,140,54,64,76,43,147,197,214,10,38,245,56,32,142,233,21,12,188,204
2,193,0,136,132,129,140,229,4,0,80,2,32,40,48,64,72,2,19,129,80,8,0,213,32,32,142,192,21,24,176,8
2,149,18,152,147,229,176,67,142,17,72,18,12,190,32,64,229,27,179,145,18,9,18,215,25,54,154,75,144,72,165,147
2,131,32,152,151,225,156,103,6,21,88,163,40,174,34,64,79,27,131,129,18,8,2,213,40,6,154,195,149,12,181,194
3,201,3,142,4,145,142,228,68,64,80,198,32,8,181,228,72,98,18,199,199,168,12,253,32,40,138,128,29,31,120,140
114,0,114,224,100,8,72,0,105,0,242,10,139,10,28,18,234,129,21,161,136,178,0,200,150,216,130,128,101,136,82,0
2,131,32,136,148,145,140,103,4,69,88,199,40,12,50,64,76,3,147,133,214,8,4,213,40,36,138,193,20,12,188,84
2,16,84,129,78,1,184,64,140,16,144,163,140,30,112,2,110,145,159,129,2,2,66,192,148,0,138,170,21,12,53,145
62,0,98,236,70,2,216,88,1,160,241,130,75,77,60,0,126,149,151,163,136,179,4,136,146,201,131,148,119,174,112,129
210,0,68,177,12,0,104,0,173,16,146,18,136,10,20,75,96,133,127,129,32,193,65,192,148,170,218,128,37,128,113,0
6,32,2,136,76,129,136,72,134,144,209,10,64,202,105,8,88,40,91,178,2,35,130,144,16,0,139,188,21,43,50,128
3,195,2,140,134,144,188,165,12,64,82,199,44,42,50,192,102,3,147,197,213,152,4,221,40,32,142,192,29,28,185,93
2,149,16,152,53,133,176,231,30,9,88,48,172,178,32,64,133,59,51,16,82,8,2,215,41,20,30,234,16,8,129,11
35,201,97,140,20,145,142,230,68,64,92,198,32,44,183,228,72,98,19,207,199,40,36,189,32,40,142,128,29,28,120,92
2,157,16,152,21,197,144,103,30,9,72,2,44,154,32,64,200,59,147,81,98,10,18,191,41,20,154,107,16,8,177,139
35,142,98,136,84,147,170,99,68,4,88,3,32,136,182,96,120,40,19,165,214,186,36,221,48,12,138,201,21,12,244,196
18,153,18,138,22,129,186,96,140,0,208,162,44,222,32,64,110,57,151,193,82,155,2,253,144,132,138,202,21,10,49,153
2,141,2,142,148,131,142,229,4,0,90,2,96,98,48,64,88,42,19,193,114,136,8,255,40,4,142,192,20,10,176,8
2,193,0,140,132,128,12,37,4,0,80,2,32,42,48,64,64,2,19,129,80,8,0,221,32,32,142,128,20,24,176,8
3,195,32,140,20,129,140,101,68,68,80,135,32,8,50,64,72,42,19,133,214,8,4,221,32,32,138,192,29,12,184,220
2,149,18,136,19,229,184,99,12,1,72,2,44,158,32,64,230,27,147,129,18,136,16,221,9,36,10,67,16,0,165,3
3,193,32,140,20,129,140,165,4,69,80,135,32,12,50,64,72,2,19,133,198,8,4,157,40,32,142,192,28,12,184,92
130,16,18,152,102,129,184,64,158,25,80,178,140,158,112,73,230,25,147,145,2,144,2,209,4,16,154,202,148,12,33,145
2,135,34,136,20,129,152,103,4,5,88,131,40,14,50,64,76,19,147,133,146,136,0,221,40,36,138,193,21,12,180,200
3,195,32,136,148,129,140,229,4,4,80,135,32,8,50,64,76,3,147,197,214,40,4,213,32,0,142,192,21,28,184,216
3,195,32,136,4,145,140,229,4,68,80,135,32,8,54,64,76,3,147,197,198,40,4,221,32,8,142,128,29,28,248,220
3,201,0,140,20,145,142,229,68,64,80,71,32,8,182,224,72,34,18,197,197,168,4,189,32,40,138,128,29,28,184,12
3,131,32,140,148,129,140,229,4,69,80,135,32,8,50,64,76,3,147,133,214,8,4,213,40,32,142,192,29,12,184,92
3,207,0,142,148,145,142,165,4,64,88,199,96,72,58,64,88,2,19,231,212,8,12,189,32,32,142,192,28,14,184,28
3,193,32,140,132,145,140,229,4,64,80,199,32,8,50,64,72,3,19,197,212,8,4,221,32,32,142,192,29,28,184,92
33,201,123,77,36,137,229,117,76,0,118,2,48,9,180,100,106,32,2,72,193,184,36,125,100,56,34,0,85,152,209,169
3,193,0,140,4,145,140,229,68,64,80,71,32,8,178,224,72,32,19,197,197,40,4,157,32,32,138,128,29,28,184,12
40,88,122,76,102,132,247,244,68,8,118,34,48,25,165,96,110,112,2,202,192,170,32,125,99,169,34,128,115,152,96,171
2,202,134,158,28,192,10,160,150,20,81,163,96,206,50,64,64,105,179,199,66,200,10,253,0,34,202,129,20,15,52,72
2,2,130,153,18,224,184,66,22,21,82,179,140,134,32,72,111,27,147,145,18,156,1,215,12,38,154,195,148,4,37,211
2,207,0,158,148,193,30,167,20,70,88,183,96,46,34,65,69,115,131,199,112,8,8,255,40,38,158,131,20,92,180,88
55,10,98,140,68,2,202,64,133,196,241,135,67,72,55,64,88,160,23,231,140,163,4,140,144,104,139,152,61,47,120,84
2,197,32,136,144,129,12,231,4,64,72,131,8,14,48,64,76,19,147,197,210,8,0,245,40,0,142,192,20,28,144,80
2,193,0,136,4,193,140,229,4,0,64,2,0,10,48,64,72,2,19,193,82,8,0,181,40,0,142,64,20,8,176,8
35,141,98,142,20,177,138,226,68,64,88,199,32,8,182,228,72,34,147,199,166,40,12,255,34,44,138,128,29,15,120,220
10,52,26,184,114,161,56,66,31,11,120,48,141,158,96,72,167,25,151,17,18,156,0,215,140,213,58,234,148,192,33,129
5,72,103,206,4,2,139,208,68,192,80,66,112,72,181,100,72,96,18,203,129,160,44,168,0,40,138,128,23,187,112,108
0,128,0,136,4,129,132,101,4,0,80,2,32,8,48,64,72,0,2,1,64,40,0,157,32,32,138,0,20,8,144,8
130,32,0,136,16,129,8,64,20,0,16,147,8,6,48,64,76,25,19,149,34,4,0,215,0,0,138,192,20,12,48,16
2,135,32,152,150,193,152,231,22,69,80,179,40,142,50,64,77,27,147,149,114,8,4,215,40,38,158,195,21,12,181,222
5,73,33,194,132,49,142,128,68,64,21,66,64,72,188,228,88,66,18,75,133,32,44,160,32,8,143,0,21,127,216,100
34,0,100,193,108,136,248,0,137,24,176,8,140,10,84,3,202,1,95,1,130,33,194,192,4,24,138,184,84,12,83,129
2,131,32,136,148,129,140,35,4,5,88,135,0,46,50,64,76,3,147,149,82,8,69,213,40,32,142,193,20,12,180,80
3,195,32,140,4,129,140,37,4,68,80,135,160,8,50,64,72,3,19,133,212,8,4,157,32,48,142,192,28,12,184,92
2,193,8,136,4,129,141,101,4,0,80,2,48,8,48,64,72,2,19,129,80,40,0,157,96,32,170,192,20,8,176,8
2,149,16,152,219,229,176,99,158,17,72,19,44,190,32,65,233,27,147,145,18,10,18,213,25,20,154,107,144,12,165,146
2,199,34,152,84,129,156,231,22,5,88,163,32,140,50,64,72,43,131,133,86,142,6,215,32,36,154,201,21,12,180,200
3,193,0,140,21,133,140,165,4,64,80,199,32,8,50,64,72,2,19,133,199,40,20,157,32,32,142,192,28,28,184,92
2,148,54,152,91,228,184,99,142,25,88,18,44,190,36,64,231,51,147,145,146,11,18,213,25,54,154,202,144,4,161,147
50,0,198,245,84,130,232,99,53,1,242,18,43,8,52,88,120,173,55,129,56,254,1,207,22,238,146,192,101,136,112,136
2,149,102,152,219,224,184,99,140,85,200,131,44,190,38,65,238,147,179,129,18,11,18,213,25,36,154,203,21,4,165,222
52,65,106,232,84,131,235,113,68,128,117,2,83,201,177,0,120,168,23,232,216,178,32,12,114,169,160,0,117,170,112,160
3,195,32,136,148,129,140,37,4,68,80,135,32,12,50,64,76,3,147,133,214,8,4,213,32,32,142,192,28,12,184,92
3,201,32,140,20,129,142,229,68,65,80,199,32,8,50,64,72,2,19,197,215,40,4,189,32,32,142,192,29,12,184,92
56,65,106,232,84,2,235,117,65,128,118,2,19,9,180,96,120,140,23,248,216,186,36,140,118,233,160,196,101,136,240,128
3,193,0,140,148,145,140,165,68,64,80,199,32,8,50,192,72,3,19,197,213,8,4,149,40,32,142,192,28,28,184,92
4,201,134,158,148,130,174,228,22,145,82,2,64,232,56,65,121,110,51,211,80,248,11,236,40,38,223,68,132,59,176,0
3,155,2,137,181,151,188,103,76,72,90,231,172,8,182,192,238,43,147,69,215,184,4,221,44,24,142,194,28,12,249,223
2,176,146,152,67,197,184,75,30,17,64,3,172,158,96,72,230,57,147,145,18,26,18,209,9,20,26,111,144,4,37,155
40,8,106,111,68,154,227,112,69,128,119,2,115,73,181,96,120,160,6,106,136,178,36,140,70,233,160,0,119,171,112,128
0,32,82,137,86,169,232,66,45,1,120,2,140,138,112,8,106,137,23,145,2,48,0,208,148,20,154,104,149,8,97,128
2,18,146,152,48,132,56,64,62,93,80,183,140,134,98,72,231,25,147,149,2,140,2,209,4,20,154,202,144,4,37,209
44,0,106,76,76,147,203,80,197,0,117,2,113,201,181,36,88,168,19,234,128,178,38,156,82,41,160,136,119,171,112,160
3,141,0,137,148,147,174,231,4,96,90,199,8,8,178,192,92,3,19,229,215,152,69,253,44,36,138,196,29,12,184,84
2,149,114,200,151,240,184,99,12,65,88,162,44,62,36,96,238,19,147,145,150,136,52,213,43,36,138,195,21,12,165,23
2,132,34,141,52,168,168,35,60,65,90,18,172,40,48,64,227,34,19,1,178,152,0,223,4,54,154,192,148,12,49,72
2,132,0,141,20,35,160,39,20,33,90,18,32,32,0,64,65,38,19,32,48,152,65,159,36,38,154,192,20,8,176,8
36,8,106,206,68,131,203,112,68,0,117,2,112,73,181,96,88,160,19,234,193,162,44,253,66,40,162,128,117,171,112,160
3,72,99,207,4,18,175,244,68,192,82,70,112,64,181,228,120,96,18,239,193,160,37,237,36,40,170,128,31,191,112,108
130,0,22,153,38,128,184,64,158,25,80,18,140,158,112,73,230,25,51,145,2,212,2,209,4,16,90,202,148,0,33,129
3,201,32,140,148,129,12,167,6,65,88,135,32,44,50,64,72,2,19,197,214,8,4,181,40,38,158,192,20,28,176,88
114,0,82,225,6,2,104,16,41,160,178,2,11,11,52,80,110,133,29,128,8,177,1,200,146,248,138,128,39,128,96,0
35,201,99,142,4,144,140,229,68,64,80,199,32,12,182,224,76,33,19,197,197,40,36,253,34,40,142,128,29,30,248,92
44,72,106,206,68,131,203,112,69,0,117,2,115,73,181,96,88,232,23,235,136,162,44,189,66,137,160,136,119,187,112,168
2,197,0,140,132,129,12,39,4,0,88,2,32,8,48,64,64,2,19,1,80,8,0,149,32,32,142,192,20,8,144,8
3,193,34,140,4,145,140,101,68,64,80,199,32,8,178,96,72,35,19,133,199,168,4,221,32,32,138,128,29,28,184,220
35,200,99,204,4,144,142,228,68,64,80,198,32,8,181,228,72,96,18,207,197,168,36,253,32,40,138,128,95,188,112,252
2,131,0,136,20,193,140,37,4,4,80,163,32,14,50,64,76,19,147,133,82,8,0,221,32,32,138,193,20,12,180,88
3,193,34,140,4,145,140,101,68,64,80,199,32,8,50,64,72,35,19,197,197,136,4,221,32,32,138,128,29,28,184,92
2,131,0,136,148,129,140,167,4,4,88,163,32,14,50,64,76,3,131,197,82,8,0,213,40,32,142,193,20,12,180,72
2,135,0,136,147,225,152,67,6,5,88,163,8,142,34,64,75,27,131,145,18,8,0,215,9,4,154,227,148,12,180,82
2,193,0,140,4,129,12,37,4,0,80,2,32,8,48,64,64,2,19,1,80,8,0,149,32,32,142,192,20,8,176,8
3,192,0,140,4,145,132,229,68,64,80,71,32,8,50,224,72,0,18,69,197,40,4,189,32,32,142,128,29,28,248,12
59,200,96,172,4,129,142,228,4,68,80,135,33,12,50,64,72,129,23,197,205,40,4,189,160,73,174,128,61,28,248,220
3,195,32,136,148,129,140,101,4,4,80,135,32,8,50,64,72,2,19,133,212,8,4,149,32,32,142,192,28,12,152,88
3,193,32,140,4,145,140,37,4,64,80,131,32,12,50,96,64,2,19,133,212,8,36,157,32,32,142,128,20,28,144,76
3,192,32,140,4,145,140,229,68,64,80,71,32,8,178,224,72,0,19,197,197,40,4,157,32,32,142,128,29,28,184,92
26,209,10,172,146,128,28,117,4,0,86,163,61,23,32,64,110,19,151,140,88,136,0,221,226,225,170,192,55,132,161,89
0,0,0,128,4,0,8,0,4,0,16,2,0,8,32,64,64,0,2,0,0,0,0,128,0,0,138,0,20,8,16,0
7,141,32,136,132,48,142,167,4,65,24,135,0,44,50,64,73,66,19,199,212,8,44,176,40,32,142,192,148,125,176,92
3,193,0,140,4,145,140,229,4,68,80,199,32,8,50,64,72,0,19,5,212,40,4,149,32,32,142,128,29,28,152,92
2,129,0,136,4,161,136,34,4,0,88,2,0,8,48,64,72,2,19,129,0,8,0,149,0,32,138,192,20,8,48,0
3,193,0,140,148,128,140,165,68,64,80,199,32,8,50,64,64,2,19,197,213,8,4,149,40,32,142,192,28,28,184,92
2,193,4,140,28,128,140,165,132,17,208,2,32,8,48,65,72,32,59,193,66,41,2,189,32,32,138,144,21,8,176,8
2,131,32,136,148,129,140,33,4,5,80,135,0,44,50,64,72,2,147,149,210,8,4,149,40,32,138,193,20,12,180,64
3,195,32,136,148,129,140,37,4,4,80,135,0,8,50,64,72,2,19,133,214,8,4,149,40,0,142,192,20,12,184,64
3,201,0,136,148,129,142,229,4,64,80,135,32,8,50,64,72,2,19,197,198,8,4,189,32,0,142,192,28,28,184,28
2,131,0,136,148,129,140,229,4,5,80,167,40,14,50,64,76,19,131,197,82,8,0,221,40,32,142,193,20,12,180,88
98,0,66,128,100,8,168,64,136,0,48,10,140,10,112,2,42,129,23,129,0,34,2,192,20,16,138,168,5,8,115,128
2,205,10,158,148,128,14,167,20,2,88,2,96,42,32,65,65,98,19,194,114,136,8,191,32,38,158,192,20,24,176,8
130,128,18,153,50,129,184,64,174,25,80,146,140,142,96,73,230,25,19,144,18,8,2,209,12,16,26,234,20,0,33,129
2,193,0,140,20,128,132,101,4,1,80,2,32,8,48,64,72,34,19,129,82,40,0,157,32,32,138,192,21,8,176,136
50,0,66,160,68,2,104,64,37,0,242,2,11,138,36,80,122,169,23,160,8,179,0,204,146,200,130,128,37,136,98,128
2,201,36,152,28,129,138,236,134,81,88,135,104,206,50,64,72,41,187,197,194,9,14,245,40,4,142,200,21,30,48,88
3,129,32,140,132,128,140,37,4,68,80,135,32,12,50,64,72,2,19,133,212,8,4,149,32,32,138,192,20,12,176,88
35,72,98,140,68,145,140,100,68,64,80,199,32,8,181,224,72,32,19,197,197,168,4,253,32,40,138,128,29,28,120,140
2,0,146,152,108,132,184,64,174,25,80,131,140,142,112,72,238,25,19,149,2,0,2,209,4,16,154,232,148,4,49,145
35,232,102,218,84,147,138,224,86,96,112,2,32,136,182,32,88,40,18,67,199,186,44,189,40,14,139,224,85,14,80,236
2,149,18,136,18,161,184,98,44,1,90,162,44,6,32,64,102,27,19,128,18,136,0,221,0,36,138,194,20,0,33,1
35,192,34,136,84,145,140,228,68,64,80,2,32,8,54,96,72,40,19,193,198,168,36,189,32,40,138,192,21,28,240,204
82,217,18,138,90,129,30,229,143,0,208,162,44,214,32,64,102,187,159,192,66,11,2,253,184,160,142,202,52,10,165,25
3,193,32,140,4,129,140,37,4,64,80,135,32,12,50,64,72,2,19,133,212,8,4,149,32,32,138,192,20,12,176,88
2,131,34,136,148,129,140,101,4,68,80,135,40,14,50,64,76,3,147,133,210,136,4,221,32,32,138,192,21,12,180,208
2,144,146,152,53,165,184,66,30,25,80,18,140,158,48,72,205,9,19,145,2,136,2,209,13,20,154,202,144,12,49,131
18,219,32,136,28,129,154,228,135,68,208,167,40,206,50,64,110,169,159,197,202,11,6,253,176,0,138,249,21,30,53,88
0,128,0,153,52,160,40,2,62,1,82,16,172,130,32,72,192,42,19,144,18,156,67,213,4,54,154,64,148,8,49,0
10,153,114,200,119,149,255,247,45,9,124,34,44,159,164,84,238,59,19,200,210,154,32,253,102,56,138,194,23,128,225,171
130,0,146,153,36,128,56,64,60,3,82,18,172,130,32,72,230,57,51,144,2,148,2,195,4,54,218,192,148,0,49,1
34,131,0,136,148,129,156,101,4,5,80,167,32,14,50,64,76,11,131,133,82,8,0,221,32,32,138,193,21,12,180,200
51,72,98,142,84,145,234,224,197,64,208,207,34,136,183,96,104,168,23,103,205,163,36,253,48,8,138,152,93,31,120,220
2,20,178,136,51,224,184,66,14,65,88,167,12,190,32,64,239,27,147,145,146,136,0,215,8,4,154,195,149,68,37,83
46,8,98,200,68,147,203,88,69,128,117,2,64,73,181,36,88,168,18,107,128,162,44,156,82,8,129,160,119,171,112,164
3,141,115,201,246,149,184,231,76,73,92,66,168,14,180,228,238,59,18,201,215,184,36,253,46,60,138,194,23,140,169,173
2,193,0,140,4,129,12,37,4,0,80,2,32,10,32,64,64,2,19,0,80,8,0,149,32,32,138,192,20,8,176,8
34,153,99,200,215,211,157,103,13,76,92,163,40,30,180,228,110,51,147,197,209,136,52,221,35,40,138,194,55,140,180,253
3,134,34,153,54,179,184,39,30,69,90,151,172,10,50,64,103,11,19,149,182,156,5,215,44,22,154,192,156,12,185,221
2,129,22,145,52,168,184,35,46,17,90,2,172,8,16,64,98,43,59,17,18,152,65,213,12,54,154,192,132,8,145,137
40,0,106,77,68,18,107,80,100,128,119,2,121,75,181,96,120,164,23,168,136,176,37,204,66,233,162,128,103,170,112,160
0,32,18,136,125,141,184,64,142,25,112,8,140,138,96,8,134,9,2,17,2,34,2,213,5,16,10,106,144,8,3,129
34,194,96,216,31,209,152,199,22,21,84,179,40,142,182,68,78,27,179,145,6,8,38,245,2,4,154,203,21,12,181,222
2,145,22,153,3,194,56,67,44,25,82,178,12,150,32,73,230,25,179,144,18,152,19,209,21,32,218,195,20,0,165,147
2,148,54,216,211,197,176,103,30,25,88,50,44,158,36,64,231,27,147,145,178,136,18,215,9,22,26,195,145,4,165,155
2,193,32,140,148,129,140,229,4,65,80,131,32,44,54,64,72,2,19,197,208,40,4,221,40,40,142,192,21,28,176,88
2,135,32,136,214,129,156,231,6,69,88,163,40,140,50,64,76,11,147,197,214,10,6,253,56,36,142,233,21,12,180,204
3,201,1,140,4,144,142,165,68,64,80,199,32,8,176,224,72,98,19,199,197,40,4,189,32,32,142,128,29,28,184,12
2,193,0,136,132,129,140,229,4,0,80,2,32,10,48,64,72,2,19,129,80,8,0,149,32,32,142,192,21,24,176,8
2,149,16,136,155,225,176,67,14,1,72,179,12,190,32,64,235,27,179,145,18,10,18,215,25,4,154,107,149,76,165,146
2,149,18,152,155,225,152,99,6,21,72,163,12,190,32,64,107,27,147,145,18,8,18,213,9,6,154,75,149,76,165,210
3,201,1,140,4,144,142,165,68,64,80,71,32,8,182,224,72,96,18,197,197,40,36,189,32,40,142,128,29,28,248,12
3,207,0,140,20,145,142,230,4,64,88,199,32,8,54,192,72,43,19,199,199,136,4,253,32,40,138,128,29,28,184,156
2,135,32,136,148,145,140,103,6,69,88,231,32,44,50,64,76,11,147,149,214,8,4,213,40,32,138,193,21,12,188,92
3,131,32,140,4,129,140,37,4,68,80,135,32,12,50,64,76,3,147,133,212,8,4,149,40,32,138,192,20,12,180,80
2,48,4,153,78,1,184,0,140,16,144,163,140,14,112,75,110,145,155,145,2,0,66,208,4,16,154,170,21,12,37,145
60,0,98,236,70,19,218,88,69,128,245,130,91,77,189,0,126,240,151,235,136,179,44,136,82,233,161,132,119,171,112,129
194,4,150,152,96,36,184,2,190,27,18,16,140,186,112,75,135,9,51,129,34,68,130,194,4,18,218,170,144,64,33,1
2,135,34,136,146,162,184,39,4,5,90,167,8,46,50,64,110,35,147,133,148,152,4,221,40,32,138,193,20,68,185,84
38,32,2,136,76,129,138,72,134,160,145,10,64,200,105,0,88,168,91,242,2,35,138,153,16,0,139,188,21,43,50,128
3,131,2,140,150,144,188,165,12,68,82,199,44,42,50,192,102,3,147,133,212,152,4,221,40,32,142,192,28,4,185,93
3,203,97,140,20,145,142,228,68,64,80,199,32,12,182,228,72,98,19,205,199,40,36,189,34,44,142,128,29,28,120,92
2,181,16,152,52,141,16,231,30,9,88,48,172,146,32,64,197,27,2,16,50,8,2,247,40,20,26,234,16,8,129,139
