2,193,33,140,132,145,13,181,4,64,84,194,0,44,176,228,64,2,19,77,209,8,36,149,32,32,142,192,22,28,144,124
2,131,0,136,144,193,12,103,4,5,88,163,40,6,32,64,76,19,131,129,82,8,0,213,40,32,138,193,20,12,164,8
3,193,32,140,20,129,12,165,4,68,80,199,32,8,50,64,64,34,19,69,214,8,4,157,40,32,142,192,28,12,152,88
35,72,99,204,68,145,134,228,68,64,80,66,32,8,181,228,72,96,18,67,197,168,36,189,32,8,138,128,87,157,112,172
37,8,106,76,68,131,203,80,69,0,117,2,112,73,181,100,88,160,18,234,128,162,36,204,66,40,130,0,119,171,112,164
2,32,18,153,116,128,184,64,174,17,80,0,140,130,96,72,230,9,2,16,2,16,2,209,4,16,154,200,20,0,33,129
0,0,0,136,4,129,0,0,4,0,80,2,0,0,48,64,64,0,2,129,0,0,0,149,0,32,138,0,20,8,48,0
56,74,106,108,70,130,254,116,4,4,116,167,41,15,183,64,110,240,135,206,200,170,0,173,98,233,162,129,119,189,100,216
1,0,106,200,68,147,233,80,196,64,87,2,16,137,188,100,120,40,26,184,128,179,36,192,82,40,162,136,55,138,112,160
35,207,96,136,20,161,138,230,4,69,88,135,32,136,51,64,76,42,19,197,134,40,4,189,32,4,138,129,29,29,120,220
3,137,0,142,20,145,138,224,68,64,80,199,32,8,182,224,72,42,18,199,199,168,4,189,32,8,138,128,29,15,120,156
3,131,32,136,148,129,140,33,4,4,80,135,0,10,50,64,64,2,19,133,212,8,4,149,40,32,138,192,28,12,184,64
3,193,0,140,4,129,140,165,4,64,80,199,32,8,50,64,72,0,19,5,196,40,4,149,32,32,142,128,28,28,152,28
2,131,0,136,132,129,140,37,4,4,80,135,0,42,50,64,64,2,147,133,80,8,4,149,40,32,142,192,20,12,176,80
2,148,18,152,115,165,184,98,142,9,88,50,140,182,32,64,231,27,147,145,18,9,2,215,25,52,26,234,144,64,33,131
3,131,32,136,132,129,140,33,4,4,80,135,32,10,50,64,64,2,19,133,212,8,4,149,40,32,142,192,28,12,184,64
130,48,50,217,110,149,184,64,159,89,80,177,140,158,246,105,231,25,147,149,130,84,34,209,6,24,26,234,148,132,33,213
52,24,114,206,69,82,195,64,65,128,245,2,75,217,53,36,216,184,150,106,8,163,112,136,83,248,1,26,119,43,112,166
50,40,64,174,84,129,74,96,5,0,208,10,35,200,49,80,72,168,23,67,74,162,64,189,144,225,128,168,53,139,114,136
2,149,18,141,19,226,56,35,4,1,74,178,44,54,32,64,98,51,147,128,48,152,16,223,44,36,138,195,20,0,165,26
48,232,66,172,20,129,66,236,5,0,240,10,35,128,33,80,88,232,4,98,74,11,0,189,176,225,128,56,52,25,50,136
130,48,144,152,7,133,56,64,30,25,80,18,12,146,96,72,228,25,19,144,2,64,2,208,1,16,26,170,144,8,33,131
2,52,144,128,19,225,24,66,6,1,8,163,12,182,96,64,71,27,147,144,2,0,16,210,9,6,154,99,148,72,37,18
112,0,64,128,68,8,232,0,9,0,176,10,10,8,20,16,42,129,6,129,0,34,64,192,20,8,138,40,69,8,83,128
0,129,2,140,20,128,4,35,4,1,90,2,32,32,32,64,72,34,2,0,80,136,0,157,32,32,130,64,20,8,176,8
3,193,0,136,132,129,12,37,4,68,80,135,0,8,50,64,64,2,19,5,212,8,4,149,32,32,142,192,28,12,184,80
2,135,0,136,148,225,8,34,4,5,88,131,0,38,34,64,68,19,147,148,18,8,0,149,8,0,138,193,20,12,52,64
2,32,20,128,104,5,184,64,138,24,16,0,140,146,96,11,166,25,2,128,2,66,130,192,1,16,74,170,16,0,35,129
48,72,2,172,20,131,66,96,5,0,208,2,35,136,33,80,72,168,6,66,72,187,0,189,176,193,128,16,53,11,48,8
3,192,0,140,4,145,12,165,68,64,80,71,32,8,50,224,64,0,18,69,197,0,4,157,32,32,142,128,28,28,152,12
50,8,98,172,20,131,202,96,69,0,208,2,43,200,49,64,104,168,23,195,136,178,0,189,144,225,138,128,117,9,112,136
44,0,106,68,4,18,224,16,68,128,118,2,81,9,180,64,88,36,2,40,128,176,32,8,66,41,162,0,101,168,112,32
0,133,2,141,20,130,32,99,4,1,90,18,32,162,32,64,96,42,19,128,18,152,0,159,36,36,154,64,20,8,48,8
2,22,0,136,16,225,24,66,6,5,24,167,0,6,32,64,77,19,147,148,18,8,0,148,8,4,138,195,148,12,4,80
2,145,64,136,84,129,136,101,4,1,80,163,40,14,52,64,78,27,147,133,82,10,0,221,32,44,138,192,21,12,177,152
3,192,33,140,4,17,140,164,68,64,80,71,32,8,48,224,72,0,19,69,197,32,4,157,32,32,138,128,28,28,24,76
128,205,0,138,148,129,14,167,20,0,88,18,96,104,40,64,65,66,2,66,114,8,8,191,40,38,142,64,20,26,176,8
2,193,0,140,132,128,132,37,4,0,80,2,32,0,32,64,64,0,2,0,80,8,0,149,32,32,142,192,20,24,144,8
3,192,32,136,4,129,132,101,68,64,80,7,32,8,50,64,72,0,18,5,212,8,4,149,32,0,142,192,20,28,144,68
0,141,122,200,246,133,239,247,77,8,124,2,60,139,180,64,110,43,2,200,210,184,32,253,102,40,34,64,87,128,225,169
114,40,2,169,20,139,104,66,47,33,210,138,171,134,32,64,104,173,31,144,10,158,193,215,148,244,154,240,52,8,16,8
32,147,80,136,86,193,148,97,4,0,112,163,32,28,36,64,72,18,130,0,82,42,0,149,32,32,130,67,85,8,244,146
2,210,18,153,18,192,184,71,62,1,82,178,172,158,32,72,103,27,147,145,18,156,1,215,4,38,154,195,148,4,165,155
34,0,82,200,100,2,232,96,173,8,115,2,12,138,52,80,234,161,23,161,16,179,0,204,18,56,138,140,17,10,99,128
0,149,18,141,180,137,52,39,12,8,90,32,172,56,32,64,162,35,2,0,80,136,0,221,36,54,26,2,20,8,145,9
35,201,99,204,84,145,238,245,69,64,80,67,33,136,180,228,72,170,19,205,199,170,4,253,34,108,134,128,127,156,248,140
35,207,66,136,84,129,132,231,4,68,88,135,32,0,54,64,72,170,147,5,198,170,4,189,32,12,142,128,29,28,248,220
2,149,144,152,147,225,20,67,6,1,72,163,12,182,32,72,75,27,163,144,16,8,18,148,9,6,222,67,148,76,164,82
3,129,34,141,132,147,164,101,68,64,82,71,32,8,182,224,72,34,18,37,213,184,5,221,32,40,138,192,93,12,248,140
2,131,0,140,132,128,12,33,4,4,80,135,32,10,50,64,68,3,19,133,80,8,0,213,32,32,138,192,20,12,184,0
2,150,2,136,19,226,56,2,4,1,91,163,12,222,32,64,119,59,147,145,18,152,0,223,8,38,154,195,148,4,37,83
3,200,33,140,4,145,140,165,68,64,80,66,32,8,180,228,72,32,18,77,197,40,36,189,32,40,142,128,29,28,216,108
2,0,8,136,4,1,128,0,4,0,80,2,0,0,32,64,64,0,19,0,0,0,0,148,0,32,138,128,20,8,48,0
2,0,0,136,4,1,128,0,4,0,80,2,0,0,32,64,64,0,19,0,0,0,0,148,0,32,138,128,20,8,48,0
3,193,32,204,132,145,13,181,4,64,84,130,32,44,176,228,64,2,19,205,209,8,36,149,32,32,142,192,22,156,184,108
2,131,0,136,144,193,12,103,4,5,88,163,40,6,32,64,76,19,131,129,82,8,0,213,40,32,138,193,20,12,164,72
3,195,33,140,20,129,12,37,4,68,80,199,32,44,50,192,64,34,19,133,214,8,4,157,32,32,142,192,28,12,176,88
33,200,99,204,68,145,130,228,68,64,80,66,32,8,181,164,72,32,18,75,195,168,36,189,32,8,138,0,87,157,112,172
36,0,106,76,68,131,235,112,68,0,117,2,81,73,181,96,88,160,2,170,128,178,36,204,82,41,162,0,119,170,112,160
2,148,18,152,55,164,184,66,28,9,90,18,140,154,32,64,231,11,19,145,50,140,0,215,9,54,154,194,144,0,33,131
40,8,106,206,84,131,195,112,68,0,117,2,113,201,181,64,88,40,19,106,128,162,32,157,66,9,162,0,119,171,112,160
2,128,18,152,34,133,184,64,174,25,80,0,140,130,96,72,230,9,19,144,2,144,2,209,5,16,26,202,144,0,33,129
2,0,0,136,4,129,8,0,4,0,80,2,0,2,32,64,64,0,19,128,0,0,0,149,0,0,138,128,20,8,48,0
32,72,106,76,68,131,195,112,68,0,116,2,49,73,181,100,72,32,18,74,192,162,36,189,98,41,160,0,117,187,112,168
2,1,0,136,132,0,12,1,4,64,16,131,0,14,48,64,64,3,19,133,0,0,0,128,0,32,138,128,20,12,176,64
33,72,107,204,68,131,199,112,68,0,116,2,48,65,181,100,72,96,2,106,193,168,36,189,96,40,162,0,117,184,112,168
2,48,148,152,203,165,148,67,142,27,16,18,12,158,96,75,197,27,179,17,18,79,146,208,17,16,90,170,144,72,165,147
130,77,32,156,132,160,142,166,20,66,88,147,32,46,51,65,69,99,19,199,160,132,0,255,32,38,154,128,20,125,176,88
130,197,0,136,20,129,140,167,4,0,88,18,32,8,48,64,73,2,19,193,114,44,0,151,40,0,142,192,20,24,144,8
3,201,166,158,28,128,142,164,198,212,82,135,32,232,51,66,72,98,51,213,198,200,6,237,40,34,206,128,28,29,56,92
3,217,115,204,23,197,165,117,76,64,86,2,56,28,180,100,110,50,2,73,193,184,52,253,33,56,2,2,85,24,241,189
3,193,32,136,132,129,140,37,68,64,80,7,32,8,50,96,64,0,19,5,212,8,4,149,32,32,142,192,20,28,144,76
51,72,66,172,80,131,74,96,133,68,208,135,43,138,51,80,108,169,151,231,204,131,4,253,176,224,138,136,61,61,122,220
56,74,98,108,70,130,250,116,5,4,116,135,57,15,183,64,110,232,151,206,204,162,0,173,98,233,162,129,119,189,116,216
3,131,0,140,132,129,12,37,4,68,80,135,32,8,50,64,64,2,19,5,84,8,0,149,32,32,142,192,28,12,144,88
40,72,122,235,70,137,234,112,69,0,116,2,59,9,177,64,122,168,23,234,192,176,0,189,70,201,162,0,119,187,112,136
1,0,106,200,68,131,233,80,196,64,87,2,16,137,180,109,120,40,18,184,128,179,36,192,82,40,162,136,55,138,112,160
34,206,96,136,20,129,138,230,6,5,88,167,32,140,54,64,76,43,147,197,198,40,4,255,32,4,154,129,21,28,252,204
3,193,0,140,132,128,140,37,4,68,80,135,32,8,50,64,64,2,19,5,196,8,4,149,32,32,142,192,28,12,184,92
3,201,32,136,20,145,138,230,68,64,88,199,32,8,182,224,72,42,19,199,199,42,12,189,32,8,138,128,29,12,120,156
2,149,18,152,245,165,184,99,142,25,88,32,140,154,32,64,231,27,19,145,18,25,2,213,13,16,26,202,144,0,161,131
3,193,0,140,4,129,140,37,68,64,80,71,32,8,50,64,64,0,19,5,196,8,4,149,32,32,138,192,28,12,184,76
3,207,32,136,20,145,142,230,4,68,88,135,32,136,50,64,76,10,147,197,198,8,4,189,32,0,138,192,29,12,184,220
3,195,0,140,4,129,140,37,4,68,80,135,32,8,50,64,64,0,19,133,212,8,4,149,32,32,142,128,28,12,184,84
2,135,32,136,148,129,140,103,6,5,88,167,8,46,50,64,76,3,131,133,214,8,4,213,40,36,142,193,21,12,188,64
2,32,16,136,109,133,184,64,136,24,16,0,140,154,96,2,198,25,19,0,2,35,130,208,17,16,74,170,16,8,33,131
2,131,32,136,148,129,136,35,4,5,88,135,0,46,50,64,76,3,147,133,210,8,4,149,40,0,138,193,20,12,180,64
3,200,0,140,4,145,140,164,68,64,80,71,32,8,178,224,72,64,18,69,197,40,4,189,32,32,142,128,29,28,184,12
3,199,32,136,148,129,140,231,4,5,88,135,32,40,50,64,76,43,147,197,214,8,4,189,40,4,142,193,29,12,184,220
3,195,0,136,132,129,140,37,4,68,80,135,32,8,50,64,72,2,19,133,214,8,4,149,32,32,142,192,28,12,184,88
2,148,18,152,115,165,184,98,142,9,88,18,140,190,32,64,231,27,147,145,18,10,18,215,25,20,26,234,144,64,33,147
3,193,0,140,20,145,140,37,4,64,80,199,32,8,50,64,72,2,19,5,212,8,4,157,32,32,138,128,28,12,184,28
35,72,99,142,20,145,138,68,68,64,80,198,32,136,183,228,72,104,18,207,135,170,36,253,34,40,138,136,93,31,120,156
2,131,0,136,148,129,12,33,4,4,16,135,0,6,48,64,68,19,131,133,80,8,0,149,40,0,142,193,20,12,148,80
18,32,6,169,12,130,232,72,39,161,210,2,11,138,48,64,104,140,61,145,8,209,131,132,128,225,170,192,37,8,48,0
11,32,32,169,110,152,184,64,236,80,16,131,141,142,246,99,102,17,91,149,134,0,38,208,20,89,170,232,20,4,33,213
2,131,32,136,132,129,12,37,4,4,80,135,0,8,50,64,64,2,19,5,208,8,4,149,40,0,142,192,28,12,144,80
1,72,33,140,4,16,130,128,68,64,80,66,32,8,181,228,72,96,18,67,133,32,36,169,32,40,138,0,21,29,112,108
3,193,32,136,20,145,140,229,68,64,80,7,32,8,50,96,72,2,19,197,215,40,36,213,32,32,142,192,21,12,176,76
131,48,177,145,109,204,185,80,234,91,16,112,156,146,228,111,227,25,50,16,131,100,178,208,5,16,90,170,16,8,5,231
7,140,165,93,28,50,138,171,86,227,25,66,96,104,220,226,89,102,50,177,181,120,111,159,12,46,207,132,221,108,88,36
40,200,96,206,4,145,199,244,69,0,116,2,32,9,181,100,72,32,19,75,194,42,44,189,98,8,160,0,87,154,112,172
2,147,18,136,146,224,56,99,6,5,88,163,12,134,32,64,110,27,147,144,18,136,0,213,40,36,154,195,148,0,165,19
3,193,0,140,4,129,12,165,4,64,80,199,32,8,50,64,64,0,19,5,212,8,4,149,32,32,142,128,28,28,152,92
48,0,98,204,68,2,224,80,101,128,240,2,8,9,52,64,104,160,6,128,136,179,0,200,22,40,130,0,119,136,112,128
61,88,115,110,69,31,195,80,69,72,117,10,123,88,53,164,216,232,22,107,141,178,120,168,87,233,128,2,119,191,80,167
3,193,0,140,132,129,12,37,4,68,80,135,32,8,50,64,72,2,19,133,212,8,4,149,32,32,142,192,28,12,152,88
33,200,104,77,68,131,207,244,68,64,116,6,48,9,183,100,72,160,19,238,193,186,101,189,102,40,162,128,127,154,80,248
3,193,3,140,4,145,140,37,68,64,80,194,40,14,180,228,76,51,147,197,197,8,36,221,32,40,138,128,29,28,184,28
41,200,104,237,68,131,207,252,68,64,116,3,49,9,183,32,88,168,23,238,202,162,100,189,102,9,160,168,119,152,112,200
35,193,99,204,4,145,142,237,68,64,80,198,104,76,188,228,92,17,146,239,197,32,37,221,32,40,138,128,85,30,240,252
35,200,107,204,68,129,143,244,68,0,116,130,48,7,181,100,72,96,19,202,193,168,36,125,96,40,162,128,21,152,112,168
1,72,99,140,4,16,134,164,68,64,80,66,32,8,181,228,72,96,18,67,197,160,36,185,32,40,138,0,85,60,112,108
2,135,2,140,148,128,44,39,4,5,90,135,40,42,50,64,100,34,131,133,80,136,0,221,32,32,138,193,20,12,177,72
56,200,96,236,84,129,74,248,69,0,112,10,51,9,49,16,88,168,23,226,202,42,68,189,242,201,160,168,55,157,114,136
2,148,18,141,19,226,56,35,28,1,74,178,44,54,32,64,99,51,147,128,48,152,16,223,45,38,154,195,20,0,165,26
48,232,2,174,20,129,66,232,5,0,240,10,35,200,33,80,88,232,6,98,74,43,0,189,176,225,128,56,53,11,114,136
130,48,144,152,15,133,152,64,30,25,16,18,12,158,96,9,230,25,147,145,2,64,18,208,1,16,154,170,144,0,33,131
3,131,2,136,148,129,44,101,4,68,82,135,32,8,50,64,104,34,19,133,214,152,4,157,32,32,142,192,28,12,184,88
66,32,208,128,46,136,216,0,171,48,176,8,142,138,64,18,166,129,93,16,2,33,192,192,148,144,10,186,4,0,3,1
130,48,146,152,37,133,184,64,30,25,80,18,140,154,96,72,228,25,19,145,2,64,2,208,1,16,154,170,16,8,33,131
130,48,144,152,19,197,152,66,30,1,0,18,12,158,96,72,203,25,147,144,2,4,18,210,1,4,154,35,145,8,37,146
2,131,32,136,148,129,140,101,4,4,80,135,0,14,50,64,72,3,147,133,210,8,4,149,32,32,138,193,20,12,180,80
2,48,150,144,107,196,184,64,138,27,16,178,140,158,96,75,167,17,179,129,2,65,146,192,5,18,90,170,148,4,33,147
2,52,144,152,19,229,144,66,30,3,8,50,12,150,96,72,239,25,147,144,2,4,16,210,9,6,154,99,144,64,37,146
0,0,0,136,4,0,136,0,4,0,80,2,0,8,32,64,72,0,2,128,0,32,0,128,0,0,138,0,20,8,48,0
36,8,106,78,4,2,195,16,68,128,119,2,81,73,181,96,88,100,19,106,128,160,36,8,64,41,163,0,117,171,112,160
60,0,106,76,68,18,234,88,65,128,119,2,81,73,188,100,88,164,23,42,136,176,36,136,66,233,161,132,103,171,112,128
34,200,96,200,84,129,202,228,69,0,112,2,32,8,52,64,72,0,19,193,194,42,0,189,34,40,138,128,21,24,112,136
2,129,34,136,20,128,172,33,4,1,82,2,32,8,48,64,104,2,19,129,210,136,0,221,32,32,138,192,21,12,176,8
2,129,2,140,20,128,12,35,4,1,90,2,32,34,32,64,64,34,2,128,80,136,0,157,32,32,138,192,20,8,176,8
3,193,0,140,4,145,140,165,68,64,80,199,32,8,50,64,72,0,19,5,197,8,4,149,32,32,142,128,28,28,184,92
3,131,32,136,148,129,140,33,4,4,80,135,0,8,50,64,72,2,147,133,212,8,4,149,40,32,142,192,28,12,184,0
2,139,2,140,148,129,174,103,4,4,90,135,40,8,50,64,104,34,131,197,214,168,4,253,32,32,138,192,29,12,184,76
35,72,99,204,4,131,175,116,68,0,80,66,40,0,180,228,76,32,18,232,193,184,36,221,32,40,130,128,87,152,112,172
56,72,66,172,20,131,66,112,5,0,208,10,35,138,33,80,72,168,6,66,72,187,0,189,176,225,160,16,53,139,48,8
2,131,32,136,132,129,12,37,4,4,80,135,0,2,50,64,64,3,131,133,210,8,4,149,40,0,138,193,20,12,180,80
2,145,18,152,21,132,56,67,14,9,80,2,44,146,32,64,228,59,19,144,18,152,18,213,9,52,154,202,144,8,161,131
35,72,99,205,68,131,171,116,68,0,86,130,48,5,177,100,104,32,19,203,193,178,36,253,96,40,170,128,53,152,112,184
56,8,98,172,20,131,74,112,69,0,210,2,43,200,49,64,122,168,23,227,136,178,0,157,146,225,160,128,117,136,112,136
2,48,144,152,23,225,16,66,22,3,0,50,12,150,96,72,75,25,147,144,2,4,16,210,9,6,154,99,148,8,53,146
25,8,106,172,70,146,248,80,68,192,86,3,57,9,51,96,106,169,23,173,140,178,36,140,66,233,170,128,119,172,112,192
3,200,0,140,4,145,134,164,68,64,80,71,32,8,178,224,72,64,18,69,197,40,4,181,32,32,142,128,29,28,24,12
130,132,50,152,118,160,184,66,28,65,80,147,140,142,50,64,111,9,19,149,178,140,4,215,0,6,154,202,21,4,49,209
130,52,16,152,3,193,152,66,22,3,0,178,12,158,96,72,79,25,147,145,34,4,16,210,1,6,154,163,148,8,37,147
130,128,2,153,20,128,40,98,60,1,82,18,44,138,48,64,106,43,19,145,50,156,0,223,4,36,154,192,148,12,49,128
128,133,2,141,20,130,32,99,20,1,90,18,32,130,32,64,96,42,19,128,50,152,0,159,36,36,154,64,20,8,48,8
3,193,32,140,4,145,140,37,68,68,80,135,32,8,50,64,72,0,19,5,212,8,4,149,32,32,138,128,28,12,184,84
2,145,66,140,86,129,136,101,4,65,80,163,40,14,48,64,78,59,147,133,82,10,0,221,32,36,138,192,21,12,177,216
2,129,50,136,22,128,184,99,76,1,90,2,44,138,48,64,110,27,2,129,210,136,0,213,40,36,138,192,21,0,161,136
2,131,0,136,148,129,136,97,4,5,16,135,0,14,50,64,76,19,131,149,82,8,0,149,40,0,138,193,20,12,148,64
37,8,99,204,4,0,131,64,68,128,83,2,112,72,181,228,72,96,18,75,129,160,36,168,0,40,138,0,87,171,112,36
2,131,0,136,148,129,140,33,4,4,80,135,0,10,50,64,72,2,19,133,210,8,4,149,32,32,138,192,20,12,176,64
3,193,32,140,4,145,140,37,68,68,80,7,0,8,50,64,72,2,3,5,212,8,4,149,32,32,138,192,28,12,184,84
2,148,16,136,18,225,24,2,6,1,88,178,12,22,32,64,239,19,147,144,50,12,0,215,8,6,154,195,148,0,37,19
128,205,0,154,148,129,14,167,20,1,88,18,96,104,40,65,65,66,2,66,114,8,8,191,40,38,142,64,20,24,176,8
2,201,36,152,148,129,142,238,22,17,80,130,32,108,48,64,89,98,19,65,210,40,14,189,40,6,159,192,20,28,144,8
2,193,0,140,4,128,140,37,4,0,80,2,32,2,32,64,64,0,2,128,80,8,0,157,32,32,142,128,28,8,184,8
2,201,4,136,28,129,142,228,134,80,80,131,32,206,48,64,76,59,187,197,66,9,2,253,40,32,142,200,20,30,176,88
18,217,2,136,94,129,142,236,134,4,208,167,40,206,32,64,76,185,159,197,74,11,2,253,184,0,142,248,20,28,52,216
10,217,90,232,118,129,254,119,4,0,124,34,61,223,32,64,110,187,151,200,82,138,0,253,114,233,170,128,55,128,160,139
3,193,0,136,132,129,140,101,4,68,80,135,0,14,50,64,72,0,19,133,196,8,4,149,32,32,142,192,20,12,176,92
51,201,98,142,84,147,206,224,69,68,208,135,34,200,183,32,120,168,22,231,206,179,36,253,50,8,138,128,125,31,120,204
33,72,99,76,92,145,234,120,205,64,244,74,40,200,181,164,122,168,18,234,197,35,36,221,50,8,131,40,87,171,114,164
3,141,115,200,182,144,175,103,76,72,90,66,172,10,180,228,230,43,18,201,211,184,36,253,36,60,138,192,23,12,161,173
2,137,22,149,52,171,184,35,44,9,90,2,172,40,16,64,162,47,59,1,18,184,1,221,12,54,26,194,4,8,17,9
34,147,80,200,87,193,144,99,4,0,120,162,0,28,36,64,74,18,131,129,82,42,0,149,32,32,138,67,85,8,244,147
3,133,34,141,20,162,168,103,4,65,90,135,32,40,50,64,112,38,19,165,148,152,5,223,44,38,154,192,28,12,184,92
2,144,50,152,119,173,184,66,173,73,88,39,140,158,50,64,231,41,23,21,146,29,16,215,133,20,26,234,148,12,49,211
34,133,96,200,149,241,144,98,68,1,88,35,0,56,180,96,72,19,147,129,18,40,36,213,3,44,138,195,149,12,116,134
2,134,2,137,22,160,168,39,60,5,90,151,172,14,34,64,103,43,147,148,18,152,1,215,12,38,154,192,148,12,177,216
18,0,0,169,20,128,72,64,13,1,82,2,141,10,48,64,106,137,23,145,26,152,65,213,136,192,138,192,181,8,49,0
2,130,18,153,18,224,184,7,62,5,90,179,172,142,32,72,103,27,147,145,18,152,1,215,4,38,154,195,148,0,165,155
2,150,98,152,82,193,184,103,28,5,88,183,44,174,38,64,111,59,147,129,54,152,20,223,40,38,154,195,21,4,165,219
54,0,114,200,116,146,250,64,205,8,241,2,8,139,52,112,254,161,23,161,152,179,32,204,18,248,138,200,87,139,112,132
56,72,106,108,84,147,194,112,69,0,240,10,43,9,53,48,120,168,23,227,136,187,36,188,18,237,160,0,119,169,112,140
59,72,99,76,84,147,207,116,69,64,116,2,113,200,182,100,88,168,23,238,205,178,36,157,34,104,160,136,119,158,112,236
3,201,98,140,84,145,174,231,68,68,92,199,40,140,182,228,110,43,19,205,198,138,36,253,48,40,138,200,31,12,184,252
0,157,18,141,180,141,52,39,12,8,90,32,172,58,32,64,230,35,34,0,80,136,0,221,37,54,30,2,16,72,129,9
3,195,32,136,4,129,140,37,4,68,80,135,0,8,50,64,72,0,19,5,196,8,4,149,40,32,142,192,28,12,152,92
35,201,99,206,84,145,238,245,71,64,80,66,33,136,180,228,72,170,19,205,199,170,6,253,34,108,134,128,127,158,248,140
2,145,50,140,150,192,156,103,68,5,90,163,40,172,52,64,108,59,131,129,82,168,6,221,32,36,158,67,21,12,180,218
48,201,106,206,84,129,199,244,69,0,252,10,51,201,181,4,88,168,23,235,200,171,36,189,112,140,160,56,117,154,112,168
3,192,0,140,4,145,132,165,68,64,80,199,32,8,50,192,72,0,19,5,197,40,4,149,32,32,142,128,29,28,152,76
35,205,67,140,84,145,198,231,69,64,120,66,32,8,180,164,72,170,22,65,207,170,36,189,50,12,134,128,127,152,248,140
35,207,98,136,84,129,134,231,4,68,88,135,32,8,54,64,72,170,147,5,198,170,4,189,32,12,158,128,29,28,248,220
2,131,0,140,128,128,12,37,4,4,80,199,32,34,50,192,68,2,131,133,84,8,4,213,32,32,142,193,28,12,184,88
2,195,32,136,148,193,140,231,6,5,24,163,32,172,48,64,72,26,131,209,82,8,0,181,40,36,142,233,20,12,180,200
131,195,32,152,132,129,140,37,20,68,80,151,0,8,50,64,72,2,19,133,244,12,4,151,32,34,154,192,28,12,152,80
2,149,144,152,147,225,20,67,6,1,72,163,12,182,32,64,207,27,163,144,18,8,18,212,41,6,158,67,148,76,165,82
3,201,32,138,20,145,142,165,68,64,80,71,96,72,58,96,88,34,19,71,215,40,12,189,32,0,142,192,29,30,152,12
3,143,34,140,148,131,142,107,4,4,88,135,96,106,50,64,92,34,19,229,214,136,4,221,32,32,138,192,28,14,184,200
3,193,1,136,4,145,140,165,68,64,80,70,32,8,180,228,72,0,18,13,197,40,36,157,32,40,142,128,29,28,176,108
3,193,35,141,148,147,164,101,68,64,82,70,32,8,180,224,72,34,18,37,213,184,101,221,36,40,138,192,93,12,248,140
2,143,2,140,146,226,186,99,4,5,91,163,104,110,32,64,94,51,147,160,18,136,0,221,32,38,138,195,20,14,165,17
3,193,0,140,132,129,140,101,4,64,80,199,32,10,50,192,76,3,19,133,212,8,4,221,32,32,138,128,28,12,184,8
32,200,122,204,102,129,191,244,68,0,116,2,56,9,181,96,110,40,19,74,192,168,36,253,98,41,34,0,119,152,97,169
2,150,2,136,18,226,184,106,4,5,90,163,8,174,32,64,127,59,147,145,18,152,0,221,8,38,154,195,148,4,37,83
34,40,2,140,92,129,138,64,132,192,208,143,32,206,51,64,92,169,155,231,2,3,2,221,16,0,139,184,21,47,48,208
2,8,36,136,29,129,138,64,134,64,80,131,32,204,51,64,92,40,59,213,130,1,10,189,1,0,139,168,20,15,48,200
3,200,97,204,4,145,135,228,68,64,84,66,32,8,181,228,72,96,18,75,193,40,36,189,32,40,130,128,87,156,80,236
2,147,14,152,154,192,61,103,132,21,88,167,44,134,32,64,102,27,179,129,82,136,2,213,40,32,154,201,20,0,165,89
0,0,1,136,4,129,8,0,4,0,80,66,0,10,32,64,64,0,2,128,0,0,0,144,0,0,138,0,20,8,48,0
2,0,0,138,4,129,128,0,4,0,81,2,0,0,32,64,72,0,19,2,0,32,8,145,0,32,138,128,20,10,48,0
2,195,32,136,20,129,141,101,6,5,80,135,32,138,50,64,72,10,3,133,210,10,0,149,32,32,138,201,20,8,180,200
2,131,0,136,144,193,12,103,4,5,88,163,40,6,32,64,76,19,131,129,82,8,0,213,40,32,138,193,20,12,164,72
2,195,33,140,20,129,12,37,4,69,80,199,32,12,50,192,68,3,147,133,210,8,4,221,40,32,142,192,28,12,184,88
33,72,99,204,68,145,131,96,68,64,112,66,32,8,181,164,72,32,18,75,195,168,36,189,32,8,130,0,87,157,112,172
56,0,106,76,68,18,232,80,69,128,118,2,81,9,181,64,120,168,23,168,136,178,36,140,82,233,160,128,119,168,112,128
2,128,18,153,52,164,184,66,30,9,82,18,172,138,48,72,227,43,19,145,50,156,2,215,4,54,154,194,144,0,33,129
40,0,106,206,84,131,203,112,68,0,117,2,113,201,181,96,88,168,19,170,128,178,36,156,66,9,160,128,119,171,112,160
2,128,18,153,51,133,184,64,62,25,80,2,140,146,32,72,230,25,19,144,2,156,2,209,5,16,26,202,144,0,33,129
2,0,0,136,4,129,8,0,4,0,80,2,0,2,32,64,64,0,2,0,0,0,0,149,0,0,138,128,20,8,48,0
32,72,106,76,68,131,195,112,68,0,116,2,49,73,181,96,72,96,18,234,192,162,36,189,66,41,162,0,117,187,112,168
2,1,32,136,132,0,140,5,4,64,80,3,0,10,48,64,64,2,19,133,128,0,0,128,32,32,138,128,20,28,176,0
32,72,106,76,68,131,227,112,68,128,118,2,113,73,177,96,88,32,2,234,192,178,36,45,66,169,162,0,119,187,112,168
2,135,32,136,148,129,140,103,4,5,88,135,32,46,50,64,76,3,131,133,214,8,0,221,40,36,138,193,20,12,180,72
2,135,32,136,148,129,140,39,4,5,88,135,32,46,50,64,68,3,147,133,214,8,0,213,40,32,142,193,20,12,180,88
6,142,128,154,144,225,154,199,22,7,88,179,0,238,34,72,73,27,131,145,50,8,8,183,40,6,158,227,148,77,180,202
2,129,0,140,4,128,12,37,4,0,80,2,0,8,48,64,64,2,19,1,80,8,0,149,32,32,138,192,20,8,176,0
130,196,0,136,148,129,140,167,20,2,88,18,32,8,32,64,73,2,19,128,112,12,0,215,40,0,142,192,20,24,176,8
2,131,32,136,148,129,140,39,4,4,88,135,0,46,50,64,68,3,147,133,208,8,0,213,40,32,138,193,20,12,180,64
3,133,32,141,148,147,172,39,68,97,90,199,160,40,50,64,104,34,19,165,212,152,69,157,44,52,138,192,29,12,184,28
130,205,32,156,132,161,142,230,20,66,88,147,32,44,51,64,77,98,19,199,224,12,4,191,32,38,154,128,21,93,176,72
3,203,166,158,28,128,142,164,134,84,80,135,32,232,51,66,72,98,51,213,198,200,6,237,40,34,222,128,156,30,56,92
1,217,122,204,86,197,165,117,76,0,116,2,48,29,180,100,110,50,2,200,193,184,52,253,97,40,2,0,85,152,229,185
3,193,32,136,132,129,140,37,68,64,80,7,32,8,50,96,64,0,19,5,212,8,4,149,32,32,142,192,20,28,144,68
40,74,106,76,70,211,255,116,4,4,116,163,49,15,179,64,110,176,135,204,200,170,36,125,98,169,162,129,119,152,100,249
3,131,0,140,132,129,12,37,4,68,80,135,32,12,50,64,64,2,19,5,84,8,4,149,32,32,142,192,28,12,144,88
40,72,106,235,68,147,235,240,68,0,118,2,57,9,177,96,106,168,23,202,192,176,36,253,102,201,162,128,119,155,112,168
1,0,106,200,68,2,233,80,196,0,86,2,17,139,180,105,106,8,19,184,128,179,36,192,86,41,162,140,55,136,113,160
3,195,0,136,132,128,140,37,4,68,80,135,32,8,50,64,64,2,19,133,212,8,4,149,32,32,142,192,28,12,184,92
3,207,32,136,20,145,138,230,70,68,88,135,32,8,50,64,72,42,147,197,198,40,4,189,32,0,138,192,29,12,56,220
2,149,18,153,244,165,184,99,174,25,88,32,140,138,32,64,231,11,19,17,18,24,2,213,12,20,26,202,144,8,161,129
3,193,0,140,4,129,140,37,68,64,80,71,32,8,50,64,64,0,19,5,196,8,4,149,32,32,138,192,28,12,184,76
3,207,32,136,20,129,142,231,4,5,88,135,32,136,50,64,76,43,147,197,198,8,4,189,40,0,142,193,29,12,184,220
3,192,0,140,4,144,140,165,68,64,80,199,32,8,178,224,72,0,19,197,197,40,4,157,32,32,138,128,28,28,184,28
3,195,0,136,148,129,140,229,4,5,80,135,32,40,50,64,76,2,147,197,214,8,4,157,40,32,142,192,28,12,184,92
48,0,64,225,68,2,64,80,1,32,242,2,11,8,20,80,104,132,4,128,8,178,65,128,146,200,128,0,101,136,112,128
3,201,0,140,4,145,132,165,68,64,80,71,32,8,182,224,72,0,18,69,197,40,4,189,32,40,142,128,29,28,248,12
3,193,0,140,4,145,140,165,4,68,80,199,32,8,50,64,72,2,19,5,196,40,4,157,32,32,142,128,29,28,184,92
2,199,32,136,20,129,140,231,6,5,88,135,32,140,50,64,76,43,147,133,198,8,4,221,32,4,158,193,21,28,180,200
2,148,18,136,211,229,184,99,14,9,88,18,12,190,32,64,231,27,147,145,18,10,18,215,25,20,154,234,144,0,165,147
3,193,0,140,4,145,140,165,68,64,80,199,32,8,50,192,72,0,19,69,199,40,4,157,32,32,138,128,29,28,184,28
130,128,242,217,116,168,168,2,126,17,114,18,136,138,52,72,107,41,19,145,130,188,3,209,12,58,154,192,149,8,113,128
2,148,50,152,115,165,184,66,31,25,88,50,12,158,36,72,231,27,147,145,146,14,0,215,13,30,154,202,144,4,33,147
39,8,99,78,84,146,170,80,68,192,113,66,96,200,181,228,88,40,18,239,133,178,36,237,2,40,130,128,95,175,112,228
2,131,0,136,148,129,12,33,4,4,80,135,0,6,48,64,68,3,131,133,80,8,0,149,40,0,142,193,20,12,180,80
18,0,6,173,4,130,232,72,5,161,210,2,11,138,48,73,104,172,63,145,8,249,131,196,144,224,154,192,37,8,49,8
3,193,32,140,4,145,140,101,68,64,80,199,32,8,178,224,72,34,19,133,197,40,4,157,32,32,142,128,29,28,184,12
3,48,54,185,46,145,184,64,174,80,80,163,141,142,246,107,166,25,159,149,134,0,38,209,134,88,90,234,20,4,33,213
50,160,96,226,116,137,232,112,9,1,49,10,143,75,92,16,254,137,23,177,202,50,0,213,134,216,138,236,119,138,115,129
2,0,106,129,66,9,185,80,172,64,150,131,157,7,160,82,110,145,95,140,128,3,64,192,214,9,170,192,53,136,33,241
2,129,2,140,148,129,12,37,4,0,80,2,32,2,48,64,64,34,19,129,80,8,0,157,32,32,138,192,20,8,176,8
66,176,50,200,125,133,152,72,139,25,176,8,140,158,124,2,134,17,31,17,210,11,130,209,25,24,10,254,20,12,35,129
3,200,33,140,4,145,142,228,68,64,80,70,32,8,182,224,72,96,18,197,197,168,36,189,32,40,138,128,29,28,120,76
2,131,32,136,132,129,12,37,4,4,80,135,0,8,50,64,64,2,19,5,208,8,4,149,40,0,142,192,28,12,144,80
138,50,30,184,108,197,185,80,138,92,20,181,156,159,226,11,134,17,131,0,2,65,130,192,71,17,122,171,16,128,37,243
1,72,1,140,4,16,134,164,68,64,80,66,32,8,181,228,72,96,18,71,197,32,36,185,32,40,138,0,21,29,48,12
3,193,32,136,20,145,140,229,68,64,80,7,32,8,50,96,72,2,19,197,214,40,36,213,32,32,138,192,21,12,176,76
3,48,179,217,101,204,185,80,238,91,84,48,156,150,230,47,167,25,50,16,131,116,178,208,69,16,90,170,16,0,37,183
66,32,16,136,108,140,184,64,138,24,16,8,140,138,112,3,134,25,19,17,2,35,130,208,20,16,74,170,20,8,1,129
3,160,165,29,28,50,168,42,86,225,83,66,224,104,212,226,89,44,50,177,167,244,239,159,12,46,155,196,221,44,88,36
40,200,96,206,68,145,199,244,69,0,116,2,32,73,181,100,72,32,19,75,194,42,44,189,98,8,128,0,119,154,112,172
2,147,18,136,146,224,56,99,14,1,88,163,12,134,32,64,111,27,147,144,18,136,0,213,8,36,154,195,20,4,165,19
128,192,0,136,4,129,12,165,4,0,80,18,0,10,32,64,64,0,2,0,112,44,0,151,40,32,138,64,20,8,176,8
7,205,162,158,148,48,142,175,84,71,91,135,96,104,59,96,81,98,19,231,245,136,44,170,32,38,206,128,156,127,184,92
3,193,0,140,4,129,12,165,4,64,80,199,32,8,50,64,64,0,19,5,212,8,4,157,32,32,142,128,28,28,152,88
48,0,98,204,68,2,224,80,101,0,240,2,8,9,52,64,104,160,6,128,136,179,0,200,22,40,130,0,87,136,112,128
41,72,104,79,100,157,239,240,69,72,116,66,114,73,183,96,88,224,22,74,197,178,100,189,103,57,160,128,87,187,88,233
37,8,106,76,4,2,235,80,68,128,119,2,81,65,181,100,120,100,18,234,129,176,36,8,64,40,163,128,117,171,112,160
3,193,0,140,4,129,140,37,4,64,80,135,32,8,50,64,72,2,19,133,196,8,4,157,32,32,138,192,28,12,184,88
3,193,1,140,4,145,140,37,68,64,80,194,40,14,180,228,76,51,147,197,197,8,36,221,32,40,138,128,29,12,184,28
41,200,104,205,68,131,207,252,68,64,116,3,49,9,183,32,88,136,23,238,202,178,100,189,102,9,160,160,119,154,80,232
32,72,106,204,68,129,207,244,68,0,84,130,48,5,181,96,72,96,19,202,192,168,36,253,96,40,170,128,53,152,112,168
3,193,99,140,4,145,142,109,68,64,80,194,104,76,188,228,94,17,146,239,199,168,45,221,32,40,138,132,85,30,241,156
56,72,66,174,68,129,66,240,5,0,240,10,51,201,49,80,72,232,23,67,72,34,0,189,242,233,160,24,55,187,112,136
2,135,2,140,148,128,44,35,4,5,90,135,40,42,50,64,100,35,131,133,82,136,0,213,40,32,138,193,20,12,181,72
56,232,104,232,84,129,74,252,69,0,116,10,51,73,57,16,88,168,23,234,202,58,64,189,118,201,160,168,119,152,114,200
2,135,2,136,18,224,186,39,12,5,90,179,44,46,32,64,102,51,147,129,18,152,0,255,36,36,138,195,20,12,181,81
56,232,64,172,84,129,66,252,7,0,240,10,35,200,48,16,88,168,6,99,74,42,0,189,176,201,160,56,53,155,114,136
56,0,98,225,68,2,232,80,65,160,118,2,19,9,188,64,120,132,23,168,136,178,1,128,86,233,160,132,103,168,112,128
130,48,144,152,7,133,152,64,30,27,16,18,12,158,96,9,230,25,147,145,2,68,18,208,1,16,154,170,144,4,33,147
2,176,148,152,107,133,176,64,142,25,16,32,140,150,96,11,134,25,179,16,2,72,146,209,9,16,90,234,144,0,37,147
3,131,2,136,148,129,172,101,4,68,82,135,32,8,50,64,104,34,19,133,214,152,4,157,32,32,138,192,28,12,184,88
2,32,18,136,108,4,184,64,138,24,16,2,140,138,112,66,238,9,19,129,2,35,130,208,4,16,202,170,20,8,33,129
7,8,99,206,4,18,139,16,68,192,87,66,112,64,181,228,88,96,18,235,129,160,44,232,0,40,131,128,23,175,112,100
3,193,0,140,4,145,140,229,68,64,80,199,32,8,50,192,72,0,19,197,197,40,4,157,32,32,138,128,29,28,184,28
2,151,32,136,146,225,152,67,6,69,24,167,12,46,34,64,79,19,147,145,146,8,4,213,40,4,158,195,148,68,181,83
2,139,32,136,148,129,12,165,4,4,80,135,32,42,50,64,64,35,131,197,210,8,4,189,40,32,142,192,20,12,176,72
130,48,146,152,99,133,184,64,158,25,80,18,140,146,96,72,165,25,51,16,2,68,130,208,1,16,90,170,144,0,33,131
130,22,18,152,22,161,184,66,30,71,80,183,12,142,32,72,111,25,147,149,34,12,0,215,8,6,154,195,149,68,37,209
0,0,0,136,4,1,0,0,4,0,16,2,0,8,48,64,72,0,19,129,0,0,0,144,0,32,138,0,20,8,48,0
2,133,2,136,20,160,40,99,36,1,90,131,40,14,48,64,100,3,19,133,18,136,0,213,0,32,138,192,20,4,177,80
60,0,98,100,68,2,192,88,65,128,119,2,67,73,188,0,88,164,23,168,136,178,0,136,18,233,161,132,103,170,112,128
60,0,106,108,68,2,224,80,68,128,119,2,81,73,184,64,88,164,6,40,136,176,0,8,66,169,162,4,101,170,112,128
34,200,96,206,84,129,140,228,68,0,80,2,32,8,52,64,72,0,19,193,194,42,4,189,34,40,138,128,21,154,112,136
2,129,34,136,20,128,168,37,68,0,80,2,40,8,48,64,104,2,19,129,210,168,4,213,32,32,138,192,21,12,176,0
2,131,32,140,148,129,140,101,4,68,80,135,0,14,50,64,76,3,147,133,212,8,4,149,32,32,142,192,28,12,184,92
2,148,16,152,151,229,152,66,22,3,72,147,12,158,96,72,205,27,147,145,50,12,16,215,9,6,154,67,144,72,53,146
2,135,32,136,148,193,156,167,4,5,88,167,40,46,50,64,76,3,147,213,82,8,4,221,40,32,142,193,20,12,180,88
3,192,0,140,4,145,140,165,68,64,80,199,32,8,178,224,72,32,19,69,197,40,4,157,32,32,138,128,29,28,184,12
2,131,32,136,150,129,156,167,4,69,88,167,40,46,50,64,68,35,147,133,82,8,0,221,40,32,142,193,20,12,180,88
37,8,99,78,4,18,131,80,68,128,119,66,112,64,181,100,88,96,18,106,129,160,44,168,0,40,130,0,85,171,112,36
2,139,34,136,20,129,168,103,4,5,88,167,32,42,50,64,108,43,131,197,214,168,0,221,40,36,138,193,21,12,180,200
56,8,66,172,20,139,66,112,5,0,242,10,35,136,49,80,120,168,12,99,72,171,0,189,144,225,160,24,53,139,112,8
2,135,0,136,146,225,24,99,4,5,88,163,8,38,32,64,77,19,131,144,18,8,0,213,8,4,138,195,148,76,180,80
35,72,99,204,68,131,175,116,68,0,86,194,48,5,181,100,104,32,18,203,193,176,36,237,32,40,170,128,23,152,112,168
18,8,98,172,20,131,200,64,205,0,210,2,47,136,49,64,122,169,23,161,136,179,4,204,144,224,138,128,117,136,48,8
2,20,128,136,23,225,16,66,6,1,72,163,12,54,32,64,75,19,147,144,18,8,0,215,9,6,154,67,148,76,53,18
25,0,98,172,70,2,248,80,69,64,86,2,25,11,51,96,110,169,23,169,140,178,4,204,210,233,170,128,55,172,113,193
2,0,70,136,86,130,168,64,132,0,242,2,40,138,36,64,110,41,27,144,2,155,0,204,16,40,138,192,21,8,33,128
3,200,1,140,4,145,134,164,68,64,80,66,32,8,180,224,72,96,18,71,197,40,4,189,32,40,142,128,29,28,56,12
130,148,34,152,118,161,184,66,28,67,80,179,140,142,50,72,111,9,19,149,178,140,4,215,8,22,154,202,20,4,49,193
3,195,32,140,132,145,140,37,4,68,80,135,32,8,50,64,72,2,19,5,212,8,4,149,32,32,138,128,28,28,184,92
130,128,2,153,20,128,40,98,28,1,82,18,44,138,48,64,106,43,19,145,50,156,0,223,4,38,154,192,20,12,49,128
128,133,2,157,20,130,32,99,52,1,82,18,32,130,32,64,96,42,19,128,50,156,0,223,4,36,154,64,20,8,48,8
3,200,33,140,4,144,134,164,68,64,80,67,32,8,182,224,72,64,18,69,197,32,36,189,32,40,138,128,29,29,120,76
2,193,98,136,84,129,136,101,4,65,80,131,40,14,48,64,78,59,147,133,210,10,0,221,32,4,138,200,21,12,176,216
2,133,50,136,22,128,184,99,12,1,90,2,44,138,48,64,110,27,19,129,210,136,16,213,40,36,138,192,21,8,161,136
2,201,32,136,84,129,140,229,4,0,80,130,32,142,48,64,72,42,19,193,194,10,0,253,32,0,138,200,21,12,176,136
2,131,32,136,148,129,136,39,4,5,88,135,32,14,50,64,76,3,131,133,210,8,4,149,40,0,138,193,20,12,148,64
37,8,98,206,4,2,131,80,68,128,87,2,112,73,181,100,88,96,18,107,128,160,36,136,64,40,170,0,87,171,112,160
3,129,0,136,132,128,140,37,4,4,80,135,32,8,50,64,72,2,19,5,212,8,4,149,32,32,142,192,28,12,184,8
3,8,99,204,4,16,138,192,68,64,84,66,32,8,181,228,72,96,18,207,133,160,36,169,0,40,138,128,21,61,120,108
3,193,32,140,4,145,140,165,68,68,80,7,32,8,50,96,72,0,18,5,197,40,36,149,32,32,138,128,28,28,152,76
2,148,18,152,50,225,56,66,30,3,80,178,12,22,32,72,231,19,147,144,50,12,0,215,8,38,154,195,148,0,37,3
0,205,0,154,148,129,14,167,20,1,88,2,96,106,40,65,65,66,2,66,114,40,8,191,40,38,142,64,20,24,176,8
2,201,36,152,20,129,142,238,22,17,80,130,32,204,48,64,89,106,19,65,210,40,14,189,40,6,159,192,20,28,144,8
0,200,1,140,4,129,4,164,4,0,80,66,32,0,32,192,72,96,19,64,65,40,0,189,32,32,142,0,28,24,48,8
2,201,0,136,28,129,142,229,134,64,208,131,32,206,48,64,76,41,187,197,66,11,2,253,40,32,142,248,20,28,176,216
50,217,2,136,94,129,142,229,132,4,208,167,40,206,32,64,76,185,159,229,74,11,2,253,184,0,138,184,21,28,180,216
35,201,98,142,92,145,138,228,196,68,208,15,32,200,183,96,72,168,19,71,198,171,38,189,48,8,138,184,93,31,120,220
10,221,122,200,118,129,191,119,4,0,124,34,61,159,160,64,110,187,23,200,210,136,32,253,98,169,170,192,55,128,161,171
33,72,99,72,92,147,235,88,205,0,244,66,40,201,181,164,122,168,2,234,193,35,38,221,50,8,131,40,87,170,114,164
3,193,32,140,20,145,132,229,68,64,80,7,32,8,178,96,72,0,18,69,196,40,36,149,32,32,142,192,20,28,176,76
58,219,106,172,86,211,159,117,4,68,84,167,49,13,182,64,78,186,151,197,216,154,36,189,98,105,170,193,55,156,244,218
51,203,98,174,84,147,206,224,69,68,240,135,43,200,183,32,120,168,23,231,206,187,36,189,50,104,130,128,127,159,120,220
66,137,2,137,52,171,168,3,46,33,90,2,172,138,32,64,226,46,59,16,18,152,1,213,4,52,154,192,4,8,17,8
34,145,80,136,86,193,144,99,4,0,120,162,8,28,36,64,78,19,130,1,82,42,0,149,32,0,10,67,85,8,164,147
3,141,51,201,182,144,175,103,76,65,90,66,172,42,180,228,230,43,19,141,215,184,36,253,36,60,138,192,20,12,161,237
3,133,2,141,20,179,168,103,68,65,90,199,32,40,50,224,104,42,19,165,213,184,5,223,36,38,154,192,29,12,184,28
130,132,0,153,20,169,168,34,22,1,80,18,160,8,48,64,73,2,19,145,50,188,65,159,4,38,154,192,21,8,16,0
2,131,0,136,132,129,140,37,4,4,80,135,32,10,50,64,76,3,147,133,80,8,4,213,32,0,138,192,20,12,180,72
2,145,50,136,115,225,184,66,174,89,88,35,172,158,102,96,230,27,155,145,150,9,18,213,29,16,26,203,20,4,37,215
3,148,32,152,23,181,144,66,86,75,88,51,8,28,54,96,201,25,147,145,150,44,48,215,9,14,154,194,149,12,48,199
44,0,74,200,84,2,201,88,4,0,85,2,80,193,184,68,88,40,19,184,0,178,32,200,64,41,170,4,23,170,112,160
2,134,2,137,18,162,184,103,52,5,90,183,168,38,34,64,111,59,147,148,18,152,1,215,4,38,154,193,148,4,165,88
2,134,34,153,54,160,184,6,62,5,90,183,172,142,50,64,103,59,147,149,146,152,0,215,12,20,154,195,148,4,37,217
2,150,114,152,83,192,184,103,28,69,90,183,44,142,38,64,230,59,147,129,50,152,16,223,41,38,154,195,21,4,165,219
50,8,98,232,116,146,234,112,77,0,244,2,43,9,181,112,106,160,23,235,136,179,36,204,18,252,130,136,119,171,112,132
43,201,99,206,84,147,206,117,68,64,84,198,49,204,182,228,88,168,19,207,197,170,36,221,34,40,170,136,119,158,112,236
3,205,98,140,84,145,174,231,68,68,92,199,40,140,182,228,110,43,147,205,214,138,36,253,48,40,138,136,31,12,185,220
53,0,107,206,76,3,195,88,69,128,245,10,82,72,189,32,88,160,23,107,136,163,44,136,80,40,129,8,101,171,112,132
0,157,18,141,181,141,52,39,12,9,90,0,172,58,32,64,226,35,34,0,80,136,0,221,37,54,30,2,16,72,129,9
2,145,34,140,150,192,188,103,68,5,90,163,40,172,52,64,108,59,147,129,82,168,22,221,32,36,158,67,21,12,180,218
48,73,106,204,84,131,195,116,69,0,252,10,51,201,181,16,88,168,23,233,202,43,4,189,114,141,160,184,117,186,114,168
2,131,32,136,148,129,140,37,4,68,80,135,0,12,50,64,76,2,147,133,214,8,4,149,40,0,142,193,20,12,188,80
35,207,96,140,84,129,132,231,4,69,88,135,32,140,54,64,72,170,147,69,214,170,4,189,32,44,158,128,85,28,248,204
2,195,0,140,144,128,12,165,4,68,80,199,32,42,50,192,68,3,131,133,212,8,4,221,32,32,142,193,28,12,184,92
2,231,32,136,148,193,140,231,6,5,24,163,32,140,50,64,72,26,131,209,82,8,0,181,40,36,142,233,20,12,180,202
2,20,20,136,27,225,152,66,134,1,8,163,12,158,32,72,79,27,155,145,18,9,16,214,9,4,154,227,148,76,37,18
2,149,144,136,147,225,20,67,6,1,72,163,12,182,32,64,207,27,131,144,18,8,18,212,41,4,158,67,148,76,165,82
3,201,32,138,20,145,142,229,68,64,80,71,96,72,58,192,88,34,19,103,215,40,12,189,40,0,143,192,29,14,184,12
2,141,0,142,18,225,58,227,4,5,88,163,104,38,32,64,78,51,147,128,82,8,8,253,40,36,138,195,20,6,165,90
3,193,1,140,4,145,140,165,68,64,80,70,32,8,178,224,72,0,18,197,197,8,36,157,32,32,142,192,28,28,176,76
2,143,2,140,146,227,154,107,4,5,90,163,104,110,32,64,94,51,147,161,18,136,0,221,40,36,138,195,20,14,181,64
35,193,99,137,20,155,164,229,68,64,82,66,160,8,180,224,104,34,18,197,197,184,101,221,36,40,142,192,85,28,248,236
3,193,1,140,132,145,140,37,4,64,80,199,32,8,50,192,72,34,19,197,197,8,4,157,32,32,142,192,29,28,184,28
35,201,115,204,102,145,175,244,76,0,116,2,56,8,180,100,110,32,18,201,193,168,36,253,34,56,162,128,87,152,113,173
6,143,132,158,149,133,2,162,22,25,88,66,96,98,48,192,209,98,35,195,114,72,10,191,40,38,207,65,16,42,48,10
2,150,2,136,18,226,184,66,6,69,90,163,12,142,32,64,127,57,147,145,18,152,0,215,8,36,154,195,148,4,37,83
2,104,2,136,92,129,138,64,134,192,208,139,32,206,51,0,92,169,155,231,66,3,2,221,17,4,139,184,21,15,48,208
2,32,242,217,116,145,184,80,127,25,116,18,140,139,244,108,239,9,19,152,147,188,34,209,70,28,154,192,150,128,97,165
3,201,97,140,4,145,140,229,68,64,80,66,32,8,180,228,72,32,18,205,197,40,36,189,32,40,142,128,31,28,120,44
2,131,42,136,154,128,189,229,134,5,208,167,44,142,50,64,110,27,187,133,210,11,2,213,56,32,138,203,20,8,181,217
35,205,97,204,84,145,143,230,68,64,92,66,32,8,180,228,72,34,18,203,199,40,36,189,34,44,138,128,87,156,120,236
2,147,11,136,146,192,61,103,132,21,90,167,36,134,32,64,102,27,179,129,82,136,2,213,104,32,186,203,20,0,165,121
2,0,0,136,4,129,8,0,4,0,64,2,0,10,32,64,72,0,19,128,0,0,16,144,0,0,138,0,20,8,48,0
2,0,0,138,4,1,10,0,4,0,81,2,0,10,48,64,72,0,19,195,0,0,8,176,0,0,138,128,20,11,48,0
2,131,0,136,146,193,28,103,4,5,88,163,40,6,32,64,78,19,131,128,82,8,0,221,40,32,138,195,20,12,165,91
2,195,33,140,20,129,12,37,4,69,80,199,32,12,50,192,64,2,147,133,210,8,4,157,32,32,138,192,28,12,184,88
2,131,34,136,148,129,140,101,4,5,80,135,32,14,50,64,76,3,147,133,210,8,4,221,32,0,138,193,21,12,180,72
35,72,99,204,68,145,142,228,68,64,80,66,32,8,181,228,72,32,18,203,197,168,36,189,32,40,138,128,93,157,112,172
2,132,18,152,55,164,56,66,62,9,88,18,140,150,32,64,231,27,19,144,18,140,0,215,13,22,154,194,144,0,33,131
40,0,106,76,68,18,233,80,68,0,118,2,81,9,181,96,120,168,23,168,136,178,36,140,82,169,162,128,119,170,112,160
35,72,99,206,68,145,143,224,68,64,80,66,32,8,181,228,72,40,18,203,193,170,36,253,32,40,138,128,85,31,112,236
130,128,18,152,52,164,56,66,30,9,82,18,172,138,48,72,231,9,19,145,50,156,2,215,4,54,154,192,144,8,33,129
2,144,18,152,115,133,56,64,158,25,80,50,140,158,96,72,230,25,147,145,2,136,2,213,1,16,26,202,144,0,33,131
2,0,18,153,70,128,184,64,172,17,80,2,172,138,96,74,110,25,27,144,2,16,2,193,4,16,138,136,20,0,33,129
2,1,0,136,4,161,8,2,4,0,88,2,0,2,32,64,72,0,19,128,0,0,0,213,0,0,138,128,20,72,48,0
26,0,98,229,70,2,232,80,65,0,118,2,9,11,52,64,122,133,21,169,136,178,5,200,18,233,162,128,103,140,112,128
0,32,82,136,116,137,168,64,172,1,112,2,140,138,96,0,106,9,2,144,2,34,0,209,4,16,138,104,85,8,97,128
2,65,32,136,132,0,140,5,4,0,80,131,0,14,48,64,64,0,19,133,208,0,4,128,32,32,142,128,20,28,176,64
3,195,2,136,20,129,140,101,4,68,80,135,32,8,50,64,72,35,19,133,214,40,4,157,32,32,142,192,29,12,184,92
3,201,0,140,20,145,140,229,68,64,80,199,32,8,50,64,72,34,19,197,199,168,4,253,32,32,142,192,29,12,184,28
6,142,128,154,147,225,154,199,22,7,88,179,40,238,104,72,75,27,131,145,50,12,8,247,41,6,159,227,148,77,181,202
3,201,32,140,4,145,142,165,68,64,80,199,32,8,178,224,72,32,18,197,197,40,4,189,32,32,142,128,29,28,184,92
3,195,32,136,148,129,140,165,4,68,80,135,32,8,50,64,72,3,19,133,212,8,4,157,32,32,142,192,28,12,184,92
2,193,0,136,4,128,12,37,4,0,80,2,0,8,48,64,64,2,19,1,80,8,0,149,32,32,138,192,28,8,184,0
130,196,0,152,148,129,140,167,20,2,88,18,32,8,48,65,73,2,19,129,112,12,0,151,40,6,158,192,20,72,176,8
3,141,2,141,52,147,172,39,76,96,90,199,160,40,50,192,104,34,19,165,212,152,69,157,36,48,138,192,28,12,153,28
130,77,32,158,132,161,142,230,20,66,88,147,32,44,51,65,73,98,19,199,224,12,4,191,32,38,222,128,21,93,176,72
3,203,166,156,28,144,138,164,134,213,80,135,32,200,51,66,72,96,59,213,198,73,134,253,40,32,142,136,28,28,56,92
3,131,32,136,148,129,140,101,4,4,80,135,32,10,50,64,72,2,147,133,214,8,4,149,32,32,138,192,28,12,184,92
3,193,32,136,132,129,140,37,68,64,80,135,32,12,50,96,72,2,19,5,212,8,4,149,32,32,142,128,20,12,144,68
2,131,32,136,132,129,140,37,4,4,80,135,32,10,50,64,68,3,147,133,214,8,0,149,40,32,142,193,28,12,188,80
3,195,0,140,132,129,140,37,4,68,80,135,32,12,50,64,72,2,19,5,212,8,4,149,32,32,142,192,28,28,152,88
40,8,114,235,100,131,106,80,69,0,117,2,63,75,49,64,122,169,6,234,138,178,0,221,70,217,162,0,119,139,96,129
5,0,107,200,68,2,233,80,196,64,214,2,16,139,188,109,106,8,19,185,129,179,36,192,86,40,162,132,55,136,112,228
2,149,18,153,116,165,184,99,142,25,88,32,140,154,32,64,231,11,19,145,18,24,2,213,13,20,26,202,144,8,161,131
3,192,0,140,4,145,140,165,68,64,80,71,32,8,50,224,72,0,18,5,197,40,4,157,32,32,138,128,28,28,184,76
3,207,32,136,20,145,138,230,4,5,88,199,32,8,50,64,76,11,147,197,214,8,4,189,40,0,138,192,29,12,56,204
3,129,0,136,132,129,140,33,4,4,80,135,0,8,50,64,72,2,19,133,214,8,4,149,32,32,138,192,28,12,184,80
3,203,0,140,20,145,142,229,4,64,80,199,32,8,178,192,72,98,147,197,214,8,4,253,32,32,142,192,29,28,248,28
2,135,32,136,148,161,136,99,4,5,88,131,0,44,50,64,76,19,131,149,146,8,0,213,40,4,138,193,148,76,180,64
2,135,32,136,150,193,156,231,6,5,88,163,40,142,50,64,77,11,131,133,82,8,0,213,40,4,158,193,20,12,180,201
3,131,32,136,148,129,140,101,4,4,80,135,32,42,50,64,76,2,147,133,214,8,4,213,40,32,142,192,28,12,184,72
2,195,32,136,148,129,156,231,6,5,88,167,40,142,50,64,76,11,147,133,210,8,4,221,32,4,158,193,21,12,188,200
2,148,18,152,211,229,184,99,30,9,88,18,12,190,32,64,231,27,147,145,18,10,18,215,25,20,154,234,144,0,165,147
3,131,0,140,148,145,140,101,4,68,80,199,32,8,50,64,72,2,19,133,212,8,4,157,32,32,138,192,29,12,184,92
2,148,50,152,115,165,184,66,31,25,88,50,12,158,36,72,231,27,147,145,146,12,16,215,29,30,154,202,144,4,33,147
37,9,99,78,84,131,195,112,69,64,117,66,112,72,181,36,88,40,18,106,193,162,44,156,32,40,162,0,87,171,112,228
39,9,99,78,84,147,170,64,68,192,113,66,96,200,181,228,88,40,18,239,133,178,44,173,2,40,130,128,95,175,112,236
2,131,0,136,148,193,12,33,4,4,80,163,8,38,48,64,68,19,131,149,82,8,0,149,40,0,138,193,20,12,180,80
3,195,34,140,148,145,140,101,4,68,80,199,32,8,50,64,72,3,147,133,212,8,4,213,32,32,138,192,29,12,184,92
24,32,14,161,4,130,104,80,37,49,210,2,27,138,48,72,104,141,61,145,8,209,131,132,146,225,186,192,36,128,48,8
131,48,178,152,35,149,184,64,158,91,80,49,140,158,230,105,231,25,159,149,166,69,34,211,2,24,90,234,148,4,33,215
60,64,106,193,84,18,235,88,69,128,118,2,17,9,189,96,120,140,23,250,136,178,37,140,86,137,160,196,103,137,112,160
10,16,92,169,106,136,184,80,172,80,84,163,157,135,240,75,102,17,223,140,2,16,6,192,70,137,234,232,52,128,1,241
2,129,2,140,20,128,140,37,4,0,80,2,32,8,48,64,72,34,19,1,82,40,0,157,32,32,138,128,20,8,176,8
3,193,32,140,4,145,140,165,68,64,80,199,32,8,182,224,72,32,19,197,197,8,4,221,32,40,138,128,29,28,184,92
53,64,106,68,84,2,237,93,65,192,118,2,81,9,190,100,120,140,23,248,201,178,37,136,118,41,160,132,103,186,240,160
2,52,128,152,19,225,152,66,6,3,8,147,12,150,96,72,75,25,147,144,2,4,16,210,9,6,154,99,148,76,53,146
1,72,33,140,4,16,130,132,68,64,80,66,32,8,181,228,72,96,18,75,197,32,36,169,32,40,138,0,21,61,112,108
3,129,34,140,20,144,140,103,68,64,88,135,32,44,50,96,72,3,19,133,214,136,36,221,32,32,138,192,21,12,176,92
56,0,98,225,68,18,104,80,65,160,118,2,27,9,188,96,120,132,23,168,136,176,37,128,82,233,160,132,103,136,112,128
3,128,229,93,28,50,168,42,86,225,83,66,224,104,220,230,121,108,50,185,167,112,111,159,12,46,139,196,221,44,88,4
130,50,146,145,195,225,184,75,30,63,80,179,12,142,96,72,255,27,147,145,50,222,2,210,13,6,154,239,149,76,165,211
130,196,0,138,4,129,140,167,20,2,88,18,32,8,48,64,73,0,19,3,96,44,8,159,32,32,138,192,20,10,176,8
7,141,162,158,148,48,142,175,84,66,91,135,96,104,187,96,89,66,51,231,245,168,45,171,40,38,207,128,157,127,184,92
2,147,2,136,146,225,184,67,6,5,88,163,12,142,32,64,110,27,147,145,18,136,0,213,8,36,154,195,20,4,165,81
3,193,0,140,4,145,140,165,4,64,80,199,32,8,50,64,72,0,19,133,213,8,4,157,32,32,142,128,28,28,152,92
3,139,32,137,148,147,174,165,76,65,82,199,160,44,182,228,76,3,147,197,213,152,101,253,36,56,138,193,29,12,216,92
32,0,66,201,68,128,232,64,141,0,242,2,8,10,36,64,104,169,2,128,0,178,0,192,22,8,130,0,117,136,96,128
35,201,97,207,100,147,239,180,77,64,86,198,240,8,182,100,74,32,18,207,197,184,101,189,38,56,130,128,95,158,208,252
50,0,98,236,68,19,192,112,69,0,241,2,99,72,181,96,88,168,22,99,136,163,36,140,146,233,128,136,117,170,112,140
37,8,107,78,4,2,235,80,68,192,87,66,112,64,181,100,88,100,18,234,129,160,36,136,64,40,163,128,85,171,112,228
3,193,0,140,4,144,140,37,4,64,80,199,32,8,50,64,72,2,19,133,212,40,4,157,32,32,142,128,29,12,184,28
3,193,2,140,22,144,172,37,4,64,80,199,40,10,176,224,110,35,147,133,199,136,4,221,32,32,138,192,29,12,185,28
41,200,104,205,68,131,207,252,68,64,116,2,51,9,178,32,88,136,23,238,202,186,100,189,102,9,160,160,119,154,80,200
3,193,99,204,4,147,142,109,68,64,80,194,104,76,188,228,94,17,146,239,215,168,37,221,32,40,138,132,93,30,248,188
3,131,2,140,148,144,172,103,4,1,90,199,40,40,50,192,106,35,19,133,212,136,4,221,32,32,138,192,28,12,185,12
56,232,104,232,84,131,74,252,69,0,116,10,51,9,56,16,88,136,23,106,202,58,64,189,118,201,160,168,119,152,114,136
2,143,2,142,150,224,186,39,12,5,91,163,44,46,48,64,102,51,147,129,82,152,0,255,40,36,138,193,20,14,181,81
60,8,74,108,68,130,75,80,4,128,247,2,83,75,177,80,120,228,21,234,8,178,0,12,210,233,161,128,103,171,96,128
2,148,144,152,19,225,152,66,22,3,72,179,12,158,96,72,79,27,147,145,18,12,18,214,9,6,154,227,148,12,37,210
2,32,16,128,108,0,184,64,136,16,16,2,140,138,112,2,202,9,19,129,0,35,130,208,4,16,138,168,20,8,35,129
3,195,2,138,20,129,172,101,4,64,82,135,32,8,50,64,104,34,19,133,214,152,4,157,32,32,142,192,28,14,184,28
3,131,32,140,148,145,140,103,4,68,88,135,32,40,50,64,76,34,131,133,214,136,4,157,40,32,142,193,29,12,184,92
3,200,0,140,4,145,140,229,68,64,80,199,32,8,178,224,72,32,19,197,197,40,4,189,32,32,138,128,29,28,184,12
2,150,0,136,146,225,152,67,14,7,88,183,12,174,34,64,231,27,147,145,18,8,0,215,8,4,154,195,148,68,165,83
2,139,32,140,148,129,142,167,4,4,88,135,32,40,50,64,64,35,131,197,208,8,4,189,40,32,142,192,20,12,176,72
66,32,18,152,108,136,184,64,170,16,16,0,140,138,96,11,166,9,115,0,2,64,130,208,4,16,74,168,4,0,3,129
130,20,18,153,18,160,184,66,30,19,82,178,12,158,32,72,103,25,147,145,34,148,2,211,0,38,154,194,148,0,37,145
2,0,0,136,4,1,136,0,4,0,80,2,0,10,32,64,72,0,19,0,0,0,0,144,0,0,138,128,20,8,48,0
2,133,2,136,20,161,40,98,36,1,90,131,40,14,48,64,108,3,19,133,18,136,0,213,0,36,138,192,20,4,49,80
3,64,33,140,4,144,140,164,68,64,80,198,32,12,183,228,72,96,18,205,197,8,36,189,32,40,142,128,29,28,120,76
48,0,64,129,4,2,224,0,33,16,178,2,11,10,0,82,104,132,4,128,8,176,1,192,144,192,138,16,37,8,112,0
34,200,96,202,68,129,142,228,4,0,112,2,32,8,52,64,72,160,19,195,194,42,8,189,32,40,138,128,21,26,112,136
2,129,34,136,20,128,172,97,4,1,80,2,40,8,48,64,72,2,19,129,210,168,4,213,32,32,138,192,21,8,177,8
2,131,32,140,148,129,140,37,4,68,80,135,0,14,50,64,76,3,19,133,212,8,4,149,40,32,142,192,28,12,184,92
2,149,0,136,151,225,152,99,6,1,72,163,8,62,32,64,75,27,147,145,18,8,16,213,41,6,154,67,148,76,181,82
2,135,32,136,148,193,156,231,4,69,88,163,40,46,50,64,76,19,147,213,82,8,0,221,40,32,142,193,20,12,180,88
3,200,1,140,4,145,140,228,68,64,80,66,32,8,181,224,72,96,18,197,197,32,4,189,32,40,138,128,29,28,120,12
3,203,32,140,148,129,142,165,4,68,80,135,32,44,50,64,76,34,147,197,214,168,4,189,40,32,142,192,21,12,184,92
3,8,99,206,4,16,131,192,68,64,80,66,32,0,181,228,72,96,18,74,129,160,36,169,0,40,138,128,23,191,112,44
2,135,2,136,22,193,184,103,6,5,88,163,40,14,34,64,104,27,131,145,18,136,0,221,40,4,138,195,21,12,52,202
48,8,66,172,20,131,66,96,133,0,210,10,35,136,33,80,120,168,14,98,72,163,0,157,144,225,128,24,53,42,112,8
2,20,128,152,19,225,16,66,6,5,72,179,12,54,32,72,79,19,147,144,18,8,0,215,9,6,154,67,148,76,37,18
18,0,114,172,22,130,200,64,237,0,210,2,47,138,48,64,126,161,31,161,136,163,0,204,144,224,138,128,53,8,49,0
2,16,144,152,19,225,16,66,30,1,64,50,12,150,96,72,203,25,147,144,2,12,16,210,9,6,154,99,144,8,37,146
18,16,114,224,6,146,184,64,45,0,210,162,13,30,52,96,110,177,151,129,136,177,36,196,144,200,138,130,37,12,33,21
2,0,70,137,86,130,184,64,164,1,210,2,40,138,32,65,110,41,19,144,2,155,0,205,20,32,138,192,21,8,33,128
3,200,1,140,4,145,134,164,68,64,80,66,32,8,182,224,72,64,18,69,197,40,4,189,32,40,142,128,29,28,24,12
3,195,32,136,132,129,140,37,68,68,80,135,0,8,50,64,72,2,19,5,214,8,4,149,32,32,138,192,28,28,184,92
130,132,2,153,20,128,168,98,60,1,82,19,44,138,48,64,106,43,19,149,50,156,0,223,4,36,154,192,20,4,49,128
128,133,2,141,20,130,32,99,20,1,90,18,32,130,32,64,96,42,19,128,50,184,0,223,36,36,154,64,20,8,48,8
3,72,33,140,4,144,134,164,68,64,80,66,32,8,182,224,72,96,18,69,197,32,36,189,32,40,138,128,29,29,120,76
2,201,32,140,84,129,140,101,4,64,80,131,32,142,48,64,72,43,19,197,194,10,4,221,32,0,138,136,21,12,48,200
2,131,32,136,148,129,136,99,4,5,88,135,0,46,50,64,76,3,131,149,210,8,0,149,40,0,138,193,20,12,180,64
3,72,99,204,4,16,131,96,68,64,80,66,32,8,181,228,72,96,18,75,193,160,36,189,32,40,138,128,87,61,112,44
3,72,99,204,4,16,138,196,68,64,84,66,32,8,181,228,72,96,18,207,133,160,36,169,0,40,138,128,21,61,120,108
3,193,32,140,4,145,140,37,68,68,80,135,32,8,50,64,72,2,19,5,212,40,36,149,32,32,138,128,28,12,184,92
2,148,16,136,18,224,56,2,6,1,88,178,12,22,32,64,231,19,147,144,50,12,0,215,8,38,154,194,148,0,37,19
0,205,0,154,148,129,14,167,22,1,88,2,96,104,32,65,81,98,2,64,114,8,8,191,40,38,158,64,20,24,176,8
3,201,128,140,148,128,140,167,70,65,88,199,32,40,50,192,72,66,18,197,199,8,4,189,40,4,142,192,28,28,184,28
4,8,11,142,4,2,3,16,4,128,83,66,112,65,161,64,88,96,2,106,1,128,8,40,64,32,163,0,20,171,48,40
2,193,0,136,20,129,12,37,4,0,80,2,32,10,48,64,64,2,19,129,82,8,0,149,32,32,138,192,20,8,176,8
2,201,0,136,28,129,142,236,134,0,208,131,32,206,48,64,76,57,155,197,66,11,2,253,56,32,142,248,20,28,176,216
51,201,34,138,92,145,142,228,196,68,208,143,34,204,54,0,72,168,23,71,206,171,4,253,48,8,138,184,93,31,120,220
24,217,90,236,114,129,254,117,4,0,116,162,57,223,160,64,110,187,151,200,82,138,0,253,114,233,170,192,55,136,160,139
3,193,32,136,4,145,140,229,68,64,80,7,32,8,50,96,72,0,19,133,212,40,36,149,32,32,142,192,20,12,176,76
33,72,115,76,94,147,233,80,197,0,244,66,40,201,181,164,122,168,2,234,193,179,36,220,18,8,128,40,119,170,96,172
2,137,22,137,52,139,176,35,44,1,90,2,172,154,48,64,162,47,59,1,18,184,1,213,12,52,26,194,4,8,161,139
34,149,112,136,87,193,148,99,68,1,120,162,8,28,36,64,78,19,131,129,18,42,16,149,32,32,138,67,85,8,180,146
3,133,34,141,20,155,168,39,108,65,90,70,168,40,178,224,104,42,18,133,213,184,5,253,36,38,154,192,29,12,185,12
3,141,35,141,182,144,170,103,76,65,90,198,172,42,180,228,226,35,18,141,151,152,36,253,44,60,154,192,28,12,185,141
130,132,0,153,52,169,168,34,28,1,82,18,164,8,48,64,67,34,19,17,50,188,65,223,12,54,154,192,20,8,16,0
2,145,50,136,115,225,184,67,174,89,88,35,172,158,34,96,230,27,155,145,150,25,18,213,29,20,10,203,20,4,165,215
34,149,96,200,151,241,144,98,68,69,88,163,0,60,180,96,73,19,147,129,146,40,36,213,11,32,138,195,149,76,116,150
37,8,67,206,68,147,131,80,68,0,85,66,112,193,189,228,88,40,18,202,129,162,44,184,16,40,138,8,23,171,112,164
2,195,32,136,148,129,140,37,4,4,80,135,40,10,50,64,76,3,147,133,210,8,0,213,32,32,142,193,20,12,180,88
2,131,34,153,54,160,184,7,14,5,90,167,172,142,50,64,231,59,147,149,146,152,0,215,12,52,154,193,148,4,37,217
2,149,98,152,83,192,184,103,28,69,88,183,44,174,38,64,110,59,147,133,54,154,0,223,40,38,154,195,29,4,173,219
50,8,98,200,116,146,234,80,69,0,242,2,41,9,181,96,106,168,23,194,136,178,36,236,18,253,162,128,119,173,112,132
43,201,99,206,84,145,238,117,69,64,84,198,40,204,182,228,92,42,19,207,197,170,36,253,34,40,138,136,63,142,248,252
35,72,97,204,68,16,202,244,69,64,80,67,32,8,181,228,72,224,19,207,197,160,36,173,34,40,138,128,63,189,120,140
0,157,18,141,181,141,52,39,12,9,90,0,172,186,32,64,230,35,34,0,80,136,0,253,37,54,26,2,16,72,161,9
2,131,34,204,150,192,156,103,4,5,90,163,40,172,52,64,104,59,131,129,82,168,4,221,32,36,142,67,21,12,180,88
2,131,32,136,148,129,140,37,4,69,80,167,0,14,50,64,76,19,147,133,210,8,0,213,40,32,142,193,20,12,180,80
48,201,98,76,84,129,199,244,69,0,244,10,115,201,181,4,88,168,23,233,201,170,36,189,114,140,160,168,119,154,112,168
35,201,66,140,84,145,206,231,69,65,88,71,32,136,182,192,72,170,18,69,199,170,4,189,34,44,150,192,93,28,248,220
35,207,66,140,84,129,134,231,4,69,88,135,32,8,54,64,72,42,19,69,198,170,4,189,32,14,158,192,85,28,248,204
3,195,0,140,132,129,140,165,4,68,80,199,32,42,50,192,76,3,131,197,212,8,4,189,32,32,142,192,28,28,184,92
130,131,32,152,148,129,140,101,20,5,80,151,32,8,50,65,76,3,147,133,246,8,4,151,40,34,218,193,21,12,180,68
2,227,32,136,148,129,140,231,6,5,24,163,32,136,50,64,72,10,131,213,82,8,4,189,40,0,142,225,20,12,180,200
2,149,144,136,147,225,20,103,6,1,72,163,12,182,32,64,199,27,163,144,18,8,18,213,41,4,158,67,148,76,165,82
3,139,32,136,148,129,142,229,4,4,88,135,96,72,50,64,88,35,19,197,214,8,12,253,40,32,142,192,28,14,184,12
0,0,0,136,4,0,136,64,4,0,80,2,0,10,32,64,72,0,2,128,0,32,0,192,0,0,138,0,21,8,48,0
3,193,1,140,4,145,140,229,68,64,80,71,32,8,178,224,72,2,18,133,197,8,4,157,32,32,142,128,28,28,184,92
2,135,2,140,148,130,152,99,4,5,90,167,104,110,50,64,92,35,147,165,80,136,0,221,32,36,138,193,20,12,180,80
2,135,34,137,148,130,168,103,4,69,90,135,40,46,50,64,124,3,147,165,144,152,5,221,40,36,138,193,21,12,180,88
2,139,132,158,21,129,2,160,22,9,88,99,96,226,32,192,209,98,34,193,2,72,10,189,40,54,159,67,144,10,56,10
2,24,18,152,19,226,56,66,30,1,64,178,12,158,32,72,247,57,147,145,18,142,18,215,9,36,154,203,148,1,37,147
40,88,122,206,70,147,255,112,5,0,116,162,57,93,181,96,110,184,147,202,200,162,52,253,99,41,162,0,119,187,116,185
50,72,2,140,93,193,138,64,134,192,208,139,32,206,51,0,92,169,147,231,74,3,2,221,145,0,139,185,21,47,48,200
167,72,103,94,12,17,143,240,212,208,16,66,112,200,181,111,72,96,58,203,225,101,46,168,48,24,207,136,87,189,112,108
3,0,99,129,100,152,168,64,236,80,112,2,140,136,246,172,106,41,18,149,135,176,54,192,4,24,138,8,77,12,121,228
3,200,99,204,4,145,143,228,68,64,80,66,32,8,183,228,72,32,18,207,197,168,36,189,32,40,130,128,31,156,120,108
2,147,11,136,218,192,189,103,132,21,88,227,36,142,32,64,110,27,155,145,82,11,2,213,56,32,170,203,20,0,165,123
130,68,0,152,132,32,140,135,20,2,17,146,0,38,48,73,73,67,19,131,32,4,8,194,32,6,158,128,20,88,176,0
