35,72,99,206,68,145,135,228,68,64,112,66,32,72,181,36,72,104,18,203,193,162,44,189,32,40,130,128,87,159,112,236
0,0,0,136,4,1,0,0,4,0,80,2,0,0,48,64,64,0,2,129,0,0,0,145,0,32,138,0,20,8,48,0
56,0,98,76,68,19,194,88,69,0,245,10,83,73,181,16,88,168,6,106,136,178,32,140,82,233,160,8,119,170,112,128
3,195,32,136,20,128,140,229,68,5,80,135,40,8,50,64,76,3,19,197,214,40,4,245,32,36,138,192,29,12,185,220
0,0,0,136,4,1,0,0,4,0,80,2,0,0,48,64,64,0,2,129,0,0,0,145,0,32,138,0,20,8,48,0
53,72,106,76,4,131,195,112,69,192,246,2,115,73,181,100,88,224,23,234,200,162,36,173,82,168,160,0,119,187,112,160
3,149,50,152,147,229,152,35,14,65,72,23,12,62,34,64,229,19,147,145,22,136,16,215,9,38,154,194,152,68,169,87
34,194,32,136,4,129,140,229,4,4,80,135,32,8,54,64,76,0,147,133,196,40,4,157,32,0,138,193,21,28,184,216
3,194,0,136,4,129,140,229,4,68,80,135,32,8,50,64,72,0,147,197,198,40,4,157,32,0,138,192,29,28,184,216
3,194,32,136,20,129,12,229,4,4,80,135,32,8,50,64,72,8,19,197,198,8,4,149,32,0,138,192,28,12,184,220
2,145,16,136,147,193,152,101,4,5,80,163,12,30,32,64,110,19,147,144,82,8,0,213,40,0,138,195,20,8,165,147
3,201,0,136,4,145,142,165,68,64,80,71,32,8,50,224,72,2,18,71,197,40,4,189,32,32,142,192,29,28,184,12
3,193,0,136,148,129,140,231,4,68,88,135,32,40,50,64,72,2,19,197,214,8,4,157,32,32,142,192,28,12,184,28
2,195,0,136,148,193,156,103,6,5,88,163,40,14,50,64,76,19,147,133,82,8,0,213,40,36,138,193,20,12,180,88
2,0,18,129,70,136,184,64,172,16,48,2,140,2,96,66,110,1,19,128,0,49,0,192,20,16,10,202,21,8,33,129
32,205,96,202,28,129,135,246,68,0,124,2,48,201,181,100,72,106,18,74,194,42,44,189,32,8,132,8,87,154,112,168
32,205,106,206,92,129,135,240,68,0,124,2,48,201,181,36,72,104,19,74,192,170,38,189,112,8,162,40,87,154,112,168
35,201,99,76,84,147,143,253,68,64,112,66,96,74,180,228,88,32,18,232,193,170,36,253,32,40,134,192,87,152,112,172
2,135,2,140,148,129,188,103,4,5,90,167,32,46,50,64,76,35,131,133,82,152,0,253,32,36,138,193,20,12,180,88
1,72,97,204,4,145,131,252,68,64,84,66,32,8,181,100,72,96,18,75,193,32,37,189,32,40,130,0,87,153,112,44
1,192,33,142,4,145,140,229,68,64,80,66,32,8,182,224,72,0,18,69,197,40,36,157,32,40,142,0,29,30,216,12
2,135,0,136,144,225,8,231,6,5,88,163,0,38,34,64,72,19,131,133,18,8,0,149,40,4,138,193,148,76,180,80
3,192,34,140,20,129,140,101,4,68,80,199,40,10,50,64,72,1,19,133,198,136,4,221,32,0,138,128,29,12,184,216
1,201,1,14,132,17,142,164,68,64,80,70,96,104,181,224,64,98,18,71,197,8,12,189,32,40,142,0,29,63,152,12
2,129,0,140,4,129,132,37,4,0,80,2,32,0,32,64,64,0,2,0,80,8,0,149,32,32,138,192,20,8,144,0
0,205,0,158,20,129,14,167,20,3,80,2,96,40,32,65,65,98,2,64,112,72,8,191,32,38,222,0,20,88,144,8
0,155,22,154,30,195,18,96,134,0,90,162,100,212,32,64,94,58,162,193,66,152,2,189,32,4,139,67,20,10,52,27
4,141,0,130,148,160,14,167,4,0,8,2,0,40,33,64,65,66,2,82,82,8,8,180,40,0,143,64,148,91,144,8
32,217,122,204,54,128,239,245,69,0,116,34,48,19,164,68,110,114,2,202,192,168,32,253,96,41,166,128,87,152,240,169
130,48,145,144,35,133,25,64,158,24,16,50,12,150,96,9,166,25,179,144,2,66,146,192,1,16,90,170,16,0,33,131
57,73,98,111,68,147,238,116,69,64,118,6,51,8,183,96,104,160,22,111,205,184,37,189,98,105,160,128,127,190,120,204
49,72,115,76,70,18,235,80,69,128,246,66,107,9,181,244,122,168,6,234,201,179,36,204,114,232,128,0,119,187,112,172
50,0,82,168,66,128,120,64,169,128,242,130,13,134,37,89,110,185,151,160,8,147,0,200,150,233,170,136,37,0,35,129
2,144,178,153,55,164,184,2,174,73,90,51,140,158,34,72,231,59,179,149,146,152,2,213,13,52,154,194,148,4,33,67
2,148,18,153,51,166,184,99,60,9,122,178,172,62,36,64,239,59,147,128,50,152,0,223,13,54,154,194,145,64,161,155
3,141,6,152,148,129,46,231,20,64,90,199,32,72,50,65,104,42,19,69,247,136,4,253,40,36,142,192,28,12,184,152
2,133,2,136,211,228,56,103,44,73,90,3,44,158,32,64,228,59,147,132,82,152,16,221,33,32,138,202,16,4,161,219
57,72,98,76,68,145,207,216,69,64,116,2,49,200,183,36,88,168,22,111,207,162,38,189,114,72,160,136,119,191,112,236
131,141,32,140,148,129,140,167,22,64,88,199,32,40,50,64,64,34,19,69,244,8,4,189,40,32,142,192,28,12,152,92
33,207,34,140,84,145,132,103,68,4,88,135,32,0,50,64,72,42,2,69,214,138,4,189,32,36,134,72,29,12,248,140
2,194,4,152,12,128,12,229,134,21,80,163,32,142,48,64,68,17,179,133,66,8,2,213,32,32,154,201,20,28,180,72
1,132,243,89,52,176,169,18,124,1,126,80,156,2,180,108,99,3,18,25,179,188,36,215,12,62,18,64,212,128,97,37
2,131,0,136,146,128,24,35,4,5,88,135,12,38,32,64,70,19,147,149,82,8,0,213,40,32,138,193,20,4,165,80
3,195,0,140,148,128,12,165,4,5,80,135,32,40,50,64,64,2,147,133,214,8,4,157,40,32,142,192,28,12,184,88
3,203,32,136,148,129,140,165,4,69,80,135,32,40,50,64,72,66,19,69,214,8,4,189,40,0,142,192,28,28,152,92
3,193,0,136,20,129,140,229,68,64,80,199,32,8,50,64,72,2,19,197,214,8,4,157,32,32,142,192,28,28,184,92
3,193,0,140,20,145,140,229,4,68,80,135,32,8,50,64,72,34,19,69,214,8,4,157,40,32,142,192,29,12,152,28
2,133,18,136,147,193,184,99,4,1,88,162,44,62,32,64,106,19,147,128,82,136,0,221,40,36,138,195,20,8,165,26
35,201,97,200,20,145,135,228,68,64,80,66,32,8,180,228,72,40,18,75,195,170,36,189,32,8,138,128,87,28,112,172
35,200,99,206,68,145,135,228,68,64,112,66,32,72,181,228,72,104,18,203,197,162,44,189,32,40,138,128,87,159,112,236
2,135,2,140,150,193,184,103,4,5,90,163,40,46,32,64,76,51,131,129,82,136,0,221,32,36,138,195,20,12,181,89
0,0,0,136,4,1,136,0,4,0,80,2,0,8,48,64,72,0,19,1,0,32,0,144,0,32,138,0,20,8,48,0
56,0,106,76,68,19,193,120,69,128,117,2,83,73,181,32,88,168,6,106,136,178,36,156,82,233,160,8,119,171,112,128
2,0,18,153,98,136,56,64,190,17,82,18,140,138,96,72,231,9,2,144,2,148,2,209,4,48,26,192,20,0,33,129
0,0,0,136,4,129,128,0,4,0,80,2,0,8,32,64,72,0,2,0,0,32,0,145,0,32,138,0,20,8,48,0
50,0,66,196,68,2,200,64,9,0,242,2,11,10,36,64,120,132,6,160,8,179,0,204,146,232,194,128,101,168,114,128
130,16,146,153,114,133,184,64,190,25,80,178,140,158,100,72,231,25,147,145,18,152,2,209,5,16,26,202,148,0,33,147
53,8,106,76,68,131,195,112,69,192,246,2,115,73,181,100,88,224,23,234,136,179,36,12,82,169,160,0,119,187,112,160
2,48,146,152,96,133,184,64,142,25,80,160,172,158,96,72,230,25,147,144,2,10,2,209,4,20,26,170,144,0,33,147
50,8,2,140,20,3,232,64,5,32,210,2,10,138,33,64,104,172,31,160,8,179,64,200,144,160,138,144,21,40,48,0
52,72,106,78,68,131,195,112,69,0,244,2,114,65,181,100,88,224,23,106,200,163,32,189,114,168,160,24,119,187,112,168
2,149,2,136,147,224,184,99,4,69,74,183,44,62,34,64,103,19,147,145,22,136,16,215,41,36,154,195,156,68,173,86
33,200,99,76,68,131,231,240,69,0,116,2,48,193,181,100,72,232,18,234,193,162,36,253,96,40,162,8,119,186,112,172
3,148,18,136,147,165,56,35,14,73,72,87,12,62,34,192,229,19,147,149,151,136,16,215,9,38,154,194,152,68,169,23
57,72,99,172,68,145,198,228,69,64,240,66,35,8,181,224,72,224,22,199,205,170,4,189,48,105,130,8,125,28,120,140
2,149,18,136,147,225,152,103,14,1,72,163,44,62,32,64,111,51,147,129,18,136,16,223,41,38,154,195,20,4,165,26
2,149,49,136,147,245,144,99,14,65,72,2,44,62,36,228,231,19,147,145,23,8,48,215,41,38,154,67,153,68,165,54
130,6,128,153,20,170,168,2,52,39,82,151,128,42,18,72,109,38,163,149,50,156,65,151,12,38,218,193,148,12,20,64
2,149,18,136,147,225,56,231,12,1,72,162,44,54,32,64,111,27,147,128,82,8,16,215,41,4,138,195,148,0,165,26
3,203,32,136,148,129,140,229,6,68,80,135,32,10,50,64,72,3,19,197,198,8,4,189,32,0,142,192,29,28,184,88
135,141,160,138,148,161,142,167,22,67,89,147,64,108,59,64,89,74,19,247,182,0,12,182,40,4,143,192,148,95,144,80
2,129,0,140,132,129,12,37,4,0,80,2,32,2,48,64,64,2,19,129,80,8,0,149,32,32,138,192,20,8,176,8
3,131,0,140,148,129,140,37,4,4,80,135,32,42,50,64,72,2,19,133,212,8,4,149,32,32,138,192,28,12,184,92
2,193,32,140,132,129,12,37,4,64,80,135,0,14,50,64,64,3,147,133,208,8,4,149,32,32,142,192,20,28,176,88
35,200,96,140,4,145,142,228,68,64,80,199,32,8,182,64,72,0,19,69,196,40,4,189,32,8,138,128,93,28,88,156
3,192,1,140,4,145,140,165,68,64,80,71,32,8,178,224,72,0,18,69,197,40,4,189,32,32,142,128,29,28,184,12
34,194,32,136,4,129,140,229,4,4,80,135,32,8,50,64,76,0,147,133,196,40,4,157,32,0,138,193,21,28,148,216
3,194,0,136,4,129,140,229,4,68,80,135,32,8,50,64,72,0,147,197,198,40,4,157,32,0,142,192,29,12,184,220
2,145,16,136,147,193,152,97,4,1,64,162,12,30,32,64,110,19,147,145,82,8,16,213,41,0,138,67,21,8,165,18
3,192,1,140,4,145,140,165,68,64,80,71,32,8,178,224,72,0,18,197,197,40,4,157,32,32,138,192,29,28,184,12
3,194,32,136,20,129,12,229,4,4,80,135,32,8,50,64,72,8,19,197,198,8,4,149,32,0,138,192,28,12,184,220
2,129,16,136,146,193,156,101,4,4,80,163,44,14,32,64,78,19,147,128,82,8,0,213,40,0,138,195,20,12,165,210
3,72,33,140,4,17,142,164,68,64,80,66,32,8,177,224,72,96,18,71,197,32,4,185,32,32,138,128,29,61,56,12
3,193,0,136,20,145,140,165,4,65,80,199,32,8,50,64,72,0,19,197,214,40,4,181,40,32,142,192,29,28,184,28
2,135,0,136,144,225,8,35,4,5,88,163,0,46,48,64,77,19,147,149,18,8,0,213,40,4,138,193,148,76,180,80
3,195,0,140,148,145,140,229,68,64,80,199,32,40,50,192,72,2,19,197,214,40,4,157,40,32,142,192,28,28,184,12
3,193,0,140,4,145,142,165,68,64,80,71,32,8,182,224,72,96,18,69,197,40,4,189,32,40,142,128,29,28,184,12
3,195,32,136,148,129,140,165,4,4,80,135,32,10,50,64,76,2,19,197,214,8,4,213,40,32,142,192,28,12,184,84
3,193,0,140,4,145,140,165,68,64,80,199,32,8,178,224,72,2,18,197,199,40,4,189,32,32,142,128,28,28,184,28
3,201,0,140,4,145,142,229,68,64,80,70,32,8,180,224,72,34,18,71,197,40,4,189,32,40,142,128,29,28,248,12
2,195,0,140,148,129,140,103,4,5,88,135,40,46,50,64,76,3,147,133,82,8,0,221,40,36,142,193,20,12,180,72
2,195,32,136,148,129,156,231,6,5,88,167,40,142,50,64,76,19,147,133,210,8,0,213,40,32,142,193,20,12,180,72
3,139,32,140,20,129,140,103,4,4,88,135,32,42,50,64,76,35,147,133,214,136,4,221,32,32,138,192,28,12,184,88
2,195,32,136,148,129,140,229,6,5,80,163,40,142,50,64,76,27,147,133,82,8,0,213,40,32,142,193,20,12,180,216
2,195,32,136,150,193,156,229,6,69,80,163,40,14,50,64,78,27,147,133,82,10,4,213,40,0,142,225,20,12,180,218
2,149,18,136,51,164,184,99,46,9,88,2,140,186,32,64,231,27,147,144,18,152,0,213,45,52,10,194,144,0,161,131
2,132,18,153,52,160,184,2,62,9,90,16,140,138,48,64,231,11,19,145,18,156,0,215,12,54,154,194,148,0,33,129
2,0,34,145,4,137,168,64,140,16,82,2,140,136,112,72,104,8,19,17,130,176,70,208,4,16,218,224,20,12,17,128
130,144,146,152,51,165,184,66,30,75,80,55,140,158,96,72,231,25,147,149,2,140,2,211,1,22,154,226,144,4,33,211
2,148,18,152,83,165,184,66,30,9,120,18,12,154,32,8,167,25,2,144,50,12,16,215,9,22,26,234,144,0,33,131
2,143,70,156,212,128,172,231,20,5,88,135,40,166,34,65,110,43,147,132,82,138,2,253,32,38,222,201,21,12,180,216
2,0,18,137,110,137,184,64,172,16,48,2,140,2,96,67,110,1,27,128,2,16,2,193,20,209,138,234,21,8,33,129
33,205,97,206,28,129,135,246,70,0,124,66,48,201,180,228,72,106,18,74,195,42,36,191,32,8,134,8,87,154,112,172
2,131,32,136,148,129,140,37,4,4,80,135,0,12,50,64,72,2,147,133,212,8,4,149,40,32,142,192,20,12,148,80
0,0,2,137,100,137,232,64,173,1,176,2,140,130,104,72,106,8,14,144,2,32,66,193,132,20,154,104,148,8,49,128
66,133,18,156,244,172,104,39,61,9,90,16,174,170,48,64,224,46,31,17,18,153,0,207,172,52,154,192,128,4,177,9
32,205,107,206,92,129,135,246,68,0,124,2,48,201,181,36,72,106,19,75,195,170,44,191,112,12,128,40,87,154,112,172
2,139,98,200,158,144,188,103,134,5,218,163,40,142,180,64,110,51,155,197,210,11,38,221,56,32,138,203,21,12,165,220
2,144,146,152,3,165,176,66,158,25,64,18,12,146,96,72,231,27,147,144,18,8,18,209,9,16,26,106,144,0,33,131
19,149,50,184,83,229,56,115,61,69,76,55,44,159,34,64,231,59,147,133,22,136,16,223,27,86,26,202,183,4,161,219
56,13,98,108,84,147,234,114,69,0,252,2,27,137,180,16,120,168,6,170,216,187,36,140,82,237,160,8,119,171,114,128
3,146,51,217,118,249,185,66,254,89,86,242,172,158,244,236,231,25,147,145,151,188,38,211,6,28,154,194,148,132,37,245
50,129,66,136,70,128,236,101,41,1,240,2,8,138,36,80,122,169,23,128,72,154,0,197,20,188,154,128,117,8,242,136
50,25,2,136,92,129,40,64,134,32,208,175,40,198,113,64,124,185,191,213,10,27,194,221,148,0,139,248,20,14,48,80
2,216,146,153,55,164,184,70,62,25,82,34,172,154,32,72,230,59,179,145,2,152,2,241,5,52,26,194,144,0,33,139
3,192,0,140,4,17,140,165,68,64,80,71,32,8,178,224,72,32,18,197,197,8,4,157,32,32,142,128,28,28,184,12
35,200,99,205,84,131,239,244,69,64,116,6,48,73,182,100,122,40,19,239,195,184,36,253,102,56,162,128,119,158,112,236
2,156,18,157,19,224,186,102,60,1,74,163,172,190,32,64,231,59,147,128,18,152,16,255,13,38,154,195,144,4,37,154
35,201,99,205,20,147,174,101,68,64,82,198,32,12,180,228,92,42,19,237,197,184,37,253,34,8,138,128,31,156,248,188
2,143,2,136,146,192,186,231,4,5,90,163,40,174,32,64,110,59,147,145,82,152,0,253,40,36,138,195,20,12,181,219
35,201,99,76,84,147,143,109,68,64,112,66,96,72,180,228,88,32,18,232,193,170,36,221,32,8,130,192,87,152,240,172
3,193,32,140,4,129,140,37,68,68,80,135,32,8,50,64,72,0,19,133,212,8,4,149,32,32,138,192,28,12,184,92
2,135,2,140,148,129,190,103,4,5,90,167,32,46,50,64,108,35,131,197,82,152,0,253,40,36,138,193,20,12,180,88
60,0,98,68,68,2,224,24,69,128,118,2,65,9,188,68,88,132,23,168,136,176,5,136,66,233,160,4,103,170,112,128
3,72,97,204,4,145,135,236,68,64,84,66,32,8,181,228,88,96,18,107,193,32,37,189,32,40,130,128,87,157,112,44
3,201,34,142,20,145,142,229,68,64,82,71,32,8,182,224,72,34,18,71,197,168,4,189,32,40,142,128,29,30,248,12
0,0,4,129,108,8,168,0,140,16,16,2,140,10,96,11,106,1,2,128,2,48,2,192,4,16,202,32,20,8,17,128
64,0,148,129,78,8,168,0,140,16,16,2,140,10,96,66,98,1,42,128,0,33,130,192,4,16,202,40,20,8,17,128
3,192,33,142,4,145,140,229,68,64,80,70,32,8,182,224,72,0,18,69,197,40,4,157,32,40,142,128,29,30,248,12
2,135,32,136,144,225,12,231,4,69,88,163,0,46,34,64,72,19,131,149,18,8,0,149,40,4,138,193,148,76,180,88
3,195,32,140,132,0,140,39,4,69,88,135,32,40,50,64,64,2,19,5,212,136,4,157,32,32,142,128,20,92,184,72
3,193,0,140,132,129,140,37,68,68,80,135,32,8,50,64,72,2,19,5,212,40,4,157,32,32,142,128,28,28,184,76
3,193,0,140,148,144,140,165,68,64,80,71,32,40,50,96,72,2,18,69,213,40,4,189,32,32,142,128,29,28,184,76
3,201,3,140,20,145,140,101,68,64,80,66,32,8,180,228,64,34,18,197,199,136,4,157,32,40,142,192,28,12,184,44
2,192,0,140,4,128,12,37,4,0,80,2,0,8,48,64,72,0,19,1,80,8,0,149,32,32,138,192,20,8,144,0
3,193,0,140,4,128,140,165,4,0,80,135,32,8,50,64,72,0,19,133,212,40,4,149,32,32,138,192,28,12,184,28
33,201,35,200,20,145,139,244,68,64,80,66,48,8,180,100,72,40,18,201,195,168,36,189,32,40,138,0,21,24,112,236
2,149,18,136,19,225,184,99,12,1,88,162,44,30,32,64,230,27,147,129,18,136,0,221,8,36,138,195,20,8,165,3
40,8,98,204,84,147,202,112,69,0,116,2,49,201,181,64,72,40,6,74,200,170,32,189,66,233,162,0,119,139,112,168
2,20,16,136,19,225,16,66,6,1,8,162,12,54,32,64,75,19,147,144,18,8,0,213,8,4,154,195,148,76,37,18
3,195,0,140,4,129,140,37,4,68,80,135,32,8,50,64,72,2,19,133,212,40,4,149,32,32,142,192,28,28,184,92
3,195,32,140,132,129,140,37,4,4,80,135,32,8,50,64,72,3,19,133,212,8,4,149,32,32,142,192,28,12,184,0
130,128,18,153,102,129,184,64,142,17,80,18,140,138,48,73,230,9,19,129,2,168,2,213,4,16,154,200,20,8,33,129
48,8,66,206,84,131,226,112,5,0,112,2,96,73,53,64,88,168,6,98,72,178,0,189,18,168,128,0,119,139,112,136
2,48,144,144,111,5,184,64,142,24,16,2,12,154,96,11,134,25,147,1,2,98,130,192,17,16,90,170,16,8,33,131
3,195,0,136,4,129,140,37,4,68,80,135,32,8,50,64,72,0,19,133,212,8,4,149,32,32,138,192,28,12,184,92
3,193,32,136,132,128,140,37,4,68,80,135,32,12,50,64,72,3,19,133,212,8,4,149,32,0,138,192,28,12,184,84
3,131,32,140,148,129,140,37,4,4,80,135,0,10,50,64,72,2,3,133,212,8,4,149,32,32,138,192,28,12,184,68
7,8,99,78,4,16,139,0,68,192,84,66,32,0,181,228,72,96,18,203,129,160,36,168,0,40,138,128,87,175,112,108
3,201,0,142,132,145,142,164,68,64,88,199,96,104,187,224,64,66,18,71,197,40,12,189,32,32,142,128,29,31,184,12
3,195,32,140,4,128,140,37,4,68,80,135,32,12,50,64,72,0,19,133,212,8,4,149,32,32,142,192,28,12,184,88
128,193,0,140,4,129,12,37,20,0,80,18,32,10,32,64,64,2,2,128,112,8,0,151,32,32,138,64,20,8,176,0
35,199,34,140,84,130,172,103,4,69,88,135,32,140,50,64,88,42,19,165,214,154,4,221,32,36,138,136,29,14,176,216
0,205,0,158,20,129,14,166,20,19,80,2,96,104,32,65,65,98,2,66,114,72,8,189,40,38,222,0,20,26,144,8
34,73,122,204,86,144,171,116,76,0,116,2,48,139,180,100,110,42,19,200,195,170,36,253,114,56,130,136,23,136,112,173
130,192,32,156,4,145,140,229,84,66,80,19,32,8,50,97,72,0,19,133,224,44,36,151,32,32,138,192,21,28,176,76
50,80,2,140,85,195,202,64,133,0,208,35,40,222,48,64,120,185,151,225,8,163,0,205,177,36,138,139,21,14,52,203
2,155,22,152,26,195,144,96,134,4,90,162,100,212,32,64,94,59,130,193,66,184,2,189,32,0,139,195,20,10,37,27
3,193,36,152,4,129,140,165,132,84,80,135,32,8,50,65,72,0,19,133,197,40,4,149,32,32,206,192,29,28,152,92
50,217,0,174,20,129,78,228,5,4,208,175,35,198,32,80,92,249,151,230,74,11,8,189,176,192,138,184,53,31,52,216
18,80,114,205,86,129,184,101,77,0,240,162,44,30,52,64,110,185,151,129,202,186,4,221,50,40,138,130,85,136,97,153
3,1,114,201,118,145,184,64,204,65,80,194,172,142,180,36,110,59,19,145,151,184,6,213,6,24,138,202,29,12,105,133
4,141,1,130,148,129,142,165,6,128,8,2,96,104,57,64,89,98,19,83,82,40,8,189,40,4,143,64,148,90,144,8
3,200,98,136,22,147,168,100,196,64,210,199,40,136,54,64,110,41,147,197,197,171,4,253,34,12,138,192,29,12,57,156
131,8,37,28,4,16,138,128,212,192,80,66,32,8,183,239,72,96,50,79,165,160,38,169,0,42,202,128,93,61,120,108
3,221,51,204,183,148,174,231,76,72,90,98,40,26,180,228,238,19,18,201,215,168,36,253,32,56,142,194,21,28,241,45
57,73,98,111,68,147,198,116,69,64,118,66,99,8,183,160,120,168,22,111,205,186,36,189,50,105,128,128,127,190,120,140
2,12,134,157,20,170,40,35,28,1,90,2,172,34,32,64,96,44,51,0,0,152,1,221,4,54,218,192,4,8,49,8
26,189,50,168,23,193,184,71,135,1,88,162,44,159,32,64,106,187,147,145,26,154,18,213,185,197,138,203,55,12,165,154
56,72,114,76,70,2,251,80,201,128,246,2,58,9,181,116,122,160,6,234,128,163,36,204,82,40,32,8,119,187,96,169
3,201,70,136,22,129,170,101,132,64,80,199,40,202,54,64,110,43,19,213,215,137,6,253,40,12,138,192,29,12,57,156
8,133,18,168,117,141,112,87,47,9,92,0,188,147,32,68,228,43,23,24,18,169,0,223,235,245,58,202,146,8,161,139
3,141,2,140,178,128,60,231,44,73,90,199,172,42,50,64,230,3,147,133,215,152,4,253,40,54,154,192,28,4,169,93
2,151,50,153,183,226,184,35,60,9,90,179,172,190,32,64,231,59,147,145,146,152,0,215,13,54,154,195,148,0,165,147
2,149,18,153,147,166,184,99,60,9,90,178,172,62,36,64,239,51,147,128,50,152,0,223,45,54,154,194,145,64,165,155
3,141,6,152,148,129,174,231,20,65,88,199,32,8,50,64,104,42,19,197,246,136,4,253,40,38,158,192,28,12,184,156
6,14,128,154,19,225,26,66,6,1,73,179,8,246,104,72,67,27,147,145,2,0,8,246,8,6,154,227,148,71,36,18
2,149,2,136,211,228,56,103,44,73,90,3,44,158,32,64,228,59,147,132,82,152,16,221,33,36,138,202,17,4,161,219
43,72,99,78,84,145,206,244,69,64,84,194,33,204,183,164,88,168,19,239,199,162,46,189,98,72,136,168,127,190,112,236
2,195,34,136,150,192,172,101,68,69,80,131,44,142,50,96,110,59,147,193,214,138,4,221,32,32,138,201,21,12,181,204
0,153,18,140,21,133,52,103,12,9,90,2,172,186,32,64,228,59,34,0,82,136,16,221,41,52,26,74,16,8,177,11
131,201,0,140,148,129,142,167,86,64,88,199,32,40,50,192,72,98,19,69,247,8,4,191,40,32,142,192,28,12,152,92
35,201,99,202,84,145,202,228,71,0,112,66,32,136,180,228,72,170,18,73,195,170,44,253,48,12,130,192,29,158,120,172
33,207,32,140,84,145,132,103,68,5,88,135,32,8,50,64,72,42,2,69,214,170,4,189,32,36,150,72,29,12,184,140
2,0,0,136,4,0,8,0,4,0,16,2,0,10,32,64,64,0,19,0,0,32,0,128,0,0,138,128,20,8,16,0
3,195,32,140,132,129,140,37,4,68,80,135,0,8,50,64,72,2,19,133,212,8,4,149,32,32,142,192,28,12,152,92
3,193,0,140,132,129,132,37,68,64,80,135,32,8,50,64,72,2,19,5,212,40,4,149,32,32,142,192,28,28,152,92
2,181,144,144,147,225,144,67,22,5,8,179,12,190,96,64,199,27,147,145,18,8,146,215,41,4,30,107,148,76,165,210
2,135,0,136,148,225,8,35,4,5,88,163,0,46,50,64,68,19,147,149,18,8,0,149,40,0,138,193,20,12,148,80
131,197,0,140,20,129,140,167,20,64,88,151,32,40,50,64,73,2,19,5,230,12,4,159,32,34,154,128,28,28,152,92
2,131,0,140,148,129,140,101,4,64,80,199,32,14,50,64,76,3,147,133,208,8,0,221,32,32,138,192,20,12,184,88
2,32,144,144,100,41,184,66,154,19,56,24,140,170,96,10,131,9,2,0,2,102,130,194,4,22,90,168,148,72,3,129
3,193,32,140,132,128,140,101,4,68,80,199,32,8,50,64,76,3,19,133,212,40,4,221,32,32,142,128,29,28,184,92
2,194,4,156,12,128,12,133,134,21,80,135,32,142,50,64,76,9,179,197,66,8,2,213,32,32,218,137,20,28,180,72
3,201,33,140,4,144,140,165,68,64,80,199,32,8,182,224,72,96,18,197,197,168,36,253,32,40,142,128,29,28,248,92
166,0,194,158,76,0,168,64,128,128,81,18,64,202,120,75,72,44,51,179,32,130,138,128,16,32,202,136,5,42,112,128
1,132,179,88,54,180,169,18,126,9,126,80,156,162,180,236,167,19,18,152,147,184,36,215,12,62,58,192,214,128,97,37
2,151,36,152,149,229,148,231,22,95,80,51,0,60,34,73,205,19,131,145,114,72,2,212,41,18,222,195,144,92,180,91
0,0,0,136,4,1,8,0,4,0,0,2,0,0,32,64,72,0,2,0,0,0,0,128,0,0,138,0,20,8,48,0
48,72,74,164,4,3,68,68,132,128,242,10,51,8,53,16,72,232,4,193,8,163,0,40,242,137,164,16,101,185,112,136
2,131,32,136,148,129,156,165,4,69,80,135,0,14,50,64,76,3,147,133,214,8,4,213,40,32,142,192,29,12,184,88
2,203,32,136,148,129,140,231,4,69,88,135,32,46,50,64,72,3,147,197,214,8,4,189,40,32,142,193,28,28,180,88
3,193,0,140,20,129,140,229,68,64,80,199,32,8,50,64,72,34,19,133,198,8,4,157,32,32,142,192,28,12,184,92
3,203,0,136,148,129,140,103,4,4,88,135,32,8,50,64,72,34,147,197,214,136,4,157,40,0,142,192,29,12,184,88
2,149,18,136,147,193,188,99,4,1,88,162,44,62,32,64,106,19,147,129,82,136,0,221,40,36,138,195,20,8,165,27
35,200,97,204,84,145,134,228,68,64,80,66,32,8,180,228,72,40,18,75,195,42,36,189,32,8,138,128,85,28,80,236
35,72,97,206,84,145,198,228,69,64,80,66,96,72,181,228,88,96,19,207,197,170,36,189,32,40,138,128,87,159,112,236
2,131,2,136,150,193,188,103,4,5,88,163,40,46,50,64,108,59,131,133,82,136,0,221,32,36,138,193,21,12,180,200
35,201,99,204,84,129,143,244,68,0,112,66,32,136,180,164,72,170,18,203,195,170,36,253,32,8,130,136,87,152,112,172
2,0,0,136,4,1,8,0,4,0,80,2,0,10,32,64,72,0,19,128,0,0,0,144,0,0,138,128,20,8,48,0
60,0,106,76,68,147,195,112,69,0,117,2,83,73,181,96,88,168,23,42,136,178,36,156,82,41,160,8,119,170,112,160
2,0,0,136,4,1,136,0,4,0,80,2,0,0,48,64,72,0,19,129,0,0,0,145,0,32,138,128,20,8,48,0
130,144,146,153,115,165,184,66,62,25,82,51,140,158,32,72,231,27,147,145,50,156,18,211,13,22,154,194,144,0,33,147
60,8,106,108,68,18,202,80,69,128,247,2,83,73,49,96,120,160,6,234,136,179,36,140,82,233,160,128,119,171,112,128
50,8,66,132,4,2,232,64,45,0,242,2,14,138,49,64,104,169,31,161,8,179,0,200,144,32,138,128,37,8,112,128
52,72,106,76,68,131,195,112,69,0,244,2,114,65,181,100,88,224,23,106,200,163,32,189,114,168,160,24,119,187,112,168
2,149,2,136,147,224,184,99,4,69,74,183,44,62,34,64,103,19,147,145,22,136,16,215,41,36,154,195,156,68,173,86
2,144,18,152,19,228,56,67,30,73,72,19,44,158,32,64,230,59,147,145,18,138,18,215,9,52,154,203,144,4,165,211
32,72,106,204,68,131,239,112,69,0,116,2,49,193,181,32,120,168,2,234,192,178,36,61,114,169,160,8,119,186,112,168
3,148,18,136,147,165,56,35,14,73,72,87,12,62,32,192,231,19,147,149,151,136,16,215,9,38,154,194,152,68,169,23
57,200,98,172,68,145,198,244,69,64,240,66,35,8,183,224,72,224,22,199,205,170,4,189,50,105,130,8,125,28,120,140
2,149,50,136,147,224,152,103,4,1,88,163,44,62,32,64,110,51,147,129,18,136,0,221,40,36,154,195,20,12,165,91
3,148,17,136,147,245,144,67,14,65,72,86,44,62,36,224,231,19,147,145,23,8,16,215,9,6,154,66,153,68,161,39
130,6,128,153,20,170,168,2,52,39,82,151,128,42,18,72,109,39,163,149,50,156,65,159,12,38,218,193,156,12,28,80
129,132,147,153,52,181,184,66,126,75,112,84,140,138,180,232,195,11,2,21,183,44,2,215,12,30,18,74,152,4,41,133
2,149,16,136,147,193,56,231,4,1,72,163,44,54,32,64,111,27,147,128,82,8,0,215,40,36,138,195,20,0,165,218
3,203,32,136,148,145,142,229,6,68,80,135,32,8,50,64,72,42,19,197,198,8,4,189,32,0,142,192,29,12,184,92
135,172,160,154,148,161,142,235,22,67,24,147,64,236,123,64,89,74,19,181,182,4,12,190,40,6,143,228,148,110,144,80
6,193,0,142,132,128,142,165,4,0,81,2,96,98,40,64,72,66,2,194,80,0,8,181,32,32,142,192,20,27,176,0
3,203,32,136,148,129,140,229,6,5,80,135,32,10,50,64,76,3,147,197,214,8,4,181,40,32,142,192,28,12,184,88
2,193,0,140,132,129,12,37,4,0,80,2,32,2,48,64,64,3,19,129,80,8,0,149,32,32,142,192,20,8,176,0
2,193,32,136,132,129,140,37,4,64,80,131,32,14,50,64,64,3,147,133,208,8,4,149,32,32,142,192,20,28,176,88
3,195,0,140,132,128,140,37,4,68,80,135,32,40,50,64,72,2,19,197,212,8,4,157,32,32,142,128,28,28,184,92
2,131,32,140,4,129,12,37,4,68,80,135,32,14,50,64,68,3,147,133,212,8,4,157,32,32,138,193,28,12,176,88
35,202,96,140,4,145,142,228,68,64,80,199,32,8,182,64,72,0,19,69,196,40,4,189,32,8,138,128,93,28,88,156
2,148,22,152,177,165,56,98,30,25,88,18,140,54,32,64,231,19,19,144,50,8,0,215,13,22,154,194,148,68,33,3
3,200,33,140,4,145,142,164,68,64,80,71,32,8,176,224,72,64,18,69,197,40,36,189,32,32,138,128,29,28,56,76
3,194,32,136,4,129,140,229,4,68,80,135,32,8,50,64,76,1,147,197,198,40,4,157,32,0,142,193,29,12,184,204
130,145,16,136,147,193,184,97,12,1,64,178,12,30,32,64,110,19,147,145,82,8,16,215,41,0,138,67,21,12,165,18
3,193,0,140,4,145,140,37,68,64,80,71,32,8,178,224,72,0,18,133,197,40,4,157,32,32,138,192,29,28,184,12
2,145,16,136,146,193,188,101,4,4,64,163,44,30,32,64,110,19,147,144,82,8,0,213,40,0,138,195,20,12,165,146
3,200,0,140,4,145,142,164,68,64,80,71,32,8,179,224,72,96,18,69,197,40,4,189,32,32,142,128,29,28,56,12
2,135,32,136,148,161,136,99,4,5,88,131,0,46,50,64,77,3,147,149,18,8,0,149,40,0,138,193,20,12,180,64
3,195,0,136,20,145,140,229,4,65,80,199,32,8,50,64,72,0,19,197,214,40,4,181,40,32,142,192,29,28,184,28
3,200,1,140,4,145,142,164,68,64,80,70,32,8,182,224,72,96,18,71,197,40,4,189,32,40,138,128,29,28,248,12
3,195,0,140,148,129,142,229,4,68,80,135,32,8,50,64,72,2,19,197,214,8,4,181,32,32,142,192,28,28,184,92
3,195,32,136,148,129,140,165,4,4,80,135,32,8,50,64,72,2,19,133,214,8,4,157,40,32,142,193,29,12,184,92
3,195,0,140,148,129,12,231,4,5,88,135,32,8,50,64,72,2,147,197,214,8,4,221,40,32,142,192,28,12,184,92
3,139,32,136,148,129,142,229,4,4,80,135,32,8,50,64,72,3,19,197,214,8,4,253,40,32,142,192,28,12,184,92
3,195,0,136,20,145,140,229,6,5,80,135,32,8,50,64,72,3,19,197,214,8,4,157,40,32,142,192,29,12,184,92
2,195,32,136,20,129,140,229,6,5,80,135,32,136,50,64,76,10,147,197,214,8,4,181,40,32,142,193,21,12,184,200
3,139,32,140,20,129,140,101,4,68,80,135,32,8,50,64,72,35,147,133,214,136,4,157,32,32,138,192,29,12,184,92
2,195,32,136,148,129,140,229,6,5,80,163,40,14,50,64,76,11,147,133,214,10,4,221,32,32,142,193,21,12,180,216
60,0,66,236,68,2,74,80,5,0,245,2,75,75,37,80,122,168,6,234,8,178,0,140,18,233,162,128,119,171,112,128
34,131,96,136,150,193,156,101,4,5,80,163,40,14,50,64,78,27,147,133,82,8,4,213,40,0,138,195,21,12,180,219
2,0,32,129,68,129,168,64,140,48,16,131,136,14,112,66,104,137,27,149,130,18,68,208,20,0,138,168,21,12,49,128
2,132,18,153,52,164,184,2,62,9,90,18,140,154,32,64,231,27,19,145,18,156,0,215,12,54,154,194,148,4,33,65
128,128,146,153,117,173,184,66,30,25,112,16,140,138,32,72,167,9,2,17,2,188,2,215,13,22,26,66,144,8,33,129
130,128,146,153,34,129,56,64,62,17,80,144,140,142,96,73,231,25,147,145,2,20,2,209,4,16,26,202,148,0,33,145
2,203,70,156,210,128,172,231,20,5,90,135,40,174,34,65,110,43,131,132,82,138,2,253,32,38,158,193,21,12,180,216
33,205,97,200,84,145,135,246,70,0,124,66,32,136,180,228,72,42,18,74,195,42,36,191,48,8,134,8,87,154,112,172
2,0,26,161,110,136,184,64,172,16,48,2,157,2,96,66,238,1,19,128,2,16,2,192,84,193,42,168,20,8,33,129
66,149,18,140,247,164,176,103,172,9,90,2,44,186,32,64,228,43,59,1,18,185,16,207,185,52,26,74,16,0,161,11
3,195,32,136,20,129,140,165,6,5,80,135,32,136,50,64,72,11,147,197,214,8,4,221,32,32,138,192,28,12,184,88
2,131,32,136,148,129,140,37,4,4,80,135,0,8,50,64,72,2,147,133,214,8,4,149,40,32,142,192,20,12,148,80
32,0,66,139,68,137,232,64,45,1,241,10,138,10,40,72,104,137,14,144,10,50,64,192,148,144,154,104,20,10,49,128
33,205,99,206,92,129,143,246,68,0,124,2,48,201,181,36,72,106,19,203,195,170,36,191,112,12,130,40,87,139,112,172
2,131,98,200,154,208,188,103,134,5,216,163,40,142,52,64,110,59,155,133,210,11,38,213,56,36,142,203,21,4,165,221
2,16,146,152,105,165,176,74,174,25,80,16,140,154,96,72,229,25,2,16,2,9,2,209,1,16,26,234,144,0,33,131
10,149,50,216,83,165,56,83,63,77,92,23,44,159,38,68,231,59,147,148,146,152,16,215,91,92,26,202,179,4,161,219
56,13,98,108,84,50,234,114,69,0,252,2,27,9,180,16,120,168,23,168,216,179,36,140,82,237,160,128,119,171,114,128
3,131,32,140,132,129,140,37,4,4,80,135,0,8,50,64,72,2,19,133,212,8,4,149,40,0,142,192,28,12,152,68
3,144,115,217,118,153,184,66,254,65,86,242,172,158,246,236,231,25,146,145,135,188,38,211,6,28,154,194,212,12,41,213
2,193,82,136,118,128,236,69,45,1,112,2,140,138,52,80,110,137,23,129,82,154,0,209,52,60,154,128,21,0,227,137
6,141,6,158,148,131,14,162,22,162,90,2,96,106,48,64,81,102,51,227,112,152,9,191,40,38,207,196,20,122,176,8
50,2,98,168,116,131,232,80,141,68,240,143,9,141,55,64,126,169,151,165,136,179,0,204,18,80,138,201,55,140,116,208
50,25,2,136,88,129,56,64,135,4,208,175,40,198,49,64,124,185,151,197,10,147,2,221,148,0,139,232,21,15,52,216
2,88,146,153,71,164,184,70,158,25,80,34,172,158,96,72,230,59,147,145,2,24,18,241,5,48,154,202,144,5,33,155
3,192,0,140,4,145,140,164,68,64,80,199,32,8,178,224,72,64,19,197,197,40,4,157,32,32,142,128,29,28,184,28
3,131,0,136,132,128,140,165,4,68,80,135,32,8,50,64,76,2,147,133,212,8,4,149,32,32,142,192,28,12,184,92
7,142,160,154,148,1,142,160,20,70,89,135,96,108,59,65,89,66,19,167,244,64,12,186,40,6,207,128,156,126,184,84
57,72,122,108,118,147,234,244,69,64,116,2,59,201,177,32,122,168,23,235,204,178,36,189,118,233,34,8,119,153,112,137
2,157,18,154,19,224,186,98,60,1,74,163,172,190,32,64,103,59,147,129,18,152,0,255,45,38,154,195,20,4,37,154
130,48,144,152,11,133,152,64,30,27,64,18,12,150,96,8,229,25,19,144,2,68,18,208,1,18,90,106,144,0,33,131
35,201,99,205,84,147,143,101,68,64,80,194,32,12,180,228,88,40,18,237,193,186,37,253,32,40,138,128,87,156,240,188
2,143,2,138,146,224,186,231,12,5,90,163,40,174,32,64,111,59,147,129,82,152,0,255,40,36,138,195,20,14,181,91
2,131,32,136,148,129,140,97,4,4,80,135,32,46,50,64,76,3,147,133,214,8,0,213,40,32,138,193,20,12,180,80
56,201,72,236,84,131,70,244,4,32,116,10,51,129,176,80,88,168,23,106,74,186,0,61,114,201,160,40,117,154,114,136
2,143,2,140,148,128,190,231,4,5,90,167,32,46,50,64,108,35,147,197,82,152,0,253,40,36,138,193,20,12,180,88
60,0,98,76,68,18,224,88,69,128,119,2,81,73,188,100,88,164,6,42,136,176,36,136,66,233,160,4,103,170,112,132
3,200,97,204,4,17,135,236,68,64,80,66,96,8,189,228,88,96,18,109,193,40,37,189,32,40,130,128,87,28,112,108
3,201,2,142,20,145,142,229,68,64,82,71,32,8,182,224,72,34,18,71,197,168,4,189,32,40,142,128,29,30,248,12
2,32,148,145,108,1,184,64,142,16,16,2,140,138,112,11,134,9,51,17,2,64,2,208,4,16,202,170,20,8,33,129
2,148,0,152,151,225,152,98,20,3,8,179,12,62,32,65,79,27,147,145,50,12,16,215,9,6,154,195,148,76,52,210
3,192,32,142,4,145,140,229,68,64,80,70,96,8,182,224,72,0,18,197,197,40,4,157,32,40,142,128,29,30,184,12
2,135,32,136,148,225,12,231,4,69,88,163,0,46,50,64,64,3,147,149,82,8,4,213,40,4,138,193,20,12,180,90
3,195,0,136,132,129,140,165,4,68,80,135,32,8,50,64,72,2,3,133,214,8,4,149,32,32,142,192,28,12,184,92
3,195,32,140,132,129,140,37,68,68,80,135,32,8,50,64,72,2,19,133,212,40,4,149,32,32,142,192,28,12,184,88
3,201,32,140,148,144,140,165,68,64,80,199,32,40,50,64,72,98,18,197,212,40,4,189,32,32,142,128,29,28,184,92
2,149,16,136,146,161,24,99,4,1,88,162,12,22,32,64,110,19,147,128,18,8,0,213,40,0,138,194,20,8,165,19
114,0,80,128,70,8,72,0,9,0,48,10,142,10,4,80,98,129,21,0,8,2,64,192,148,152,136,184,53,8,80,0
3,201,3,140,20,145,140,101,68,64,80,70,32,8,180,224,64,34,18,197,199,136,4,157,32,40,142,192,28,12,248,12
2,192,0,140,4,129,136,37,4,0,80,2,0,8,48,64,72,0,19,1,64,40,0,149,32,0,138,192,20,8,144,8
2,192,32,136,20,129,12,165,4,0,80,2,0,8,48,64,64,0,19,65,194,8,0,149,40,0,142,192,20,8,176,8
35,200,35,204,20,129,143,228,68,64,80,66,48,8,180,100,72,40,18,201,195,168,36,253,32,40,138,128,21,24,112,236
2,149,18,136,23,225,184,99,12,1,74,34,44,154,32,64,238,59,147,145,18,136,16,221,9,36,138,67,20,8,165,130
56,8,106,204,84,147,202,112,68,0,116,2,49,201,181,64,88,40,23,234,200,162,32,189,66,233,162,128,119,137,112,168
3,195,0,140,132,129,140,37,4,68,80,135,32,8,50,64,72,2,3,133,212,8,4,157,32,32,142,192,28,12,184,92
2,144,50,152,23,225,184,66,14,1,88,162,12,158,32,64,239,27,147,145,18,136,16,213,9,4,154,195,149,12,53,211
2,20,144,136,19,225,16,66,6,3,8,178,12,150,96,72,79,27,147,144,2,12,16,214,9,6,154,67,148,72,37,18
130,144,18,152,102,129,184,64,30,1,80,50,140,158,32,72,238,25,19,145,2,140,2,215,0,20,154,202,20,0,33,131
34,8,98,206,84,147,234,112,69,0,116,2,32,73,180,100,72,160,19,202,192,186,36,253,34,40,130,128,119,139,112,172
2,48,144,144,19,225,144,66,22,3,0,178,12,158,96,8,75,25,147,145,2,4,16,210,9,4,154,99,148,8,37,146
33,201,98,204,20,145,132,101,68,64,80,2,32,8,182,96,72,34,2,193,198,168,36,157,34,40,130,64,85,12,240,140
2,131,32,136,148,129,140,37,4,69,80,135,32,14,50,64,76,3,147,133,214,8,4,213,32,32,138,193,28,12,176,88
3,193,32,140,4,145,140,37,68,64,80,199,32,8,50,64,72,2,19,133,213,8,4,157,32,32,138,128,29,12,184,92
3,195,0,136,20,129,140,37,4,4,80,135,32,8,50,64,72,2,3,133,212,8,4,149,32,32,138,192,28,12,184,4
3,72,33,140,4,16,138,132,68,64,80,66,32,8,181,228,64,96,18,207,133,160,36,169,32,40,138,128,29,29,56,76
3,207,0,136,148,129,14,167,6,65,88,199,32,40,50,64,65,2,19,197,198,8,12,189,40,36,142,192,28,92,184,92
3,131,32,140,132,128,140,37,4,68,80,135,32,12,50,64,64,2,19,133,212,8,4,149,32,32,138,192,28,12,176,88
2,207,0,142,20,129,14,231,6,5,88,135,32,194,50,64,68,43,131,197,66,8,0,189,40,36,142,169,20,14,180,136
130,193,0,156,4,128,132,37,20,0,80,18,32,0,32,64,72,0,2,128,114,12,0,151,32,32,138,192,20,8,176,8
35,199,34,142,84,130,172,103,4,69,88,135,32,204,50,64,88,43,19,165,214,154,4,221,32,36,138,136,29,14,176,216
0,205,4,158,20,129,14,164,22,17,80,2,96,104,40,65,81,98,34,66,98,72,10,189,40,38,222,0,20,26,144,8
2,193,0,140,132,129,12,37,4,0,80,2,0,2,48,64,64,3,19,129,80,8,0,149,32,32,142,192,20,8,176,8
130,193,36,152,132,129,12,101,20,80,80,147,32,14,48,65,72,3,19,133,240,8,4,213,32,32,202,192,20,28,176,80
2,137,18,156,52,132,186,103,60,9,90,18,172,138,48,64,226,43,19,1,50,152,0,255,5,52,26,128,20,8,49,137
32,201,123,204,86,144,171,116,76,0,116,2,48,139,180,100,110,40,19,200,195,170,36,253,102,56,130,136,23,136,113,173
2,153,6,152,18,131,152,96,134,4,90,163,104,206,32,64,94,57,131,192,66,184,2,189,0,4,139,194,20,10,37,25
3,193,36,156,12,128,140,165,132,84,80,135,32,12,50,65,72,0,19,133,196,8,6,213,32,32,206,128,29,28,184,92
50,201,0,168,28,129,78,228,133,0,208,143,35,198,32,64,92,248,151,230,74,11,8,189,176,192,138,184,53,30,48,88
51,2,98,136,86,146,232,64,77,5,210,131,44,8,55,96,106,137,23,149,134,187,36,204,20,12,138,129,85,12,117,204
2,11,98,137,84,145,168,66,76,5,88,7,40,136,54,64,106,41,3,133,146,186,4,213,20,8,138,192,93,12,113,140
18,81,114,204,22,131,184,101,77,0,240,162,44,12,52,64,110,187,151,129,200,186,4,221,178,168,138,130,85,8,33,137
3,8,103,221,86,147,233,64,205,68,83,198,40,76,181,229,126,40,19,239,133,176,36,221,4,42,138,128,87,15,113,244
3,72,36,140,12,144,142,164,196,64,208,199,32,8,179,227,64,96,59,197,197,9,6,189,32,32,202,144,28,29,56,92
26,181,50,168,87,193,184,71,6,65,76,34,60,159,32,64,106,187,147,145,18,155,18,213,251,69,138,75,55,12,165,154
3,141,3,140,180,144,174,167,76,65,90,70,172,42,182,224,226,35,18,197,215,184,4,253,32,56,138,192,28,12,249,13
56,8,122,204,70,130,251,80,129,128,244,2,25,139,181,80,110,169,6,170,136,179,4,204,86,41,34,136,119,170,98,129
2,140,18,157,52,170,184,35,60,1,90,2,172,42,48,64,98,47,51,1,16,184,1,207,4,54,26,194,132,8,49,9
8,165,18,216,244,157,105,87,47,9,92,16,188,131,160,68,224,43,19,24,18,152,32,223,111,93,58,200,146,136,161,169
56,205,66,174,84,131,70,116,5,0,112,2,51,11,48,80,88,168,6,98,72,186,0,189,114,201,160,0,119,138,112,136
3,201,6,136,22,147,168,103,196,64,88,71,40,200,50,64,110,41,19,197,213,137,6,221,40,4,138,192,29,12,57,140
2,143,2,136,178,128,56,167,44,5,90,135,172,42,50,64,231,35,147,133,214,152,0,253,44,54,154,192,28,4,169,88
2,147,50,153,183,226,184,67,62,9,90,178,172,190,32,96,231,59,147,145,146,152,0,213,13,54,154,195,148,4,165,23
2,149,18,153,147,166,184,99,60,9,90,178,172,62,36,64,239,51,147,129,48,152,16,223,45,54,154,194,145,64,165,155
3,141,6,152,20,129,174,231,132,64,88,199,40,72,50,65,104,42,19,197,215,136,6,253,40,32,142,192,28,12,184,156
3,131,0,137,148,129,140,45,4,64,80,135,32,8,50,64,72,2,19,133,212,8,69,149,44,32,142,192,28,12,152,28
2,149,2,136,211,228,188,103,44,73,90,3,44,190,32,64,236,59,147,132,82,152,16,223,33,52,138,203,16,4,161,219
43,72,99,76,84,145,207,120,69,64,116,66,49,200,183,164,88,168,19,239,199,162,38,157,114,72,128,168,119,190,112,236
2,129,34,136,150,193,172,103,4,69,88,163,40,142,54,96,110,59,147,193,214,138,4,221,32,32,138,201,21,12,181,204
0,149,18,140,53,133,48,39,14,9,90,0,172,186,32,64,196,59,130,0,82,136,0,221,41,52,26,74,16,8,177,11
3,192,0,140,4,145,140,228,68,64,80,71,33,8,180,224,72,0,19,69,197,40,4,157,32,105,138,128,29,28,184,12
35,200,65,202,84,145,202,228,71,64,80,66,32,136,180,224,72,168,19,197,199,170,4,253,34,12,138,200,29,158,120,140
131,201,0,156,148,145,142,167,84,64,80,199,32,40,50,224,72,34,19,69,245,136,4,191,32,32,142,128,28,28,152,76
35,207,2,140,84,145,134,231,68,5,88,71,32,8,178,64,72,42,2,69,214,170,4,189,32,36,134,200,29,12,184,140
2,0,0,136,4,0,8,0,4,0,16,2,0,2,32,64,72,0,19,128,0,0,0,128,0,0,138,128,20,8,48,0
3,193,40,140,148,129,140,101,68,68,80,135,32,8,50,64,72,2,19,5,212,8,4,149,32,32,142,128,28,28,152,92
131,201,0,140,132,128,12,167,4,64,88,199,32,40,50,64,64,2,19,197,197,8,4,181,32,32,142,128,28,28,184,28
2,181,144,152,147,225,144,103,30,1,8,179,12,190,96,64,199,27,147,145,50,8,144,215,41,4,30,107,144,64,165,147
2,135,0,136,149,225,8,99,4,5,24,131,0,46,48,64,64,19,147,149,18,8,0,149,41,0,138,193,148,12,148,80
131,197,32,140,4,145,140,231,84,66,88,215,32,40,178,192,73,2,19,133,231,44,4,159,32,36,138,128,29,28,152,12
3,193,1,140,4,128,140,101,4,64,80,199,32,12,48,192,72,32,19,133,197,8,4,221,32,32,138,128,28,28,176,28
162,0,192,145,68,9,232,2,155,19,112,26,140,10,64,26,43,129,38,0,0,118,2,194,4,22,218,168,117,8,83,128
2,194,36,156,12,128,140,165,134,21,80,135,32,142,50,64,76,9,179,197,194,8,2,213,32,32,218,137,20,28,180,72
35,72,99,78,4,18,143,112,68,192,86,66,32,8,181,228,72,96,18,203,197,160,36,233,34,40,138,128,87,190,112,108
164,0,130,140,68,0,128,72,148,130,83,18,64,200,120,75,88,172,51,33,0,246,130,192,16,32,202,8,21,42,112,128
0,148,58,200,242,164,185,114,108,9,126,2,28,55,164,100,103,19,22,152,146,168,32,213,75,191,50,194,208,192,33,161
32,4,106,65,212,50,233,82,68,161,126,18,16,41,180,100,121,12,18,185,144,184,37,198,78,14,178,196,229,200,112,164
2,151,36,152,181,229,148,231,22,95,80,183,4,60,32,73,205,19,131,17,242,72,2,245,41,18,94,195,144,92,180,91
2,0,0,136,4,0,136,0,4,0,16,2,0,2,32,64,72,0,2,128,0,0,0,128,0,32,138,0,20,8,48,0
2,20,148,153,130,169,184,10,30,51,88,50,140,10,64,75,39,27,147,145,34,84,3,208,12,22,90,226,148,64,1,129
2,195,32,136,148,129,140,229,4,68,80,135,32,46,50,64,76,3,147,197,214,8,4,149,40,32,142,193,28,28,180,88
3,203,0,140,148,129,140,103,4,4,88,135,32,8,50,64,72,34,147,197,214,8,4,157,40,0,142,192,29,12,184,88
35,193,0,140,20,145,140,229,4,64,80,199,32,8,50,64,72,43,19,197,199,168,4,253,32,32,138,192,29,28,248,156
2,149,18,136,147,228,184,99,12,1,74,34,44,62,32,64,226,27,147,129,18,136,16,221,41,36,138,67,16,0,165,26
33,72,99,206,84,131,195,112,69,64,112,66,112,72,181,36,88,168,18,235,193,162,36,189,48,40,130,8,85,155,112,236
2,131,2,136,150,193,188,103,4,5,88,163,40,46,34,64,108,59,131,129,82,136,0,221,40,36,138,195,21,12,180,88
35,201,99,204,84,145,139,244,68,0,112,66,48,8,180,228,72,168,18,203,195,170,36,189,32,8,138,136,87,152,112,172
0,0,0,136,4,1,0,64,4,0,80,2,0,0,32,64,64,0,2,0,0,0,0,149,0,0,130,0,20,8,48,0
37,8,106,76,68,19,203,112,69,64,117,2,112,73,181,100,88,168,18,234,193,178,36,157,82,40,162,128,119,187,112,164
0,0,0,136,4,129,136,0,4,0,80,2,0,8,32,64,72,0,2,0,0,32,0,144,0,32,138,0,20,8,48,0
2,144,18,152,211,229,184,66,30,9,80,147,12,158,32,72,231,27,147,145,50,156,16,215,13,22,154,194,145,4,37,211
2,0,34,128,70,136,168,64,172,0,210,2,140,136,49,64,106,169,31,129,128,177,0,192,148,48,138,128,5,8,49,128
2,48,146,152,99,133,184,64,142,25,80,50,172,158,96,72,198,57,147,145,2,10,2,209,5,16,154,234,144,4,33,147
51,72,99,76,68,147,207,240,69,0,240,66,51,72,181,228,88,224,22,234,201,162,36,189,48,40,128,128,119,191,112,172
2,149,2,136,147,241,184,99,6,69,74,163,40,190,34,64,111,27,147,145,22,136,20,213,40,38,154,195,156,4,173,94
40,72,106,76,68,131,235,112,68,128,116,2,49,201,181,96,120,168,6,234,200,178,32,13,114,169,160,8,119,186,112,168
3,148,19,136,147,245,152,99,14,65,72,23,44,190,32,192,231,27,147,145,23,136,16,215,41,38,154,67,152,68,169,22
49,72,99,204,68,145,198,228,69,64,240,66,35,136,181,228,72,232,22,203,205,171,36,189,48,104,130,8,125,63,120,172
2,149,16,136,147,224,184,103,4,1,72,163,44,62,32,64,110,51,147,129,18,136,0,221,41,38,154,195,20,4,165,27
130,130,128,153,20,170,168,3,62,39,82,151,128,10,18,72,109,46,163,149,50,156,65,151,12,38,154,192,156,12,156,80
58,131,96,168,212,129,204,101,5,4,84,167,33,47,50,64,76,171,135,133,90,10,4,157,226,65,170,233,55,140,180,200
3,148,147,152,53,181,176,66,126,91,88,112,140,154,164,236,229,11,2,17,183,44,34,215,13,30,26,194,152,68,41,133
2,149,16,136,147,193,56,231,4,1,72,163,44,54,32,64,111,27,147,128,82,8,0,213,40,4,142,195,20,0,165,26
3,203,32,136,148,145,140,229,6,68,80,135,32,8,50,64,72,35,147,197,214,8,4,189,32,0,142,192,29,12,184,92
134,164,160,154,148,161,138,235,22,195,24,147,96,236,123,64,89,74,19,181,178,68,12,191,40,6,143,228,148,110,16,80
6,141,0,138,148,161,14,164,4,1,89,2,64,106,56,64,73,66,19,195,80,8,8,181,40,32,142,192,148,91,176,0
2,193,0,136,132,129,140,37,4,0,80,2,32,8,48,64,72,2,19,1,80,40,0,149,32,0,142,192,20,8,176,0
2,193,32,136,132,129,140,37,4,64,80,131,32,14,50,64,64,3,147,133,208,8,4,149,32,32,142,192,20,28,176,88
3,195,0,140,148,129,140,37,4,68,80,199,32,40,50,64,72,3,19,197,212,8,4,157,32,32,142,192,28,12,184,92
2,131,32,140,4,129,140,37,4,68,80,135,32,14,50,64,68,3,147,133,212,8,4,157,32,32,138,192,28,12,176,88
2,149,22,152,183,165,184,98,30,25,88,50,140,62,32,64,231,19,147,145,50,136,16,215,9,52,138,194,144,72,33,3
3,200,1,140,4,145,140,164,68,64,80,199,32,8,182,224,72,96,18,197,197,40,4,189,32,40,142,128,29,28,184,12
3,193,0,140,4,145,140,37,68,64,80,71,32,8,178,224,72,0,19,133,197,40,4,157,32,32,138,128,29,28,184,12
130,48,144,152,3,229,24,66,22,19,0,18,12,158,96,72,237,25,147,145,34,4,18,210,9,6,154,107,144,76,37,146
3,195,32,136,148,129,140,165,6,5,80,135,32,8,50,64,76,2,147,197,214,8,4,213,40,32,142,193,28,12,184,76
2,131,0,136,148,129,140,103,4,5,88,135,32,8,50,64,76,3,147,133,214,8,4,213,40,32,142,193,20,12,184,76
3,201,0,140,20,145,140,101,4,64,80,199,32,8,50,192,72,34,19,197,199,8,4,189,32,0,138,128,29,12,184,28
2,195,32,136,20,129,140,229,4,5,80,135,32,8,50,64,76,3,147,197,214,8,4,157,40,36,142,193,29,28,184,92
2,197,0,140,132,129,140,167,4,0,88,2,32,42,48,64,72,2,19,193,80,8,0,157,32,36,142,192,20,24,176,8
3,193,35,140,4,147,140,101,68,64,82,199,32,8,182,224,72,34,19,197,197,168,4,157,32,40,138,128,29,28,248,12
60,8,106,110,68,130,235,112,68,0,117,2,123,73,181,96,120,160,6,234,136,178,4,45,82,233,162,0,119,187,112,128
2,131,32,136,212,193,140,229,6,5,80,163,40,14,50,64,76,27,147,133,210,10,4,213,32,0,142,193,21,12,180,216
2,131,0,136,148,129,140,33,4,5,80,131,0,14,50,64,76,3,147,133,82,8,0,149,40,0,138,193,20,12,180,64
2,132,18,153,52,164,184,2,62,9,90,18,140,154,48,64,231,27,19,145,18,156,0,215,4,54,154,194,148,4,33,1
1,205,97,140,20,145,134,231,70,65,92,66,32,136,182,228,72,42,18,73,199,40,36,191,32,44,134,72,93,28,248,204
130,128,146,153,34,129,56,64,62,17,82,146,140,142,96,72,231,25,147,145,2,148,2,209,4,16,26,226,148,0,33,145
2,176,18,152,83,165,184,66,62,9,112,18,140,158,32,8,229,27,147,145,18,140,18,215,9,22,26,202,144,0,33,131
35,205,2,152,84,145,142,231,84,64,88,71,32,136,182,224,72,43,18,197,231,170,4,255,32,46,158,200,29,28,248,140
10,16,16,185,102,137,184,64,174,17,80,34,141,146,96,75,230,25,23,144,2,16,2,209,132,209,122,138,20,0,33,129
2,131,32,136,148,129,140,37,4,4,80,135,0,8,50,64,72,2,147,133,214,8,4,149,40,32,142,192,20,12,148,80
52,0,66,163,68,8,74,64,1,0,241,10,11,8,40,80,104,136,6,130,8,178,64,128,150,201,130,64,117,138,112,128
66,149,50,136,247,164,176,103,236,9,90,2,44,186,32,64,230,59,27,1,210,153,16,199,185,52,26,74,16,0,161,11
3,202,0,136,20,145,138,228,6,65,80,199,32,8,50,192,72,40,19,197,199,8,4,253,32,32,138,192,29,12,184,28
2,135,50,136,211,192,184,103,140,5,218,163,44,158,36,96,110,187,155,129,82,139,6,213,56,36,138,203,21,4,165,95
40,205,106,206,84,129,199,240,68,0,124,2,48,201,181,36,72,42,19,74,192,170,36,191,112,12,162,40,119,155,112,168
2,48,18,154,109,133,184,72,142,25,80,0,140,218,104,74,231,25,27,17,2,33,2,208,5,16,26,238,144,10,33,131
18,149,114,136,211,193,56,103,13,65,88,163,44,158,34,96,103,187,147,129,22,139,16,223,185,36,154,203,53,4,165,223
3,128,50,217,112,181,184,83,63,9,126,146,172,142,180,100,231,59,147,152,150,188,34,215,14,28,154,194,146,132,165,181
56,13,98,108,84,147,234,112,69,0,252,2,59,137,180,0,120,168,6,168,216,186,36,141,114,237,160,0,119,171,114,128
3,195,32,136,132,129,140,37,4,4,80,135,0,8,50,64,72,2,19,133,212,8,4,149,40,32,142,192,28,12,152,84
2,137,130,158,148,131,138,162,22,160,90,2,96,234,48,64,89,110,51,193,112,152,11,191,40,38,223,192,148,40,48,8
50,2,98,168,102,3,232,80,13,196,240,135,8,141,55,64,110,169,151,181,128,179,4,204,22,24,138,129,55,140,116,208
34,1,66,136,92,129,120,64,133,64,208,143,40,206,51,64,124,185,151,213,10,147,2,220,20,0,138,232,21,14,48,208
3,192,0,136,4,145,140,229,68,64,80,71,32,8,178,192,72,0,19,133,197,40,4,149,32,32,142,128,29,28,184,28
2,24,146,153,19,228,184,70,62,9,82,18,172,158,32,72,230,59,147,145,18,152,18,241,5,52,26,203,144,1,37,155
3,201,0,140,4,145,140,165,68,64,80,199,32,8,178,224,72,0,19,197,197,8,4,189,32,32,142,128,29,28,184,92
7,142,160,158,148,0,142,168,22,214,81,135,96,108,59,65,89,98,19,167,244,64,12,175,40,6,207,132,156,126,56,84
41,72,122,108,118,147,255,244,68,64,116,2,59,201,177,32,122,168,23,235,194,186,36,189,118,105,34,136,119,154,112,233
2,156,18,157,19,224,186,102,60,1,74,163,44,182,32,64,231,59,147,128,18,152,16,255,45,38,154,195,144,4,37,154
112,0,64,128,4,8,232,0,169,0,176,10,142,10,64,2,106,129,78,128,0,33,64,192,148,16,130,56,69,8,67,0
35,201,99,205,20,147,174,101,68,64,82,194,40,12,180,228,124,42,18,237,197,184,37,253,36,40,138,128,31,28,248,188
2,143,34,138,148,128,186,231,4,4,90,167,44,206,50,64,110,43,147,133,210,152,4,253,32,36,138,193,21,14,181,88
48,201,106,204,84,147,79,244,68,0,116,2,51,1,176,48,88,168,23,234,200,186,96,61,118,137,160,168,119,154,112,168
3,195,32,136,132,129,140,37,4,68,80,135,32,8,50,64,76,3,147,133,214,8,4,157,32,32,138,192,29,12,184,92
3,201,99,140,20,147,174,237,68,64,80,70,104,72,180,228,120,33,18,237,199,168,36,221,32,40,142,128,93,14,248,140
3,192,1,140,4,144,140,165,68,64,80,199,32,8,178,224,72,64,19,197,197,8,4,157,32,32,142,128,28,28,184,92
2,143,2,140,146,193,190,231,4,5,90,163,40,46,34,64,110,59,147,197,82,152,0,253,40,36,138,193,20,12,181,88
3,193,0,136,20,147,142,109,68,64,81,199,96,72,58,192,88,0,19,167,215,40,12,149,32,32,138,196,29,14,184,84
35,201,67,142,20,145,142,229,68,64,80,66,32,8,180,164,72,98,18,79,199,168,36,189,32,8,142,128,93,30,248,140
2,0,20,129,76,8,168,0,136,16,16,2,140,138,112,3,42,1,91,129,2,32,2,192,4,16,202,136,21,8,17,128
3,203,0,136,148,129,140,231,4,68,88,135,32,8,50,64,72,34,19,197,214,8,4,189,40,0,142,192,29,28,184,76
2,133,0,136,151,225,152,99,4,71,24,179,8,46,32,64,75,19,147,145,18,8,0,215,9,6,154,195,148,76,181,82
3,193,97,142,4,145,140,229,68,64,80,70,96,72,190,224,88,0,18,71,197,40,12,157,32,40,138,128,29,30,248,12
2,135,32,136,148,193,140,167,4,69,88,135,32,46,50,64,72,3,131,149,86,8,4,221,40,32,142,193,20,12,180,92
3,195,0,140,148,145,140,37,68,68,80,135,32,8,50,64,72,2,3,133,212,40,4,149,32,32,142,192,28,12,184,92
2,147,0,136,146,129,156,39,4,5,88,163,8,14,32,64,78,19,147,129,82,8,0,213,40,32,138,194,20,12,164,17
7,8,99,206,4,18,139,16,68,192,83,66,112,64,181,100,88,96,18,234,129,160,44,168,0,40,139,128,23,187,112,100
3,201,1,140,20,145,140,101,68,64,80,70,32,8,180,224,64,42,18,197,215,136,4,157,32,40,138,192,28,12,184,12
2,128,0,140,4,129,136,33,4,0,80,2,32,8,48,64,72,0,19,129,64,8,0,149,32,32,138,192,20,8,176,8
2,128,0,140,4,129,128,32,4,0,80,2,32,8,48,64,72,0,19,129,64,40,0,157,0,32,138,128,21,8,16,8
2,193,32,136,20,129,140,165,68,0,80,2,32,8,48,64,72,0,19,65,210,40,0,149,32,0,138,192,20,8,144,8
2,144,50,136,23,225,184,66,14,1,88,163,12,158,32,64,239,27,147,145,18,136,16,213,9,4,154,195,149,12,37,147
56,8,98,236,84,131,202,112,69,0,117,2,33,201,53,64,88,168,23,171,200,178,4,157,66,233,160,128,119,137,112,128
2,148,16,136,147,225,152,66,6,5,24,163,8,54,32,64,75,27,147,144,18,8,0,213,8,4,154,195,148,76,37,82
3,195,0,140,132,129,140,37,4,68,80,135,32,8,50,64,72,3,3,133,212,8,4,157,32,32,142,192,28,12,184,92
34,72,98,206,84,145,234,112,69,0,116,2,96,73,181,68,88,160,23,234,200,162,36,253,2,40,130,128,119,139,112,168
2,147,34,136,20,193,168,99,4,69,88,167,40,14,50,64,76,27,147,133,146,136,4,221,32,32,138,193,20,12,180,88
130,48,144,152,11,133,144,64,158,25,16,18,12,158,96,9,237,25,147,145,2,70,146,208,1,16,90,170,16,8,33,131
33,201,98,204,84,145,128,101,68,64,80,2,32,8,180,96,72,32,2,65,198,168,36,157,34,40,130,0,85,8,112,140
2,131,32,136,20,129,136,33,4,69,80,135,0,14,50,64,76,3,147,133,214,8,4,213,40,32,138,193,20,12,180,80
2,129,34,140,20,129,140,101,4,65,80,131,32,12,48,64,72,34,19,197,210,136,4,157,32,32,138,192,20,12,176,88
2,129,0,140,148,129,140,231,4,1,88,2,32,42,48,64,72,34,19,193,82,8,0,157,40,32,142,192,20,8,176,8
3,193,32,140,4,145,140,165,68,64,80,199,32,8,50,224,72,2,19,133,197,8,4,157,32,32,138,128,29,28,184,28
3,131,0,136,148,129,140,101,4,4,80,135,0,8,50,64,72,2,3,133,214,8,4,149,32,32,138,192,20,12,184,64
3,72,33,140,4,16,142,164,68,64,80,66,32,8,181,228,72,96,18,207,197,160,36,173,32,40,138,128,29,29,120,76
3,207,0,136,148,129,142,167,6,65,88,199,32,40,50,64,65,2,19,69,198,8,12,189,40,36,142,192,28,28,184,28
3,195,32,140,132,128,140,37,4,68,80,135,32,12,50,64,72,2,19,133,212,8,4,149,32,32,142,192,28,12,176,88
2,207,0,142,20,129,14,103,6,4,88,135,32,194,50,64,68,43,131,197,70,10,0,189,32,36,142,169,20,14,176,8
128,129,0,152,20,129,12,37,20,0,80,18,32,10,32,65,72,2,2,128,114,12,0,159,32,32,138,64,20,8,176,8
35,135,34,140,84,130,172,103,4,69,88,135,32,200,50,64,88,43,19,165,214,154,4,221,32,36,138,128,29,14,248,216
2,201,4,158,20,129,14,164,134,17,80,2,96,224,56,64,64,98,51,195,66,8,10,189,40,38,222,192,20,26,16,8
2,193,0,140,132,129,12,37,4,0,80,2,32,2,48,64,64,3,19,129,80,8,0,149,32,32,142,192,20,8,176,8
2,193,36,152,132,129,12,101,132,80,80,131,0,14,48,65,72,3,19,133,208,8,6,213,32,32,202,192,20,12,176,88
130,140,50,156,55,132,184,99,28,9,82,18,172,154,48,64,230,43,19,129,178,140,18,255,1,52,26,202,20,12,49,139
2,131,98,137,84,130,168,103,4,69,90,135,40,206,62,64,124,43,147,133,146,152,4,221,34,36,138,193,21,6,181,220
58,88,98,174,87,199,218,80,5,8,209,35,41,220,48,64,252,185,151,195,202,178,0,157,179,237,138,130,53,14,112,155
2,153,18,138,26,129,154,96,132,0,88,162,108,198,32,64,94,57,171,193,2,153,2,157,32,0,138,130,20,10,37,153
3,195,4,140,12,128,140,165,132,84,80,135,32,14,50,67,76,1,59,133,196,9,6,221,32,32,206,128,20,28,176,92
56,219,66,174,84,129,78,244,5,4,240,163,35,207,32,80,92,185,151,230,74,11,0,189,178,225,162,168,55,158,116,216
2,81,114,200,86,128,184,69,140,0,208,163,172,158,52,64,110,187,151,129,194,131,0,205,54,56,138,138,21,8,33,153
3,0,98,201,118,144,184,64,204,1,80,134,168,136,182,32,110,57,19,145,150,170,38,213,4,24,138,202,221,12,121,133
4,141,0,138,149,128,14,167,6,129,72,2,96,98,32,192,65,98,2,210,82,8,24,191,41,4,142,65,144,90,184,10
3,1,66,153,84,145,168,67,92,65,112,70,168,138,182,224,104,43,2,149,151,184,68,213,4,28,154,192,93,12,105,140
3,192,66,136,22,147,184,100,132,64,210,199,40,136,54,64,110,41,147,197,196,169,4,221,48,8,138,128,29,28,57,156
3,72,39,156,12,16,138,164,196,64,80,70,32,8,183,231,72,96,50,207,197,160,38,185,0,42,202,128,93,61,120,76
10,180,18,232,87,197,177,87,14,1,76,2,60,159,32,68,238,59,147,145,18,154,16,215,123,69,154,74,51,12,161,171
3,157,35,140,182,148,174,231,76,72,90,98,40,62,180,228,238,35,18,201,215,136,36,253,32,56,142,194,29,12,185,45
49,72,115,76,70,18,235,112,205,128,244,66,42,9,181,244,122,160,22,234,201,163,36,204,50,40,130,8,119,187,112,172
2,136,150,157,52,170,184,3,60,1,90,2,172,42,48,64,226,47,51,1,16,152,1,205,4,54,26,194,132,8,49,9
8,160,18,216,116,157,105,83,63,9,94,16,172,131,160,100,192,42,19,24,18,152,32,223,38,28,26,200,146,136,241,169
56,205,66,238,84,131,70,112,5,0,124,2,115,75,48,80,88,168,6,106,72,186,0,157,114,233,160,0,119,138,112,136
3,201,6,136,20,131,170,101,132,64,80,199,40,202,50,64,106,41,19,197,199,137,6,253,32,32,138,192,29,12,57,156
3,143,2,136,50,128,56,167,44,69,90,135,172,42,50,64,230,35,19,133,214,152,0,253,44,54,154,192,28,4,169,93
2,145,50,153,183,224,184,67,62,9,90,163,172,158,32,72,230,59,147,145,146,152,2,213,13,52,154,195,148,4,165,19
2,149,18,153,179,166,184,99,60,9,90,179,172,62,32,64,238,51,147,129,48,152,0,223,45,54,154,194,144,4,165,155
3,203,6,152,20,129,170,231,132,65,88,199,40,8,50,64,104,42,19,197,214,136,6,253,40,36,138,192,28,12,184,156
18,139,18,136,146,193,152,103,132,5,218,163,44,166,32,64,78,179,143,208,26,137,2,253,184,36,154,195,21,4,165,27
114,5,64,225,132,42,72,18,33,32,250,2,11,43,20,80,107,135,21,128,8,176,65,192,134,252,128,128,167,192,112,0
2,129,34,136,151,193,188,103,68,69,88,131,40,142,48,64,106,59,147,129,82,138,4,221,32,32,138,73,21,12,181,206
0,149,18,140,53,133,48,103,14,9,90,0,172,186,32,64,196,59,147,0,18,136,0,221,41,52,10,74,16,8,177,11
2,131,8,136,132,129,140,101,4,4,80,135,32,8,50,64,76,3,19,133,212,8,4,149,96,1,170,192,20,12,184,72
2,145,34,136,151,193,176,103,4,1,72,3,40,156,32,64,104,59,147,129,82,168,18,221,41,36,138,75,21,8,181,154
35,201,97,202,84,145,202,228,71,64,112,66,32,136,180,228,72,168,19,203,195,170,12,253,50,12,130,136,93,158,120,172
131,201,0,156,148,129,142,167,22,64,80,199,32,8,50,192,72,98,19,197,247,136,4,191,32,34,158,128,28,28,184,92
35,195,34,136,84,145,140,231,68,5,88,135,32,8,50,64,72,42,2,197,214,170,4,189,40,36,154,192,93,12,248,140
2,0,0,136,4,1,8,64,4,0,16,2,0,2,32,64,72,0,19,128,0,0,0,128,0,0,138,128,20,8,48,0
3,131,32,140,132,129,140,37,4,68,80,135,32,40,50,64,72,2,19,133,212,8,4,149,40,32,142,192,28,12,184,92
2,181,144,136,147,225,16,103,30,5,8,179,12,190,96,64,71,27,147,145,18,8,144,215,41,4,158,235,148,68,165,82
2,48,128,144,147,229,152,66,22,3,8,147,12,158,96,72,73,27,147,145,2,0,16,210,9,6,154,99,148,76,53,210
1,72,35,140,4,128,143,180,68,64,82,70,48,0,177,96,72,96,19,207,193,160,4,109,32,40,170,128,29,185,48,40
131,196,0,156,20,129,140,231,20,67,88,151,32,40,50,65,73,3,19,133,230,12,4,191,32,38,218,192,28,28,184,92
162,0,100,209,68,8,232,0,73,48,54,18,8,9,84,91,104,132,55,136,160,246,129,192,22,10,208,132,103,136,112,128
3,202,36,156,12,129,136,196,150,5,80,135,32,138,50,64,72,105,179,197,198,136,6,245,32,34,218,136,28,28,56,92
35,72,99,78,4,18,139,112,68,64,116,66,48,72,181,228,72,96,18,203,193,160,36,173,34,40,162,128,87,187,112,236
166,0,194,158,76,0,168,64,148,130,81,18,64,200,57,75,88,172,51,179,32,183,130,130,16,32,203,136,21,42,112,128
1,148,179,218,246,164,185,82,110,73,126,114,28,179,164,100,103,27,18,152,147,136,32,215,75,62,58,194,146,130,33,165
2,159,36,152,183,197,148,231,30,95,80,183,36,60,34,73,205,83,131,145,242,104,10,247,41,22,222,195,152,92,180,219
56,133,106,225,212,42,232,115,69,33,126,2,25,41,180,0,106,142,23,184,152,184,5,132,78,205,160,196,231,136,240,128
130,4,0,152,4,0,136,2,20,2,16,18,0,8,48,65,73,0,19,129,32,68,0,130,0,0,138,128,20,8,48,0
66,8,2,140,13,193,136,72,134,4,192,131,40,206,114,66,72,41,187,197,6,3,134,217,16,32,139,57,20,14,52,72
