130,131,2,156,144,193,12,103,20,5,88,163,40,38,32,65,76,51,147,129,114,136,0,221,32,32,138,193,20,12,164,24
2,128,26,185,52,129,57,80,62,1,82,18,189,131,32,72,230,57,23,144,2,156,2,215,196,181,186,192,20,128,33,129
3,193,32,136,20,129,12,101,68,68,80,135,32,8,50,64,64,2,19,5,214,8,4,149,32,0,138,192,28,12,152,92
6,128,0,138,4,129,130,32,4,0,81,2,64,64,40,64,80,64,19,66,0,0,8,181,0,32,138,192,20,11,48,0
40,72,106,78,68,195,243,112,68,0,118,2,49,25,53,64,88,32,19,234,192,186,52,189,99,41,160,1,117,155,116,170
134,205,0,146,128,32,14,167,20,2,24,147,64,110,41,64,69,83,147,198,112,8,8,226,40,6,142,128,148,127,144,88
128,197,0,136,132,161,12,167,4,2,88,18,0,8,32,64,73,2,2,0,114,12,0,151,40,0,142,64,20,88,144,8
162,194,32,152,4,129,156,229,22,85,80,183,40,140,54,0,76,9,147,133,230,46,6,213,32,4,154,233,21,28,180,220
35,137,98,142,20,145,138,96,68,64,81,70,96,72,182,228,72,40,18,199,197,168,12,189,32,40,138,128,93,47,120,156
0,128,0,136,4,129,0,32,4,0,80,2,0,0,32,64,64,0,2,0,0,8,0,149,0,32,138,64,20,8,48,0
2,129,0,136,128,128,12,35,4,64,88,135,0,46,50,64,68,3,147,133,80,8,0,213,40,32,138,192,20,12,176,80
2,149,18,152,251,229,184,99,142,25,88,50,12,190,32,64,231,27,155,145,18,11,18,215,25,20,154,234,144,68,165,147
0,128,226,209,84,170,232,18,127,1,118,18,136,9,20,76,99,142,51,152,146,252,1,197,14,174,146,64,231,136,112,128
0,128,230,213,20,2,160,43,86,161,82,2,64,168,52,64,88,44,51,49,176,248,5,205,12,46,219,68,197,40,112,0
3,128,96,217,38,152,168,0,126,81,86,146,140,14,150,108,98,41,51,153,151,156,231,209,6,56,154,192,6,132,17,229
131,144,50,217,48,181,185,18,191,89,84,48,140,159,244,108,167,25,147,29,150,156,34,209,6,30,26,234,150,132,33,247
6,141,130,158,148,2,134,171,20,131,90,2,96,96,41,65,81,102,19,32,112,200,8,206,40,38,207,132,132,122,176,0
35,72,99,76,4,19,133,108,68,64,112,66,32,8,181,228,88,32,18,105,193,184,37,157,34,40,130,128,87,188,80,236
2,128,22,153,164,173,184,71,190,25,80,16,140,138,96,73,231,11,19,17,18,216,2,209,4,16,218,194,144,0,161,129
44,8,106,111,100,19,226,120,68,0,117,2,115,73,181,64,88,168,23,106,136,178,109,157,70,233,160,0,119,171,112,128
130,144,18,152,147,165,176,71,62,25,66,18,12,146,32,72,231,27,19,144,50,140,18,215,9,22,26,66,144,0,161,131
2,148,18,136,147,229,56,66,14,1,74,2,12,22,32,64,231,19,147,144,18,136,16,215,9,4,154,67,144,64,33,18
3,197,32,156,132,129,12,167,20,67,88,135,32,44,50,65,65,2,19,133,244,8,4,159,32,38,158,128,28,28,184,92
0,0,0,128,4,0,8,0,4,0,16,2,0,8,32,64,64,0,2,0,0,0,0,128,0,0,138,0,20,8,16,0
36,8,74,206,68,129,195,112,5,0,117,2,113,73,181,0,88,160,2,106,0,162,8,189,66,9,160,0,119,171,112,160
2,149,2,136,147,225,24,35,4,1,72,162,40,54,32,64,70,19,147,129,82,136,16,213,9,32,138,195,20,12,164,18
48,0,66,136,4,2,192,64,5,0,242,2,2,10,48,64,120,128,14,161,8,179,1,204,144,160,130,16,85,8,112,128
0,0,18,136,108,137,168,64,142,17,80,0,140,138,96,72,202,9,2,144,2,48,2,209,4,16,138,104,20,8,33,129
2,16,18,152,44,133,184,64,142,25,80,32,140,146,96,72,198,25,19,16,2,0,2,209,1,16,26,234,144,8,33,129
2,150,144,152,179,228,56,66,30,27,88,50,140,182,96,72,231,27,179,144,50,12,2,210,9,22,26,195,144,64,37,19
2,131,0,136,148,129,12,33,4,4,16,135,0,46,34,64,76,3,131,132,80,8,0,149,40,0,138,193,20,12,148,64
2,131,0,136,132,129,12,37,4,4,80,135,0,14,50,64,64,3,131,5,80,8,0,149,40,0,138,193,20,12,148,64
0,201,128,140,20,128,12,39,6,1,88,2,32,168,32,64,64,34,34,0,66,8,2,157,32,38,158,0,20,24,144,8
2,149,82,140,210,130,188,103,44,1,122,162,40,46,36,64,110,51,131,129,80,184,0,205,40,36,142,194,69,8,165,153
0,141,2,141,180,170,38,39,12,131,90,2,160,32,32,64,89,38,19,32,112,152,65,222,44,54,135,64,20,104,176,8
2,219,0,136,16,193,30,229,4,4,80,167,40,14,32,64,76,51,131,192,82,8,0,253,32,32,142,193,20,12,180,88
11,194,98,140,4,145,236,244,69,64,84,199,41,8,182,196,104,32,23,205,205,168,4,253,34,105,170,128,63,156,120,220
50,0,98,168,68,3,232,72,1,96,208,131,9,14,49,0,124,153,151,165,136,146,0,208,144,192,138,164,53,12,112,208
80,128,82,200,38,152,104,112,45,0,114,2,47,11,36,80,98,129,14,128,10,153,32,205,146,248,138,0,55,136,33,0
2,0,32,137,20,129,168,64,6,1,208,130,0,142,112,64,104,9,19,145,130,16,65,209,20,4,138,236,20,8,48,128
2,128,0,137,20,131,128,72,6,33,82,2,0,128,32,64,72,12,42,16,18,152,65,149,4,36,154,196,148,9,48,0
58,217,82,168,118,129,94,245,5,9,112,34,60,155,32,80,238,187,151,192,82,138,0,253,114,225,162,202,55,128,160,139
128,128,18,153,100,137,168,64,174,25,80,16,140,138,96,72,194,9,19,16,2,60,2,209,4,48,26,104,16,8,3,129
39,0,99,78,68,155,162,64,196,64,241,66,64,200,189,164,120,168,18,107,133,163,36,220,22,40,130,136,95,175,120,132
3,133,34,137,148,147,168,39,76,65,90,199,172,8,50,224,106,43,18,149,151,184,5,213,44,52,138,192,28,12,185,204
32,233,96,78,84,145,198,246,69,0,124,10,32,9,180,36,72,226,2,74,194,42,44,189,42,8,132,96,119,154,82,172
154,144,80,185,114,129,120,80,61,11,112,178,141,158,96,88,238,153,151,144,10,22,64,215,150,221,154,234,53,136,35,131
130,146,18,153,146,226,184,66,60,1,82,178,12,134,32,72,110,59,147,144,50,152,1,213,12,38,154,195,148,4,37,147
2,16,22,129,83,164,184,66,172,25,90,50,12,158,96,65,230,57,155,144,18,145,18,192,21,0,26,198,144,0,33,131
2,197,34,140,144,128,44,39,4,65,90,131,40,46,50,64,100,19,147,133,208,136,0,213,40,36,142,192,20,12,180,88
3,144,54,153,180,173,176,2,126,89,90,49,140,152,48,72,167,59,19,21,150,184,2,215,12,22,26,194,148,4,33,195
35,203,64,136,84,145,206,231,5,68,88,199,32,136,182,192,76,171,151,197,206,10,4,253,50,0,142,233,29,12,248,220
2,148,146,152,95,165,184,66,158,27,72,18,12,158,96,72,229,27,187,145,18,13,18,211,25,22,154,74,144,72,33,3
37,64,99,206,4,131,143,120,68,64,85,66,112,64,189,100,88,96,18,235,193,160,44,157,32,40,162,128,117,187,112,228
130,48,144,152,101,133,184,64,142,25,112,48,140,154,96,9,134,25,23,17,2,100,130,208,133,16,90,234,144,0,33,131
2,131,0,136,144,128,12,33,4,4,80,135,32,6,50,64,68,3,147,133,80,8,0,213,40,32,142,193,20,12,180,80
2,180,144,152,147,225,184,66,30,21,72,179,12,150,96,64,231,27,147,145,50,10,18,215,9,4,154,235,144,68,37,211
41,72,99,78,68,147,203,112,69,64,118,66,112,72,181,228,88,96,18,107,193,160,44,189,34,40,130,128,119,191,112,236
45,0,106,78,68,18,203,80,68,192,119,2,81,73,191,96,88,228,23,238,137,176,44,8,66,41,161,132,103,171,112,96
2,149,16,156,147,197,20,231,14,1,72,2,44,54,32,64,133,51,147,128,82,8,16,223,41,38,30,67,16,64,165,27
2,157,146,156,23,132,16,39,14,9,72,2,44,178,32,64,164,51,179,0,18,136,16,221,41,54,26,66,16,8,161,11
2,143,34,136,148,193,42,99,4,69,89,131,40,206,50,64,106,43,147,197,22,136,4,253,40,36,138,201,20,14,181,196
2,195,32,140,148,129,12,231,6,5,88,135,32,44,50,64,64,2,147,133,210,8,0,157,40,32,142,192,20,12,180,72
130,131,2,156,146,192,28,103,20,5,88,163,40,6,32,65,78,19,147,129,114,136,0,221,32,32,138,195,20,12,165,24
33,200,97,204,84,145,135,230,68,0,120,66,32,136,181,228,72,40,18,74,195,170,36,189,34,40,130,8,87,152,112,172
2,195,0,136,148,129,12,37,4,69,80,135,32,14,50,64,68,3,147,133,82,8,0,149,40,32,142,192,28,12,180,88
138,0,26,185,52,129,233,80,62,1,86,18,189,131,32,72,102,57,23,152,18,156,0,213,68,180,186,192,20,128,33,129
3,0,83,136,70,129,168,64,140,0,112,66,172,138,48,196,106,169,19,129,1,178,0,196,20,16,138,136,21,8,33,160
4,73,0,130,148,129,142,132,4,0,17,2,64,8,32,64,72,64,2,82,2,32,8,181,32,0,138,64,20,27,144,0
32,88,122,78,70,195,211,112,68,0,116,2,49,25,181,64,72,176,19,234,192,170,52,61,99,169,160,1,117,139,116,138
6,205,0,146,144,1,142,167,20,66,24,131,96,108,33,65,93,83,147,198,112,72,8,235,40,6,143,128,148,127,144,88
2,149,16,136,147,225,184,98,6,1,72,34,12,62,32,64,239,19,147,145,18,8,16,213,9,36,138,195,148,72,37,19
2,149,16,136,147,225,56,35,14,1,72,163,12,62,32,64,231,19,147,145,18,8,16,213,9,36,138,195,148,68,165,83
2,205,0,158,132,0,14,166,20,66,88,131,32,46,49,65,65,98,19,199,96,72,8,191,40,38,222,128,148,124,176,88
54,74,66,172,64,130,74,96,5,4,240,135,43,70,51,80,126,233,135,231,72,146,0,173,144,224,130,137,117,191,116,216
3,200,166,158,20,130,138,32,86,196,82,135,96,204,51,64,72,96,51,71,198,232,14,189,0,38,203,128,28,47,48,92
130,197,0,136,132,161,14,167,20,2,88,18,32,8,48,64,73,2,19,1,98,12,0,183,40,0,142,192,20,88,144,8
39,0,3,140,76,146,170,64,196,192,209,71,72,202,179,224,120,33,26,167,133,131,6,200,16,32,138,136,29,47,56,132
40,8,98,233,100,136,106,112,69,0,116,2,59,11,53,80,106,168,6,203,136,176,0,189,70,249,162,128,119,153,112,136
162,194,32,152,20,129,156,229,22,85,80,183,40,140,54,0,76,9,147,133,246,14,6,213,32,4,154,233,21,28,180,220
138,32,240,241,100,129,248,80,31,3,80,146,157,143,112,8,239,25,23,145,130,180,6,210,70,223,186,192,183,140,49,129
35,137,98,142,20,145,138,224,68,64,80,71,96,72,182,224,72,32,18,199,199,168,12,189,32,40,138,128,93,15,120,156
0,128,0,136,4,129,136,32,4,0,80,2,0,8,32,64,72,0,2,0,0,40,0,149,0,32,138,64,20,8,48,0
130,145,32,152,147,193,152,67,30,1,64,179,12,158,32,64,107,27,147,145,50,8,16,215,41,4,154,235,148,12,165,210
3,193,0,140,4,144,140,37,4,64,80,199,32,8,50,64,72,2,19,133,212,8,4,157,32,32,142,128,28,12,184,28
3,201,0,140,20,145,142,229,68,64,80,199,32,8,182,224,72,34,18,199,199,40,4,189,32,40,142,128,29,28,248,156
130,48,146,152,105,133,184,64,158,27,80,16,140,158,96,11,197,25,179,17,2,69,146,208,13,16,90,170,144,0,33,131
2,148,16,152,147,225,176,66,30,17,72,51,12,158,96,64,235,27,147,145,18,8,18,215,9,4,154,99,144,76,37,146
3,207,32,152,20,129,140,231,22,5,88,135,32,140,50,64,77,11,147,197,230,8,4,247,40,6,158,193,21,28,188,204
2,149,18,152,219,229,184,99,142,25,88,50,12,190,32,64,231,27,155,145,18,11,18,215,25,22,154,234,144,68,165,147
3,129,32,136,132,129,140,37,4,68,80,135,0,12,50,64,76,3,147,133,212,8,4,149,32,32,142,192,20,12,176,84
0,128,226,209,84,170,232,18,125,1,114,18,8,9,20,72,105,142,55,144,178,188,65,199,14,46,146,64,231,136,112,136
3,201,33,138,20,145,142,228,68,64,80,70,96,72,190,224,88,0,18,71,199,40,44,189,32,8,142,192,93,30,248,204
2,148,50,248,241,165,184,82,31,9,80,48,140,158,36,72,231,27,151,145,178,156,2,215,11,94,26,194,148,4,33,131
3,195,32,140,132,145,140,165,68,68,80,199,32,40,50,64,72,2,19,133,213,8,4,157,32,32,142,192,28,28,184,92
32,128,230,221,20,2,160,107,118,161,114,18,0,168,52,72,120,44,51,161,176,248,69,204,12,46,210,64,197,8,112,136
3,128,112,217,38,152,184,18,126,81,86,146,140,143,180,108,38,9,51,153,146,156,38,209,14,56,154,192,150,132,1,165
6,140,130,158,148,2,132,169,22,130,82,2,96,104,57,72,89,102,51,33,112,248,8,207,40,38,207,132,148,104,176,0
35,64,99,204,4,147,133,108,68,64,114,66,32,8,180,228,88,32,18,105,197,184,37,157,32,40,130,128,87,28,80,236
3,16,0,137,98,153,184,64,174,81,112,167,140,134,114,112,102,9,155,149,135,16,68,209,20,16,138,232,28,12,41,213
2,193,150,153,228,136,184,7,174,17,82,2,140,138,112,74,230,59,59,145,18,24,2,193,4,16,154,192,148,8,161,137
2,144,146,153,165,165,184,199,190,25,80,18,140,158,96,73,231,27,19,144,18,220,18,241,13,18,90,194,144,0,161,139
60,8,122,111,100,147,194,112,69,0,117,2,123,73,181,0,90,168,23,106,200,178,108,157,70,233,161,0,119,171,112,129
3,132,34,153,20,186,168,34,84,65,82,23,160,40,50,96,97,34,51,149,183,188,101,223,4,54,154,192,156,12,56,68
130,148,18,152,147,229,176,199,30,3,64,18,12,158,32,72,231,27,147,145,50,140,18,247,9,22,26,75,144,64,161,131
2,148,18,136,147,225,184,98,14,1,72,163,12,62,32,64,231,27,147,144,18,136,16,215,9,4,154,195,148,0,37,18
2,149,18,136,147,224,186,199,6,5,88,179,44,150,32,64,103,27,147,145,18,136,0,247,41,36,154,195,149,64,165,147
2,135,2,136,146,224,24,99,6,5,88,163,44,38,32,64,78,27,131,128,18,8,0,221,40,36,154,195,148,4,165,65
3,201,3,142,4,144,142,165,68,64,80,199,96,8,176,228,72,98,18,197,197,136,36,189,32,32,138,128,29,30,248,76
3,197,32,156,4,129,12,167,20,67,80,135,32,40,50,65,64,2,19,133,244,8,4,159,32,38,222,128,28,28,184,92
66,32,144,152,108,133,184,64,138,24,16,8,140,158,96,11,134,9,119,17,2,67,130,208,4,16,90,170,20,8,35,129
2,197,0,140,148,128,140,39,4,0,88,2,32,2,32,64,72,2,2,128,80,8,0,149,32,32,142,192,20,8,176,8
0,0,0,136,4,1,8,0,4,0,16,2,0,8,32,64,64,0,2,0,0,0,0,128,0,0,138,0,20,8,16,0
35,72,99,204,68,145,139,240,68,0,116,66,32,8,181,228,72,96,18,203,193,162,36,189,0,40,130,128,87,185,112,172
50,0,98,200,68,3,232,64,69,0,240,2,10,8,52,0,120,137,23,177,136,179,0,196,146,8,138,196,117,8,112,128
33,200,99,204,4,145,134,228,68,64,80,66,32,8,180,228,72,32,2,65,199,168,36,189,34,40,130,0,93,28,120,140
2,0,16,136,108,129,184,64,142,25,80,0,140,138,112,64,202,9,19,145,2,32,66,209,4,16,138,234,20,8,33,129
3,195,32,136,20,129,140,101,4,68,80,135,32,8,50,64,72,34,19,133,214,8,4,157,32,0,138,192,28,12,152,92
37,8,107,78,68,130,235,112,68,128,119,2,113,65,181,100,120,36,18,234,129,176,36,76,64,40,162,128,117,171,112,160
2,131,0,136,148,193,12,165,4,5,80,163,0,46,50,64,68,19,147,133,82,8,0,213,40,32,142,193,20,12,180,72
2,135,0,136,144,225,24,35,4,5,88,163,0,46,32,64,76,19,131,144,18,8,0,213,8,0,138,193,148,76,180,64
2,131,32,136,144,129,12,97,4,4,16,135,0,14,50,64,76,3,131,133,208,8,4,149,40,0,138,193,20,12,148,64
2,131,0,136,148,129,140,33,4,5,80,163,0,46,50,64,76,2,131,133,82,8,0,149,40,0,138,193,20,12,148,64
35,200,0,136,84,129,142,228,68,64,80,135,32,136,50,64,72,8,19,199,199,42,4,189,32,0,138,136,29,28,56,220
2,133,18,137,52,169,168,34,12,1,90,2,172,42,48,64,194,35,19,1,18,184,0,223,4,52,138,192,20,8,49,1
0,201,128,140,148,128,12,39,6,1,88,2,32,168,32,64,64,42,34,0,66,136,2,157,32,36,158,0,20,24,144,8
2,193,0,140,148,128,140,167,6,1,88,2,32,42,48,64,64,2,19,129,82,8,0,157,40,36,142,192,20,8,176,8
2,193,0,136,148,128,132,165,4,0,80,2,32,34,32,64,64,2,2,0,80,8,0,149,40,32,142,192,20,24,144,8
2,131,0,136,148,129,140,33,4,4,80,135,0,12,50,64,76,2,147,133,82,8,0,149,40,32,138,193,20,12,148,80
2,149,82,204,214,130,188,103,44,1,122,162,40,44,36,64,110,51,131,129,82,184,0,205,40,36,142,194,69,8,165,155
35,201,32,204,92,144,142,229,70,64,84,2,32,170,180,100,72,42,19,201,198,10,38,253,48,40,142,168,21,24,240,140
2,201,32,136,148,129,142,229,4,65,80,135,32,12,50,64,64,2,19,197,210,8,4,181,40,0,142,192,20,12,144,76
2,141,2,141,180,138,46,35,12,130,90,2,160,34,32,64,81,38,19,160,112,152,65,207,44,54,143,128,20,104,176,8
2,149,50,205,150,242,180,39,108,1,90,34,44,56,52,96,102,51,147,129,210,184,36,221,36,36,138,195,5,72,181,15
35,201,66,140,212,129,204,101,5,64,80,199,40,14,54,64,110,163,151,197,223,138,4,221,50,40,138,200,61,140,248,220
2,159,32,136,22,193,152,103,4,4,88,163,40,14,48,64,76,51,147,129,82,8,0,253,40,36,138,195,21,12,180,24
51,200,99,140,92,145,207,244,69,64,208,135,34,8,182,100,72,168,23,205,205,171,36,189,48,40,138,136,127,156,112,220
2,148,18,152,55,133,56,103,28,9,88,18,44,18,32,64,231,3,19,144,50,140,18,215,41,54,154,194,16,8,161,11
2,205,0,158,148,128,14,167,20,3,88,18,32,40,48,65,65,98,19,193,114,8,8,191,40,38,158,192,20,24,176,8
2,148,18,152,51,225,184,66,12,69,88,183,172,158,34,64,231,27,147,21,22,156,16,223,12,52,26,195,156,4,45,223
11,195,98,136,20,144,236,245,4,68,84,199,40,8,182,196,76,34,147,205,198,136,36,221,34,40,170,192,63,140,248,220
56,0,66,236,68,131,64,120,5,128,244,2,35,201,36,81,120,168,6,168,8,163,0,140,146,233,128,8,119,138,112,128
3,201,36,154,20,129,142,228,134,81,80,131,32,204,50,64,73,42,51,197,198,8,14,181,40,38,158,192,20,14,176,216
2,48,18,137,109,133,184,64,140,8,112,34,172,146,32,64,234,9,10,128,2,155,2,197,21,16,138,138,20,8,49,131
58,0,98,225,70,0,232,80,69,0,118,2,11,9,52,73,106,129,23,137,136,178,69,196,86,233,250,128,103,140,112,128
80,0,114,200,6,152,104,112,109,0,242,2,47,11,164,80,98,129,14,128,138,153,32,205,146,232,138,0,55,136,97,0
2,0,32,137,84,129,168,64,6,1,208,130,136,142,112,64,104,9,19,145,130,18,64,208,20,4,138,236,20,8,48,128
48,0,66,172,4,131,200,96,5,0,243,10,107,10,45,80,120,160,6,162,8,179,64,204,144,216,138,16,117,10,112,8
44,8,106,205,68,18,235,112,68,0,119,2,113,73,177,96,120,160,23,234,136,176,37,140,70,105,162,128,119,171,112,160
2,128,0,137,20,131,160,72,6,33,82,2,0,130,32,64,72,8,10,16,18,152,65,149,4,36,154,196,148,9,48,0
50,203,32,136,28,129,142,236,134,68,208,135,32,204,50,64,76,169,159,231,202,43,10,189,176,0,138,184,29,14,52,216
2,144,50,153,55,165,184,66,94,25,80,50,140,154,36,72,231,27,147,17,146,184,2,215,13,28,26,226,144,8,33,131
56,217,82,232,118,129,127,245,5,0,116,34,44,155,164,84,110,155,23,192,66,170,0,253,114,249,134,194,119,152,224,139
56,0,66,236,68,3,66,112,5,128,243,2,67,73,53,80,120,160,6,162,8,179,0,140,146,233,128,0,119,170,112,0
58,219,96,238,87,193,222,245,5,0,84,163,57,31,36,64,110,185,151,195,202,10,0,253,114,201,170,139,55,158,52,219
128,128,18,152,101,173,184,66,174,25,80,16,140,154,96,72,230,9,19,16,18,60,2,209,5,48,26,106,144,8,33,129
55,8,99,206,68,147,226,96,197,64,241,70,98,72,183,164,120,160,22,239,141,163,44,204,18,40,130,128,95,175,120,132
3,133,34,137,180,177,168,39,76,65,90,199,172,10,50,224,110,11,19,149,151,152,4,215,44,52,154,192,28,12,185,220
33,72,106,78,68,147,199,240,68,0,118,2,113,73,181,100,88,224,2,106,193,170,36,61,98,41,160,0,119,187,112,168
35,201,96,76,84,145,142,244,68,0,116,2,32,8,180,36,72,98,18,200,199,42,36,189,42,12,132,160,87,152,114,172
3,195,34,136,20,145,172,229,6,69,80,135,40,140,50,64,106,3,147,197,214,40,4,221,40,36,142,192,29,12,185,92
130,48,80,185,118,137,56,64,63,1,80,178,141,158,96,88,239,153,151,144,10,30,64,211,148,213,154,235,181,8,37,147
2,128,134,153,52,169,184,2,174,25,90,145,172,142,112,72,199,59,187,21,18,152,66,213,12,52,154,192,148,12,17,209
130,18,22,153,19,226,184,67,60,1,82,178,12,150,32,73,118,59,147,144,50,156,1,213,13,34,154,195,148,4,165,147
2,4,6,145,20,171,168,3,60,163,82,18,160,40,16,8,121,46,19,17,48,252,65,206,12,38,154,192,132,8,16,136
2,16,22,137,67,228,184,66,172,25,90,34,140,150,32,73,230,57,155,144,18,153,18,192,21,32,26,194,144,0,33,131
2,148,50,216,147,245,176,99,30,65,72,51,44,190,38,96,239,27,147,145,54,8,48,215,9,22,26,67,145,4,165,215
33,72,107,78,4,129,135,244,68,64,116,2,48,73,181,100,72,96,18,74,193,168,36,189,96,40,162,0,85,187,112,172
2,197,2,136,132,129,140,103,4,0,88,2,32,8,48,64,72,34,19,129,80,136,0,157,32,32,142,192,21,24,176,8
34,135,96,136,212,129,156,103,7,69,88,167,40,142,54,64,78,139,147,133,214,10,4,221,56,0,142,235,21,12,188,221
34,131,32,136,214,129,156,231,6,69,88,163,40,140,50,64,78,11,147,149,214,10,4,213,56,36,142,233,21,12,181,221
2,148,18,152,211,229,184,67,14,17,72,18,12,190,32,72,231,27,179,145,18,11,18,215,25,22,154,75,148,76,165,18
3,193,0,140,4,145,140,37,4,64,80,199,32,8,50,64,72,2,19,133,212,8,4,157,32,32,138,128,28,12,184,92
130,144,150,152,37,165,184,66,159,27,80,16,140,154,96,72,199,9,31,16,34,76,2,211,141,18,218,202,144,8,33,3
3,193,0,140,4,145,140,37,68,64,80,199,32,8,50,64,72,2,19,133,197,8,4,157,32,32,138,128,29,12,184,92
7,73,99,142,4,146,142,96,68,64,83,198,112,72,181,228,88,96,18,239,197,160,44,253,32,40,138,128,31,191,112,108
3,193,0,140,4,145,140,165,68,64,80,199,32,8,50,192,72,2,19,133,197,8,4,157,32,32,142,128,29,28,184,92
130,48,146,152,107,229,176,66,158,27,16,50,140,158,96,8,231,25,147,145,34,71,18,211,9,20,26,235,144,0,37,147
60,0,98,229,68,2,74,80,65,0,247,2,75,9,56,80,120,132,21,170,136,178,65,136,210,233,160,0,103,171,114,128
2,131,32,136,148,129,140,37,4,4,80,135,32,46,50,64,76,3,147,133,208,8,4,149,32,32,138,192,28,12,184,88
130,135,0,152,147,225,152,99,22,5,72,179,12,142,34,64,79,27,147,149,50,8,4,215,8,4,154,227,148,12,181,210
3,193,32,136,132,129,140,165,4,64,80,199,32,12,50,192,72,2,19,133,212,8,4,149,32,32,142,192,28,28,184,92
2,135,32,136,148,209,140,103,4,69,88,163,32,44,54,64,76,19,147,133,86,8,36,213,40,36,138,193,21,12,180,84
130,128,22,153,52,161,40,2,62,19,82,16,140,138,32,72,99,11,19,144,50,156,67,215,12,54,154,192,148,0,33,128
35,200,64,140,4,145,142,228,68,64,80,71,32,8,182,224,72,40,19,71,199,168,4,189,32,8,138,128,93,28,120,156
130,32,148,153,100,137,168,0,30,17,80,18,140,138,112,73,99,9,19,17,2,244,66,209,12,16,154,224,148,8,81,128
2,181,128,136,147,225,152,99,6,1,8,179,12,190,96,64,207,27,147,145,50,8,16,215,41,4,158,107,148,76,181,210
37,72,107,78,4,18,203,144,68,192,87,198,113,68,183,100,88,100,18,239,129,160,44,40,66,41,163,128,117,187,112,116
2,149,16,156,147,197,16,103,14,9,72,34,44,54,32,64,167,51,147,0,82,8,16,223,41,38,30,67,16,0,165,27
2,149,18,156,19,132,176,39,14,9,88,0,44,178,32,64,164,59,179,0,18,136,18,223,41,52,26,194,16,8,161,11
35,193,66,200,84,147,168,101,68,65,122,70,32,72,182,224,88,40,18,225,215,184,5,221,34,44,138,192,29,14,248,140
18,9,82,168,62,131,154,97,141,0,112,2,45,202,32,0,238,57,6,227,66,139,2,253,176,208,138,138,21,10,33,137
2,143,34,138,20,193,42,99,4,69,88,163,40,206,50,64,106,43,147,149,22,138,4,255,40,36,138,201,20,14,53,206
58,24,114,234,118,131,154,96,140,0,241,34,61,30,52,0,254,177,151,227,208,171,0,157,18,201,170,130,85,15,33,147
2,233,2,136,20,131,184,101,22,0,82,131,32,142,48,64,92,57,147,149,66,156,0,221,40,36,138,224,20,12,176,216
2,88,18,152,87,229,184,70,28,9,80,7,44,158,33,64,236,59,131,209,2,154,18,253,1,36,154,75,145,13,37,219
0,141,0,136,148,131,142,239,6,160,88,2,96,104,33,64,89,98,2,48,82,168,8,189,40,6,143,64,148,122,144,8
3,195,33,140,4,145,140,165,68,68,80,199,32,12,182,96,76,35,147,197,197,40,36,189,32,40,142,128,29,28,248,92
3,0,114,153,118,177,184,66,92,65,80,214,172,138,182,224,238,43,18,133,167,180,36,215,4,28,154,138,93,12,41,205
2,195,0,140,148,129,12,231,6,5,88,135,32,46,50,64,68,2,147,133,82,8,0,157,40,32,142,193,20,12,180,72
2,193,0,136,132,128,12,165,4,0,80,2,32,10,48,64,64,2,19,129,80,8,0,221,32,32,142,128,20,24,176,8
130,133,2,156,146,192,28,103,20,1,88,163,40,6,32,65,78,19,147,129,114,136,0,221,40,32,138,195,20,8,165,26
2,129,6,152,146,192,184,99,132,5,88,163,40,46,32,65,110,27,147,129,114,136,2,221,40,32,138,195,21,0,165,154
161,204,97,204,84,145,131,230,68,0,120,66,32,136,181,228,72,40,18,75,195,170,36,189,34,40,130,8,87,152,112,172
2,131,38,152,30,129,136,101,132,21,80,135,40,14,50,65,78,11,147,133,214,8,6,221,40,32,138,193,21,12,180,208
3,193,32,140,20,129,140,165,4,69,80,135,32,12,50,64,72,2,19,197,214,8,4,157,40,32,142,192,28,12,184,92
128,69,0,128,132,161,14,199,4,0,24,18,0,8,32,64,72,66,2,82,66,0,0,183,32,0,142,64,20,89,176,0
56,88,122,110,70,195,242,112,68,4,116,34,115,73,53,64,88,176,130,234,72,178,20,61,67,169,160,1,119,138,116,138
6,205,128,150,148,1,142,167,20,195,24,131,96,108,51,65,93,99,147,231,112,72,8,175,40,6,223,192,148,124,144,88
2,131,32,136,148,129,140,101,4,4,80,135,32,12,50,64,76,3,147,133,210,8,4,213,32,32,138,193,21,12,180,216
2,148,18,136,147,228,56,2,46,1,74,19,12,62,32,64,231,19,147,145,18,136,16,215,9,38,154,195,144,68,33,19
2,131,32,136,148,129,140,101,4,69,80,135,32,12,50,64,76,3,147,133,214,8,4,213,40,0,138,193,29,12,188,84
2,205,128,158,148,0,14,166,20,194,80,131,32,44,49,65,65,98,19,199,96,200,8,191,40,38,222,128,148,124,48,88
50,74,66,172,64,130,74,96,5,4,240,135,43,70,51,80,124,233,135,231,72,131,0,173,144,224,130,137,53,63,116,216
3,200,166,158,20,130,138,32,86,196,82,135,96,204,51,64,72,96,51,71,198,232,14,189,0,38,203,128,20,47,48,92
130,205,0,152,132,161,14,167,20,2,88,18,32,40,49,64,73,66,19,67,96,12,0,191,32,0,142,128,20,88,144,8
3,193,0,140,20,145,140,229,68,64,80,199,32,8,50,192,72,0,19,197,215,8,4,157,32,32,142,192,29,28,184,92
39,0,2,140,76,146,170,64,196,192,209,66,72,202,179,224,120,33,26,231,133,163,4,200,16,32,138,136,29,47,56,132
39,13,98,142,84,179,138,96,68,64,89,199,96,72,183,228,88,40,18,231,133,162,4,189,2,8,138,128,93,47,120,148
138,32,248,249,102,129,248,80,94,19,84,146,157,143,112,40,111,25,23,153,130,116,6,208,70,9,186,168,55,136,49,193
35,203,96,142,20,145,138,224,68,64,80,199,32,8,182,224,72,34,18,199,199,168,12,189,32,40,138,192,29,15,120,156
0,128,0,136,4,129,128,32,4,0,80,2,0,0,48,64,72,0,2,129,0,8,0,149,0,32,138,64,20,8,48,0
3,200,1,140,4,145,142,164,68,64,80,71,32,8,181,228,72,96,18,197,197,136,4,189,32,40,142,128,29,28,120,12
3,203,0,140,20,145,142,229,68,64,80,199,32,8,182,192,76,34,19,197,215,8,4,253,32,40,142,192,29,28,248,28
66,32,20,152,108,141,184,64,136,24,48,8,140,154,96,11,134,17,95,17,2,65,130,192,4,16,74,170,20,0,3,129
2,180,16,152,147,225,176,66,30,21,72,51,12,158,96,64,235,27,147,145,18,8,18,215,9,4,154,107,144,76,37,210
2,193,0,136,20,129,140,229,4,0,80,2,32,8,48,64,72,2,19,129,82,40,0,213,32,32,138,192,21,8,176,8
35,207,32,152,20,129,140,231,22,5,88,135,32,136,54,64,77,11,147,197,198,10,4,191,32,4,158,193,21,28,184,204
3,129,32,140,148,128,140,39,4,64,88,135,8,46,50,64,76,3,147,133,212,8,4,213,32,32,142,192,20,12,176,84
2,148,18,152,243,165,184,67,159,9,88,50,12,190,32,64,231,27,151,145,18,9,16,215,153,22,26,202,144,4,161,131
2,128,0,136,4,129,136,32,4,0,80,2,0,10,48,64,72,0,19,129,2,0,0,149,0,32,138,192,20,8,48,0
3,193,32,140,148,145,140,229,68,68,80,135,32,8,182,224,72,2,19,197,197,40,36,189,32,40,142,128,29,28,248,92
35,77,99,78,84,147,130,98,68,64,120,66,32,200,181,164,88,104,18,79,133,162,36,189,34,44,130,128,95,191,120,172
1,128,230,197,20,130,168,67,118,33,82,18,0,136,52,104,120,12,51,145,150,248,197,197,12,46,154,64,5,8,112,12
34,131,96,136,220,145,140,103,132,69,216,167,32,140,182,64,76,171,147,197,214,43,38,213,48,32,138,217,21,12,252,204
6,128,134,156,20,130,168,41,22,161,82,2,96,232,56,64,81,108,51,161,112,216,11,205,8,38,207,132,132,40,48,0
35,64,99,204,4,147,132,108,68,64,112,66,32,8,180,228,88,32,18,109,197,184,37,157,32,40,130,128,93,28,80,236
2,128,0,140,4,129,136,32,4,0,80,2,32,8,48,64,72,0,19,129,0,32,0,149,0,32,138,128,20,8,48,0
60,1,106,229,212,2,233,81,69,128,126,2,19,9,177,112,122,140,23,184,152,178,36,140,86,173,160,132,231,168,112,160
19,2,66,137,70,1,248,64,45,100,176,143,12,14,38,64,110,137,159,165,6,19,4,197,148,16,138,228,93,12,105,209
2,134,34,136,146,227,152,103,22,69,88,179,44,174,34,64,127,59,147,145,54,136,5,223,40,6,154,195,149,76,181,219
2,193,150,153,228,136,184,197,174,25,82,2,140,138,96,74,230,43,59,145,18,24,2,193,4,16,26,202,148,0,161,137
2,152,150,152,163,165,184,199,30,25,80,18,172,158,96,72,231,27,147,145,50,156,18,241,13,22,26,202,144,0,161,155
3,201,0,136,20,145,140,229,68,64,80,71,32,8,178,224,72,32,18,197,199,40,4,253,32,32,138,128,29,28,184,140
37,72,106,79,100,147,235,112,68,64,117,2,113,73,181,96,88,40,19,106,192,176,108,189,70,41,160,128,117,187,112,160
3,132,34,153,20,186,168,34,92,65,90,23,160,40,50,96,97,34,51,149,182,188,101,223,4,54,154,192,148,12,56,68
2,141,0,156,148,129,14,175,20,2,88,2,96,104,56,64,89,98,19,33,112,40,8,159,40,38,143,196,20,104,144,8
130,148,18,152,147,225,176,199,30,1,72,50,12,158,32,72,231,27,147,144,50,140,16,247,9,6,154,67,144,0,165,154
2,148,18,152,147,229,184,66,30,1,72,18,12,158,32,72,231,27,147,144,18,136,16,215,9,52,154,67,144,0,33,147
2,135,2,136,146,160,24,103,4,5,88,163,40,46,34,64,78,19,131,129,18,136,0,221,40,36,138,195,20,12,181,73
35,72,99,206,4,130,175,240,68,192,82,66,112,64,181,100,88,96,18,203,193,176,36,237,32,40,162,128,21,187,112,236
3,193,32,156,20,129,12,167,86,67,80,135,32,40,50,64,64,98,19,197,196,8,4,191,32,38,222,128,28,28,184,92
130,48,144,152,75,229,176,66,158,27,80,51,140,158,96,72,231,25,179,145,34,70,18,210,9,22,218,235,144,76,37,211
130,135,32,140,132,128,12,39,4,68,88,151,0,14,50,64,65,2,3,133,240,12,4,151,32,32,142,192,20,12,180,80
2,197,0,136,148,129,132,231,4,1,88,2,32,34,32,64,72,2,2,128,80,8,0,157,32,32,142,192,20,8,176,8
2,48,50,216,108,133,184,64,142,25,16,42,140,158,116,9,206,25,147,17,130,34,2,208,4,24,138,234,20,8,35,131
3,192,32,140,4,129,140,37,68,64,80,71,32,8,50,96,72,0,19,5,212,8,4,149,32,32,138,192,28,28,152,12
0,0,0,136,4,0,8,0,4,0,80,2,0,8,32,64,64,0,2,0,0,0,0,128,0,0,138,0,20,8,16,0
44,8,106,78,68,131,195,112,69,0,117,2,113,73,181,100,72,168,2,106,128,162,44,189,66,8,160,8,119,187,112,168
50,0,98,233,68,3,200,72,69,32,240,2,11,8,60,0,120,137,23,161,136,179,0,196,146,200,138,132,117,136,112,128
3,193,0,136,132,129,12,37,4,68,80,135,32,8,50,64,72,0,18,5,213,8,4,149,32,32,142,192,28,28,152,88
2,131,34,136,148,193,140,101,4,5,80,163,32,14,50,64,76,3,147,133,82,8,0,221,32,32,138,193,21,12,180,80
2,0,16,137,108,137,168,64,140,17,80,2,140,138,112,72,202,9,19,145,2,32,66,209,4,16,138,232,20,8,81,128
3,72,67,204,4,146,170,100,68,64,82,66,40,8,181,228,72,96,18,207,197,168,36,253,32,40,138,128,31,189,112,172
2,195,32,136,20,129,140,101,4,69,80,135,32,12,50,64,76,3,147,133,210,8,4,157,32,32,138,193,20,12,180,88
120,0,66,164,4,10,72,80,33,32,242,10,11,11,0,80,122,141,4,160,8,179,1,136,146,233,162,128,103,160,98,0
2,195,32,136,148,129,140,229,4,5,80,135,32,44,50,64,72,2,19,133,214,8,4,157,40,0,142,193,20,12,180,72
0,193,0,140,132,129,12,37,4,0,80,2,0,10,32,64,72,2,2,0,80,40,0,149,40,0,142,64,20,8,144,0
2,195,32,136,148,129,12,229,4,4,80,135,0,10,50,64,72,2,131,133,210,8,4,149,40,0,142,193,20,12,148,72
2,151,0,136,146,193,156,103,6,69,88,167,44,46,50,64,78,19,131,133,86,8,4,213,40,36,142,195,29,12,188,94
2,135,0,136,146,225,24,35,6,5,88,163,8,38,32,64,66,19,131,144,18,8,0,213,40,32,138,195,148,76,180,66
3,195,0,136,132,129,140,101,4,4,80,135,0,8,50,64,72,2,19,133,214,8,4,149,32,32,142,192,28,12,152,92
2,147,50,136,151,193,184,99,4,1,88,162,12,30,32,64,238,19,147,129,210,136,0,213,40,32,138,195,21,12,181,147
35,195,64,136,84,129,142,228,4,68,80,135,32,8,50,64,72,9,147,197,198,42,4,253,32,32,138,128,29,28,248,216
2,133,18,137,54,160,184,35,12,1,90,2,172,26,48,64,226,35,19,1,18,152,0,223,12,52,138,194,20,8,177,1
2,195,32,136,148,129,140,101,4,4,80,135,0,8,50,64,72,2,131,133,208,8,4,149,40,0,142,193,20,12,156,64
2,195,32,136,132,129,140,37,4,4,80,135,0,12,50,64,76,2,147,133,214,8,4,149,40,0,142,193,20,12,148,68
0,193,0,140,148,128,12,39,6,1,88,2,32,168,32,64,64,42,34,0,66,136,2,157,32,36,158,0,20,24,144,8
2,193,0,140,20,129,140,167,6,1,88,2,32,40,48,64,72,2,19,193,82,40,0,157,40,32,142,192,21,8,176,8
2,193,0,140,148,128,140,165,4,1,80,2,32,34,32,64,64,2,2,192,80,8,0,157,40,32,142,192,20,24,176,8
2,131,32,136,148,129,140,33,4,68,80,135,0,12,50,64,72,2,147,133,208,8,4,149,40,32,138,193,20,12,148,80
35,201,32,204,92,144,142,229,68,64,84,2,32,138,180,96,72,42,19,201,214,42,38,253,48,40,142,232,21,24,240,140
2,201,32,136,148,129,142,229,6,65,80,131,32,12,48,64,64,2,19,197,210,8,4,189,40,32,142,192,20,12,176,88
0,141,2,141,180,170,164,39,12,128,90,2,164,40,32,64,64,38,2,0,80,184,1,207,44,54,134,64,20,72,177,8
2,149,50,205,150,130,180,103,108,1,90,34,44,56,36,64,102,55,147,129,210,184,4,205,36,36,138,194,5,72,181,139
35,201,66,140,212,129,204,101,5,65,80,135,40,14,54,64,110,171,19,197,215,138,4,221,48,40,138,200,29,4,248,220
51,201,99,140,84,145,207,244,69,64,208,199,34,12,182,228,72,168,23,205,207,171,36,189,50,40,138,136,119,156,112,252
2,135,34,140,20,129,140,103,4,4,88,135,32,12,50,64,76,35,147,133,192,168,4,221,32,0,138,129,21,12,180,216
2,205,0,158,148,128,14,167,20,3,88,2,96,42,48,65,65,66,19,195,114,8,8,191,40,38,222,192,20,24,176,8
2,148,50,136,51,225,184,67,12,69,88,183,172,158,34,64,231,27,147,21,22,152,16,223,12,52,26,195,156,4,173,223
11,195,98,136,20,145,140,117,4,68,84,231,40,12,182,196,76,35,147,141,214,136,36,221,34,32,138,193,31,140,248,220
44,72,106,78,68,131,239,112,68,0,117,2,56,73,181,36,120,168,2,234,192,162,36,253,114,40,162,8,119,187,112,160
56,0,66,236,92,147,64,120,133,0,245,2,99,201,189,69,120,168,6,170,72,163,34,220,82,233,128,8,119,170,112,128
3,201,36,154,28,129,142,228,134,81,80,131,32,204,50,64,72,42,19,197,198,8,14,189,40,6,143,192,20,30,176,216
2,48,22,137,110,133,184,64,172,24,82,34,172,146,32,65,238,9,10,0,2,154,3,197,5,16,138,194,20,8,49,131
63,0,99,204,68,18,201,88,69,64,247,66,89,73,189,228,120,160,23,169,137,179,36,204,82,40,162,132,119,174,112,228
34,0,2,137,68,136,232,66,13,1,240,18,172,10,48,72,106,169,6,129,10,190,64,197,148,16,154,192,117,8,113,128
50,32,34,137,84,1,168,72,4,32,208,2,8,138,49,64,104,137,23,145,138,51,64,208,148,0,138,236,21,8,48,128
60,8,106,237,68,18,235,80,68,0,119,2,121,73,177,96,120,160,23,234,136,178,37,140,70,233,162,128,119,171,112,160
2,128,0,137,20,131,160,64,6,33,210,2,0,130,32,64,104,8,10,16,18,152,65,149,20,36,154,196,20,8,48,128
50,203,32,140,92,129,202,228,135,68,208,135,32,204,50,64,92,169,159,231,202,11,2,253,176,0,138,185,21,30,52,216
43,72,99,76,20,147,195,112,69,64,116,194,48,196,181,228,72,40,18,110,193,160,36,189,2,40,130,128,87,157,112,236
2,144,18,152,119,229,176,66,30,9,80,50,12,158,36,64,239,27,147,145,50,56,16,215,9,20,26,227,145,8,37,147
56,0,66,236,68,3,66,112,5,128,243,2,99,73,53,80,120,160,6,162,8,178,0,140,146,233,128,0,119,170,112,0
58,217,114,206,87,193,223,245,5,8,84,163,56,31,164,68,110,187,151,194,66,138,0,253,98,105,170,203,55,142,244,155
2,144,18,153,117,165,176,66,190,25,80,16,140,154,96,72,231,9,19,16,18,60,2,209,13,48,26,106,144,0,33,131
37,0,99,72,68,147,235,80,205,64,241,66,72,200,189,164,122,160,6,170,133,163,36,204,22,24,130,12,119,175,112,164
2,148,18,152,19,225,184,67,30,5,88,179,44,190,32,64,103,27,131,144,18,136,0,215,8,4,154,195,148,0,165,147
33,233,96,76,84,145,194,244,69,0,116,10,32,8,180,36,72,234,18,72,194,42,36,189,42,12,132,96,119,152,114,172
3,133,34,137,22,176,184,103,12,69,90,151,172,42,50,64,110,11,19,133,150,152,5,223,44,52,154,192,28,12,185,220
184,16,90,233,102,129,120,80,21,17,116,178,29,31,32,89,110,153,23,152,2,150,64,209,86,201,178,224,55,136,98,131
40,72,106,78,68,131,199,240,68,0,116,2,113,73,181,100,88,224,2,106,192,162,36,61,98,169,160,0,119,187,112,168
130,130,2,153,18,226,184,67,60,5,82,179,140,134,32,72,119,27,147,145,50,156,1,215,12,38,154,195,149,4,165,211
2,144,34,152,116,173,184,2,174,93,88,181,140,142,114,72,199,27,159,21,146,12,2,211,141,20,26,234,148,12,21,209
2,4,6,145,20,171,168,3,60,33,90,18,172,42,16,72,105,46,19,145,48,220,65,206,12,38,154,192,132,8,145,136
2,145,22,153,195,224,184,67,44,17,82,179,140,158,32,73,230,27,179,144,18,152,19,209,29,0,218,195,148,0,165,147
2,145,32,152,159,209,152,71,158,85,72,163,44,158,38,96,234,27,147,145,22,8,54,213,9,4,154,107,149,12,189,214
32,201,98,200,212,129,134,231,68,64,120,2,32,8,52,32,72,74,19,65,194,170,4,189,40,8,6,96,85,28,240,140
3,193,34,140,148,129,140,231,4,65,90,131,32,46,50,64,76,3,147,197,214,136,4,221,40,36,142,192,21,28,176,88
2,148,54,152,147,245,176,99,30,89,88,51,172,190,38,96,231,27,147,145,150,136,50,213,9,22,26,195,144,4,165,215
32,72,106,76,68,131,199,244,68,64,116,2,113,73,181,100,72,96,18,74,193,168,36,61,98,40,160,0,117,187,112,168
2,197,2,136,132,129,140,103,4,0,88,2,32,10,48,64,72,34,19,193,80,136,0,221,32,32,142,192,21,24,176,8
35,199,96,136,212,129,142,231,4,68,88,135,32,140,54,64,76,171,147,197,214,10,4,253,48,0,142,233,21,12,188,220
34,195,32,136,212,145,140,229,6,69,80,167,40,140,178,64,76,11,147,197,214,10,36,221,56,32,142,233,21,12,188,204
3,193,0,140,4,145,140,37,4,64,80,199,32,8,178,224,72,34,19,197,197,8,4,157,32,32,138,128,29,28,184,12
130,16,146,152,125,165,184,66,158,27,80,48,140,158,96,72,199,27,191,17,50,13,18,215,141,22,26,202,144,8,33,3
3,193,0,140,4,145,140,37,68,64,80,71,32,8,178,224,72,34,19,197,197,8,4,189,32,32,138,128,29,28,184,12
39,73,99,206,4,146,143,112,68,64,83,66,112,72,181,228,88,96,18,239,197,160,44,189,32,40,138,128,95,191,112,228
130,48,146,153,36,141,184,64,190,27,112,48,140,154,96,9,167,9,23,16,2,100,2,208,132,16,90,234,144,0,33,131
3,193,0,140,4,145,140,229,68,64,80,199,32,8,178,224,72,32,19,197,197,40,4,157,32,32,142,128,29,28,184,76
57,0,106,77,68,18,235,120,69,128,119,2,81,73,189,100,120,164,22,234,137,178,37,140,66,169,160,128,119,187,112,160
3,131,32,140,132,129,140,37,4,68,80,135,32,12,50,64,76,3,147,133,212,8,4,157,40,32,142,192,28,12,184,92
2,135,0,136,148,129,152,103,6,5,88,167,32,142,50,64,77,11,147,149,214,8,4,215,40,4,142,193,20,12,188,212
3,200,33,140,4,129,141,165,68,64,80,199,48,8,48,96,72,0,19,197,197,8,4,189,32,32,142,128,29,28,176,92
2,149,32,136,151,225,152,99,6,69,72,163,12,62,34,64,75,19,147,145,18,8,16,213,41,38,154,67,149,76,181,82
130,128,6,153,52,169,168,2,62,19,82,16,140,138,32,73,67,9,19,144,50,156,67,215,12,22,154,192,148,8,49,128
130,32,4,145,100,137,168,64,14,17,80,18,140,138,96,73,74,8,19,144,2,244,66,209,12,16,218,224,148,8,81,128
2,149,128,136,147,225,152,103,6,1,8,147,12,190,96,64,207,27,147,145,50,8,16,215,41,4,158,107,148,76,181,210
35,203,0,136,20,129,140,229,68,4,80,199,32,8,54,64,72,40,19,197,198,40,4,189,32,8,138,128,29,28,248,140
39,72,107,76,4,18,139,208,68,192,84,198,112,68,183,100,72,96,18,239,193,160,36,41,96,40,162,128,117,187,112,108
2,149,16,156,147,196,16,231,14,9,72,34,44,54,32,64,164,51,147,128,82,8,16,255,41,38,26,67,16,0,165,27
2,149,18,140,51,132,176,39,14,9,88,0,172,182,32,64,164,59,179,0,18,136,2,255,41,52,26,194,144,0,161,11
35,193,66,200,84,147,168,101,68,65,114,70,32,8,180,228,88,40,18,225,199,186,5,221,34,44,138,192,29,12,248,140
50,16,98,174,118,195,154,96,132,0,209,163,40,222,52,64,254,185,151,227,200,179,0,221,16,232,138,131,85,14,53,211
2,224,2,137,20,131,168,103,20,64,82,131,32,142,48,64,124,57,147,133,66,156,0,221,32,36,154,192,21,12,48,216
2,141,0,140,148,131,142,239,6,128,88,2,96,98,32,64,89,34,19,176,80,136,8,191,40,6,143,192,20,42,176,8
2,216,18,152,85,133,184,68,142,9,80,3,44,158,32,64,236,59,131,209,2,186,18,245,17,16,154,138,17,24,37,155
3,195,0,140,20,129,140,231,4,5,88,135,32,8,50,64,72,34,19,197,214,8,4,157,40,32,142,192,28,12,184,76
2,193,0,140,132,129,12,37,4,0,80,2,32,10,48,64,64,2,19,129,80,8,0,221,32,32,142,128,20,24,176,8
18,149,22,136,19,164,184,99,172,9,74,2,44,58,32,64,230,51,155,128,18,137,16,221,185,52,26,66,16,0,161,139
163,204,99,204,84,145,142,230,84,64,88,66,32,136,180,228,72,40,18,201,231,174,36,191,34,40,138,136,85,28,112,172
3,193,32,140,20,129,140,37,4,69,80,135,32,12,50,64,72,2,19,197,214,8,4,157,32,0,138,192,28,12,184,92
50,0,98,236,70,2,232,80,77,0,114,70,9,9,52,64,126,137,23,161,136,178,4,204,18,232,138,128,127,136,120,128
128,77,0,138,148,161,134,199,4,0,24,18,0,8,32,64,73,66,2,82,66,36,8,182,32,0,142,64,20,91,144,8
56,8,106,236,68,211,226,112,68,4,117,2,113,73,181,64,120,176,135,234,72,178,36,157,83,233,162,1,119,171,116,138
6,205,128,150,144,0,142,167,22,209,24,131,104,110,49,65,77,115,147,231,114,72,8,239,40,6,223,192,148,124,176,88
2,195,32,136,148,129,140,101,4,4,80,135,32,12,50,64,76,3,147,133,210,8,0,213,40,32,142,193,21,12,180,216
3,137,32,137,20,145,140,101,12,64,80,199,160,8,50,64,72,35,19,197,214,152,69,221,36,48,138,192,29,12,184,28
2,148,18,136,147,228,56,3,46,1,74,2,12,54,32,64,231,19,147,145,18,136,16,215,9,36,154,194,144,68,161,83
3,143,0,136,148,129,142,173,4,4,88,199,96,72,58,64,88,2,19,229,214,8,12,189,40,32,142,196,28,14,184,20
2,131,32,136,148,129,140,101,4,69,80,135,32,12,50,64,76,3,147,133,214,8,4,213,40,0,138,193,29,12,188,84
33,201,123,76,102,141,231,117,76,8,118,2,48,25,180,100,110,34,2,72,193,168,36,125,103,56,34,0,85,152,241,173
56,88,122,76,70,208,255,244,69,8,116,162,57,29,165,64,110,240,135,194,200,170,48,173,99,233,160,129,119,184,100,155
2,201,132,158,20,0,14,166,22,2,80,131,96,46,49,64,65,99,179,199,96,200,10,189,40,38,222,128,20,124,48,88
2,203,166,158,28,128,138,32,134,196,82,135,32,204,51,64,72,104,51,199,194,200,134,189,0,32,202,136,20,15,48,92
130,205,0,154,132,161,14,166,20,2,88,18,32,40,49,64,73,66,19,67,96,12,8,191,32,38,158,128,20,88,144,8
3,193,0,140,4,145,140,229,68,64,80,199,32,8,50,224,72,0,19,197,199,40,4,157,32,32,142,128,29,28,184,92
39,0,99,200,76,146,168,64,196,64,215,66,8,138,189,228,120,40,18,169,133,179,36,192,20,40,138,140,21,46,120,164
130,199,32,152,150,193,152,103,22,5,80,179,40,142,50,64,77,27,147,145,114,12,4,215,40,4,158,195,21,12,181,218
0,128,0,136,4,129,136,32,4,0,80,2,32,10,32,64,72,0,2,0,0,8,0,149,0,32,138,64,20,8,48,0
3,72,3,140,4,16,142,164,68,64,80,70,32,8,181,228,72,96,18,207,197,160,36,189,32,40,138,128,29,61,112,44
2,0,0,136,4,129,136,64,4,0,80,2,0,10,48,64,72,1,19,129,0,0,0,149,0,32,138,192,20,8,48,0
3,195,32,136,148,129,140,231,4,5,88,199,32,8,50,64,76,11,147,197,214,8,4,253,40,32,142,193,29,12,184,220
2,132,0,136,147,225,24,66,6,5,72,163,8,46,32,64,75,19,147,145,18,8,0,213,9,6,154,195,148,76,37,82
130,48,22,144,105,133,184,64,138,24,16,16,140,158,96,11,134,17,83,17,2,71,130,208,21,16,90,170,16,0,3,131
2,149,32,152,147,225,152,67,22,5,72,179,12,142,32,64,107,27,147,145,18,8,0,215,9,4,154,227,148,76,181,210
2,131,32,136,148,129,140,37,4,5,80,135,32,14,50,64,68,3,147,133,214,8,4,149,40,32,142,193,20,12,180,88
2,193,32,136,4,129,140,101,4,0,80,2,32,8,48,64,72,2,19,129,210,40,0,221,32,32,138,128,21,8,176,8
2,135,32,136,150,129,156,231,6,5,88,179,32,142,50,64,77,11,147,149,82,8,4,215,40,4,158,193,21,12,180,202
2,149,18,136,219,229,184,99,142,25,88,3,12,190,32,64,239,27,147,145,18,11,18,213,57,20,154,203,144,68,165,147
34,195,32,152,148,129,140,231,22,69,80,167,40,140,50,64,77,11,147,133,214,8,6,215,40,4,158,233,21,12,180,204
3,129,32,140,132,128,140,39,4,64,88,135,40,46,50,64,76,3,147,133,212,8,4,213,32,32,142,192,20,12,176,84
2,128,0,136,4,129,136,32,4,0,80,2,0,10,48,64,72,0,19,129,0,0,0,149,0,32,138,192,20,8,48,0
3,193,32,140,148,145,140,229,68,68,80,135,32,12,182,224,72,2,19,197,197,40,36,189,32,40,142,128,29,28,248,92
32,128,230,221,20,130,160,107,86,161,114,18,0,168,52,72,120,44,34,161,144,248,5,204,12,46,210,64,197,8,112,128
2,128,118,217,118,185,184,18,127,81,86,146,140,142,244,108,230,41,51,157,146,156,38,209,14,56,26,192,150,132,33,165
35,77,99,78,84,147,227,80,69,192,120,66,96,200,181,228,88,104,18,107,133,178,36,173,34,44,128,128,87,191,112,172
2,0,0,136,4,129,136,0,4,0,80,2,32,8,48,64,72,0,19,129,0,32,0,149,0,32,138,128,20,8,48,0
35,72,99,77,4,19,133,100,68,64,118,66,32,8,181,228,88,32,18,105,193,184,101,189,36,40,130,128,87,156,112,236
49,1,106,197,84,2,233,80,69,128,126,2,81,9,180,96,122,140,23,184,152,178,37,204,86,169,160,132,231,170,112,160
3,195,0,140,20,145,140,37,4,69,80,199,32,40,50,64,72,35,19,197,214,136,4,157,32,32,138,192,28,12,184,92
2,216,146,152,109,133,184,196,142,25,80,34,172,158,96,74,230,25,187,145,2,9,2,241,13,16,26,202,144,4,33,155
130,2,130,153,96,129,56,64,158,21,80,151,140,134,98,72,230,9,179,149,6,16,2,209,4,16,154,200,148,4,33,209
60,8,122,111,102,147,210,112,69,0,117,2,123,73,181,32,122,168,23,106,200,178,44,157,66,233,32,128,119,171,112,129
33,200,99,204,4,129,139,244,68,64,84,66,48,8,181,100,72,96,18,203,193,168,36,189,32,40,130,128,87,153,112,172
2,149,112,200,151,241,185,99,5,65,92,162,8,63,36,100,110,19,147,145,19,136,52,213,43,36,138,195,23,12,181,182
3,132,34,153,52,186,168,2,124,65,90,151,172,12,178,96,97,42,19,21,183,156,36,215,4,54,154,192,156,12,57,68
2,133,0,140,20,3,14,175,20,2,88,2,96,106,48,64,89,34,19,161,112,8,8,159,40,38,143,196,20,104,176,8
2,156,18,152,147,229,176,199,30,19,64,18,12,158,32,72,231,27,147,145,50,140,18,247,9,22,26,75,144,0,165,155
2,148,18,152,19,229,176,66,30,9,74,18,12,154,32,72,231,27,147,144,50,140,16,215,9,22,154,66,144,0,33,131
2,149,114,200,211,229,176,99,13,1,124,34,44,63,36,68,238,155,147,128,18,138,16,213,59,36,138,67,51,8,164,131
3,201,2,140,20,147,142,237,68,64,80,199,104,72,190,224,92,35,19,231,199,136,4,253,32,40,138,192,29,14,184,156
2,135,2,136,147,224,56,103,6,5,88,163,44,166,32,64,103,27,131,145,18,136,0,215,40,38,154,195,148,4,165,67
3,72,99,206,4,130,143,244,68,192,82,66,112,72,181,100,88,96,18,239,193,160,36,237,32,40,170,128,29,187,112,236
3,202,36,156,20,129,12,167,22,85,88,135,32,44,50,64,69,35,179,133,198,8,6,253,32,38,158,128,28,28,184,92
2,148,176,152,147,225,144,66,30,87,72,179,12,158,96,72,239,27,147,145,18,12,18,210,9,6,154,235,148,76,37,211
60,0,106,68,68,18,107,88,65,128,119,2,83,73,189,96,120,132,23,234,136,178,37,136,82,233,161,132,103,171,112,160
131,197,0,136,132,145,140,167,4,70,88,151,32,8,50,64,72,2,19,133,244,44,4,151,32,0,142,192,28,28,184,92
3,193,98,140,4,145,140,229,68,64,80,199,32,8,182,224,72,33,19,197,197,40,4,253,32,40,138,128,29,28,248,220
50,0,96,193,70,2,232,80,73,32,180,2,11,9,84,0,106,137,23,137,136,178,68,192,22,216,138,164,103,140,114,128
3,193,0,136,4,129,140,165,4,0,80,135,32,8,50,64,72,0,19,133,196,8,4,149,32,32,142,192,28,12,184,24
2,0,0,136,4,0,128,0,4,0,16,2,0,0,32,64,64,0,19,0,0,0,0,128,0,32,138,128,20,8,48,0
32,8,106,78,68,131,203,112,69,0,117,2,48,73,181,100,88,40,19,106,129,162,44,189,66,8,160,128,119,187,112,168
50,0,98,200,68,3,232,64,77,0,240,2,10,8,52,0,120,137,23,177,136,179,65,196,146,136,138,196,117,8,112,128
3,195,0,136,132,129,12,37,4,68,80,135,32,8,50,64,72,2,3,133,212,8,4,149,40,32,142,192,28,12,184,88
3,195,34,136,148,129,140,101,4,68,80,135,32,8,50,64,72,2,147,133,214,8,4,221,32,32,138,192,29,12,184,220
2,195,32,136,20,129,140,101,4,69,80,135,32,12,50,64,76,35,147,133,214,8,4,157,32,32,138,193,20,12,180,88
24,0,106,229,70,2,104,80,33,0,118,2,27,11,48,80,122,133,21,168,136,176,1,136,210,233,162,128,39,136,112,128
120,0,66,229,4,10,72,80,33,160,242,10,11,11,0,16,122,140,4,160,8,178,65,136,210,233,162,0,103,160,98,0
2,193,0,140,4,128,12,37,4,0,80,2,32,10,48,64,64,2,19,129,80,8,0,149,40,0,142,192,20,8,176,8
2,195,32,136,148,129,140,229,4,5,80,135,32,14,50,64,76,3,147,133,214,8,4,157,40,0,142,193,20,12,180,72
2,131,0,136,146,193,28,39,4,5,88,163,8,38,32,64,68,19,131,128,82,8,0,213,40,32,142,193,20,12,180,64
3,195,0,136,132,129,140,101,4,4,80,135,0,8,50,64,72,2,147,133,214,8,4,149,40,32,142,192,28,12,152,84
2,151,50,136,151,193,184,99,4,1,88,163,12,30,32,64,110,19,147,129,210,136,0,213,40,32,138,195,21,12,181,147
35,195,96,136,84,129,142,229,4,68,80,135,32,12,50,64,72,9,147,197,198,42,4,253,32,0,138,192,29,28,248,216
2,133,18,137,54,160,184,35,12,1,90,18,172,26,48,64,226,35,19,17,18,152,0,223,4,52,138,194,20,8,177,1
2,195,32,136,148,129,140,101,4,4,80,135,0,8,50,64,72,2,131,133,208,8,4,149,40,0,142,193,20,12,148,64
2,195,32,136,148,129,140,37,4,4,80,135,0,12,50,64,76,2,147,133,210,8,4,149,40,0,142,193,20,12,148,72
2,193,0,140,20,129,140,165,6,1,80,2,32,8,48,64,72,2,19,193,82,40,0,157,40,32,142,192,21,8,144,8
2,193,2,140,148,128,12,103,6,1,88,2,32,136,48,64,64,42,19,65,82,136,2,157,32,36,158,136,20,24,176,8
2,193,0,136,148,128,142,165,4,1,80,2,32,42,48,64,64,2,19,193,80,8,0,189,40,32,142,192,20,24,176,8
2,131,32,136,148,129,140,37,4,4,80,135,0,12,50,64,76,2,147,133,210,8,0,149,40,32,138,193,20,12,180,80
2,201,32,136,148,129,142,229,6,65,80,131,32,12,48,64,64,2,19,197,210,8,0,189,40,32,142,192,20,12,176,88
35,201,96,204,84,145,140,229,70,0,84,2,32,136,180,96,72,42,19,201,198,42,38,253,48,40,142,232,21,24,240,140
2,141,2,141,180,162,172,39,44,128,90,2,172,42,32,64,192,38,19,32,80,152,1,207,44,54,142,192,4,64,177,8
2,149,50,205,150,200,188,39,44,1,90,34,44,58,36,64,102,51,147,129,210,152,4,221,36,36,138,195,5,0,181,11
35,201,66,140,212,129,140,101,5,64,80,135,40,14,54,64,110,171,19,197,215,138,4,221,48,40,138,200,29,12,248,220
35,203,99,140,84,145,204,117,5,64,84,199,32,12,182,196,76,170,151,205,207,170,36,221,50,40,138,128,63,140,248,220
2,135,34,140,20,129,140,103,4,68,88,135,32,12,50,64,76,35,147,133,192,168,4,221,32,0,138,129,21,12,180,216
2,205,8,158,148,128,14,167,20,3,88,2,96,106,48,64,65,66,19,195,114,8,8,191,40,38,222,192,20,26,176,8
2,148,50,136,51,225,184,67,12,69,88,167,172,158,34,64,230,59,147,149,22,136,16,223,12,52,26,195,156,4,173,223
45,72,98,206,68,145,231,240,68,0,116,2,56,73,181,36,120,168,2,202,192,162,36,253,114,40,162,8,87,187,112,168
0,16,18,153,38,137,56,64,60,17,82,50,172,146,32,73,230,57,179,144,2,152,67,213,4,48,26,67,20,8,37,147
56,0,66,204,92,147,66,120,133,0,245,2,99,201,188,4,88,168,6,234,72,163,34,157,82,233,128,8,119,170,112,128
3,201,36,154,28,129,138,228,134,80,80,131,32,204,50,64,72,41,59,197,198,9,14,189,40,4,138,232,20,14,48,88
2,193,32,140,4,129,140,37,4,0,80,2,32,8,48,64,72,2,19,129,208,8,0,149,32,32,138,192,20,8,176,8
63,0,99,204,68,18,203,88,69,64,247,66,81,73,181,228,120,160,23,171,137,179,36,204,18,40,162,132,119,174,112,228
48,0,66,140,116,3,200,96,141,0,242,10,142,10,32,64,248,161,14,160,8,163,0,204,144,16,138,24,21,8,112,0
50,32,32,137,84,129,168,64,4,32,208,130,136,14,113,64,104,137,23,145,138,50,64,208,148,0,138,236,21,8,48,128
60,8,106,237,68,18,235,112,68,0,119,2,113,73,177,96,120,160,23,234,136,176,37,140,70,233,162,128,119,171,112,160
130,144,50,152,55,197,176,66,30,25,80,50,12,158,36,96,239,27,147,145,146,28,18,215,9,20,26,195,149,12,37,151
2,0,2,137,20,131,160,64,6,33,82,2,0,128,32,64,104,8,10,16,18,184,65,149,4,36,154,196,20,8,48,128
50,218,96,168,94,129,218,228,133,68,208,167,41,206,50,64,92,185,151,231,202,11,4,253,176,64,138,187,53,158,52,216
35,72,99,76,20,147,203,112,69,64,116,194,32,140,181,228,72,40,18,110,197,168,36,189,34,40,130,128,119,157,112,236
56,0,66,236,68,3,66,112,5,0,243,2,99,73,53,80,120,168,6,226,72,179,0,140,146,233,128,0,119,170,112,128
2,135,34,136,20,129,138,103,4,5,88,135,40,10,50,64,76,43,147,197,214,136,4,253,40,32,138,193,29,12,184,216
51,72,98,142,68,147,202,96,69,64,209,199,35,8,183,96,120,168,23,103,205,163,4,189,50,104,136,128,125,159,120,220
3,133,34,137,180,179,168,39,76,65,90,199,172,10,182,96,106,43,19,133,215,152,5,215,44,60,138,192,28,12,185,220
40,0,90,232,102,3,249,88,5,0,116,2,25,139,180,24,126,136,23,184,2,178,0,208,86,201,178,164,119,136,98,161
40,72,106,78,68,146,199,112,68,0,116,2,115,73,181,96,88,224,6,106,200,178,36,173,98,233,160,0,119,187,112,168
2,148,18,152,19,225,184,67,30,1,72,179,44,182,32,64,103,27,131,144,18,136,0,215,8,4,154,195,148,0,165,147
35,201,96,76,84,145,206,228,71,64,116,2,32,8,182,36,72,98,18,201,199,42,36,189,34,12,134,224,87,156,112,236
2,195,34,136,20,129,172,229,6,69,82,135,40,142,50,64,108,11,147,197,214,136,4,221,40,4,142,192,20,12,181,92
2,176,48,153,52,169,184,2,143,9,88,179,140,142,112,72,199,25,159,21,146,28,66,211,140,20,154,234,148,12,5,209
2,4,6,145,20,171,168,35,60,33,90,18,172,34,16,72,105,46,19,17,50,152,65,207,12,38,154,192,132,8,145,136
2,182,50,152,125,229,184,66,143,93,24,55,140,158,98,8,231,27,151,21,146,11,18,211,153,20,26,235,144,76,37,215
3,193,34,140,148,129,140,231,4,65,90,131,32,44,50,64,76,2,19,197,214,136,4,221,40,36,142,192,21,12,176,88
32,72,106,76,68,131,199,244,68,64,116,2,113,73,181,100,72,96,18,74,193,168,36,61,98,40,160,0,117,187,112,168
2,148,50,216,243,245,184,99,30,89,88,51,140,190,36,96,231,27,147,145,178,136,50,215,13,22,26,195,144,4,165,215
2,193,2,136,148,129,140,231,4,0,88,2,32,40,48,64,72,34,19,193,80,136,0,157,32,32,142,192,21,24,176,8
34,143,96,136,212,129,156,231,5,69,88,167,40,140,54,64,76,171,147,197,214,10,4,253,56,4,142,233,21,12,188,220
3,193,0,140,4,145,140,37,68,64,80,199,32,8,178,224,72,34,19,197,197,8,4,157,32,32,138,128,29,28,184,12
2,148,178,152,219,229,176,66,158,25,72,18,12,190,96,72,231,27,147,145,18,11,18,215,25,22,26,75,144,76,37,147
130,48,146,152,107,229,184,66,158,27,80,48,140,158,96,73,167,25,155,16,34,77,2,211,13,18,26,202,144,0,33,131
3,131,32,140,132,129,140,37,4,68,80,199,32,12,50,64,76,3,147,133,212,8,4,157,32,32,142,192,28,12,184,92
3,199,32,140,20,145,140,103,4,69,88,135,32,8,182,64,76,3,147,197,214,8,4,157,32,32,142,193,29,12,184,220
3,200,33,140,4,129,141,165,68,64,80,199,48,8,176,100,72,32,19,205,193,8,4,189,32,32,142,128,29,28,176,92
2,149,32,136,151,225,152,99,6,65,72,163,44,62,34,64,75,19,147,145,18,8,16,213,41,36,154,195,148,76,181,82
2,32,4,145,68,137,168,0,142,17,80,18,140,138,96,75,106,9,19,144,2,112,66,209,4,16,218,232,149,8,17,128
2,133,0,136,147,225,156,103,6,5,8,179,12,174,96,64,75,27,147,145,18,8,16,215,41,4,158,227,148,76,181,210
35,203,0,136,20,145,142,229,68,4,80,135,32,8,54,0,72,40,19,197,198,40,4,189,32,8,142,128,29,28,248,140
3,72,99,12,4,16,143,180,68,192,84,198,48,12,183,100,72,96,18,207,193,160,36,237,32,40,170,128,29,189,112,124
2,149,16,152,147,196,16,231,14,9,72,34,44,182,32,64,228,59,179,128,82,8,16,255,41,36,26,67,16,0,165,27
2,149,18,156,51,132,176,103,30,9,88,32,172,182,32,64,164,59,19,0,18,136,2,223,41,52,26,194,16,0,161,11
35,193,67,205,84,147,168,101,68,65,82,66,32,8,180,228,88,40,18,233,199,186,5,221,38,44,138,192,29,8,248,140
2,48,144,152,59,225,56,66,30,19,88,178,140,150,96,72,231,27,147,145,2,12,18,210,9,22,26,235,148,68,37,147
18,201,18,142,58,131,154,97,140,0,208,130,44,198,32,64,110,57,31,194,64,137,2,253,176,132,138,154,20,10,33,137
2,192,2,152,86,131,184,97,6,0,80,131,40,206,48,64,126,57,147,133,66,154,0,221,32,0,154,192,20,14,49,216
