33,201,97,140,20,145,134,228,68,64,80,66,32,8,180,224,72,32,18,69,199,40,36,189,32,8,130,0,93,28,248,204
2,149,18,136,147,192,56,99,12,1,74,34,44,50,32,64,226,27,147,128,18,136,16,213,41,36,138,67,20,0,165,2
2,149,18,136,151,164,56,99,12,1,74,2,44,182,32,64,230,27,19,144,18,136,16,213,9,36,138,194,144,0,161,3
33,72,97,204,84,145,131,224,68,0,116,66,32,8,181,36,72,232,18,75,195,170,36,189,32,8,130,0,87,25,112,172
2,148,18,152,51,164,184,66,62,9,90,18,12,158,32,64,231,27,147,145,18,140,2,215,9,22,154,194,148,0,33,147
2,149,18,140,23,224,56,99,12,1,74,34,44,54,32,64,98,51,147,128,18,136,16,221,9,38,154,67,20,64,165,2
18,0,66,136,68,0,232,64,45,0,240,2,8,8,52,64,104,137,6,161,0,179,0,192,16,40,138,128,5,8,97,128
2,32,18,152,122,133,184,64,142,25,80,2,140,130,96,72,230,25,19,144,2,16,2,209,4,16,26,234,144,0,33,129
3,131,32,136,150,128,140,229,4,69,80,135,40,46,50,64,78,3,147,133,214,8,4,213,40,32,138,192,29,12,177,220
2,148,18,136,19,228,56,66,14,1,74,178,12,150,32,64,231,27,147,144,18,136,16,215,9,38,154,67,144,0,37,18
2,149,18,136,19,225,48,99,14,1,72,50,44,54,32,64,231,27,147,144,18,8,16,223,9,38,26,67,144,64,165,19
2,36,18,152,116,165,184,66,15,11,88,18,140,154,32,72,231,27,19,145,2,12,0,215,12,22,154,234,148,8,33,131
34,200,97,204,4,129,135,244,68,0,116,2,48,8,181,100,72,96,18,75,192,32,36,189,32,40,130,128,87,153,112,172
1,72,99,140,4,16,130,132,68,64,80,66,32,8,181,228,72,96,18,75,133,160,36,173,32,40,138,0,21,61,112,44
34,200,97,204,4,145,135,244,68,64,84,2,48,8,181,100,72,96,18,75,193,32,36,189,32,40,130,128,85,153,112,172
3,207,32,140,20,145,142,230,68,64,88,199,32,8,182,192,72,66,19,197,198,40,4,189,32,40,138,192,29,28,248,140
2,195,32,136,148,129,140,37,4,4,80,135,0,14,50,64,64,2,19,133,210,8,4,149,40,0,142,192,28,12,180,88
2,149,16,152,155,225,152,99,134,21,72,179,12,190,32,65,239,27,147,145,18,11,18,213,25,0,154,235,149,12,165,210
2,131,32,136,148,129,12,33,4,4,80,135,0,34,50,64,68,2,3,133,208,8,0,149,40,32,138,192,20,12,148,64
2,131,0,136,148,129,8,35,4,5,88,135,0,46,50,64,64,2,131,149,18,8,0,149,8,0,138,193,20,12,148,64
3,201,35,204,20,145,135,231,68,64,88,66,32,168,180,228,72,42,50,73,211,168,36,253,32,44,142,128,85,24,240,44
0,141,2,149,116,175,32,39,60,9,90,0,172,160,32,64,162,46,27,0,18,152,0,223,45,52,18,64,0,8,145,136
3,72,33,140,4,16,130,132,68,64,80,66,32,8,181,228,72,96,18,75,133,160,36,169,0,40,138,128,21,29,48,76
2,165,18,153,117,173,104,99,61,9,90,17,172,138,48,64,226,42,19,5,18,152,0,223,45,54,26,192,128,4,177,137
2,132,50,201,116,187,168,66,44,9,126,147,172,143,180,64,238,59,147,156,146,184,32,215,6,60,154,192,146,140,113,144
0,140,2,159,28,131,14,167,150,33,90,2,96,232,32,64,89,106,34,0,82,152,10,191,40,38,143,64,20,10,16,8
0,193,0,136,148,128,12,37,4,0,16,2,0,8,32,64,64,0,2,0,80,8,0,149,40,0,142,64,20,8,144,8
2,131,0,136,132,129,12,37,4,4,80,135,0,12,50,64,64,2,19,133,208,8,0,149,40,32,142,192,28,12,152,80
2,32,16,128,22,129,168,64,12,0,16,2,12,0,32,0,34,9,19,16,2,0,0,212,4,0,10,160,20,8,1,129
34,201,106,207,84,131,239,117,5,64,116,131,48,13,180,0,104,168,19,204,192,186,36,189,102,9,160,128,117,154,240,232
2,143,2,143,22,194,58,231,12,5,90,163,40,38,32,64,107,51,147,128,82,152,0,255,44,38,154,195,20,6,181,27
56,233,74,238,84,131,78,117,4,0,116,10,51,137,48,16,72,168,23,202,74,186,64,61,118,137,164,168,53,154,242,136
3,141,34,140,22,147,174,103,68,64,88,71,104,72,54,224,126,35,18,229,215,168,4,221,32,40,138,192,93,14,249,140
2,143,2,141,150,195,46,231,4,5,90,163,40,38,32,64,100,51,147,128,82,152,0,255,44,36,138,193,20,12,180,72
56,233,64,168,84,129,70,252,6,32,112,10,35,128,32,80,88,232,23,64,74,26,0,189,184,193,164,104,52,154,114,136
3,200,97,204,4,145,135,228,68,64,80,66,32,8,181,228,72,96,18,75,197,40,36,189,32,40,138,128,85,29,112,44
48,0,66,168,4,2,192,72,1,0,240,2,67,74,40,64,120,128,4,32,8,178,0,136,144,233,130,4,53,168,112,128
60,8,106,236,68,0,194,80,68,128,119,2,113,73,181,64,88,160,2,42,128,160,4,136,66,169,163,0,117,171,112,128
3,131,32,136,132,129,140,37,4,4,80,135,0,8,50,64,64,2,19,5,212,8,4,149,32,32,138,192,28,12,144,80
2,195,34,136,20,129,140,101,4,5,80,135,40,10,50,64,76,3,19,133,210,136,4,221,32,32,138,192,29,12,176,216
3,193,32,136,4,129,140,37,4,64,80,131,32,12,48,64,64,0,19,5,212,8,4,149,32,32,138,192,20,12,176,80
2,193,32,136,132,129,140,37,4,0,80,2,0,8,48,64,72,2,19,1,208,40,0,149,32,32,138,192,20,8,176,8
60,0,64,96,68,3,194,88,1,0,49,2,83,73,56,16,88,128,4,34,8,34,73,128,66,201,161,4,119,171,82,128
0,201,4,158,28,129,2,164,134,17,80,2,96,192,40,64,64,96,34,66,66,40,10,189,0,32,202,0,20,27,48,8
66,200,0,142,28,129,10,228,134,0,208,2,32,194,57,64,64,96,59,195,66,9,10,253,48,32,138,184,20,27,48,136
50,200,0,142,20,129,78,228,5,64,208,139,34,204,59,64,92,232,23,199,74,11,8,253,176,128,138,184,21,31,48,200
3,133,2,136,178,128,60,39,44,5,90,135,172,34,50,64,230,35,19,149,86,152,0,221,44,52,138,192,28,4,185,81
2,128,50,153,52,171,184,2,124,1,82,18,172,26,48,72,231,59,19,17,178,188,1,215,12,54,26,194,148,8,33,137
2,131,6,152,146,224,184,103,132,21,90,163,44,46,32,65,110,59,179,145,18,136,2,237,40,38,222,195,149,4,165,137
36,201,104,200,84,129,135,244,68,0,116,2,48,201,180,36,88,104,19,74,194,170,36,189,96,8,164,8,117,186,240,168
2,135,2,156,18,224,184,103,20,5,88,163,40,38,32,65,110,59,147,129,50,136,0,221,32,34,154,195,21,64,165,136
2,145,50,136,147,196,184,103,12,69,72,135,44,158,34,64,102,59,147,129,82,10,16,213,41,32,138,75,20,12,165,218
2,145,18,140,147,132,56,103,14,9,90,2,44,158,32,64,230,59,147,129,18,152,16,213,41,52,10,202,16,4,161,27
2,149,18,136,181,132,188,103,12,9,90,0,172,50,32,64,228,35,19,128,82,136,0,221,41,54,154,194,16,64,161,11
2,167,0,128,148,225,152,67,6,5,24,163,0,174,114,64,77,27,131,149,18,8,4,149,40,4,158,225,148,76,180,192
2,209,32,136,151,193,156,229,4,1,16,163,8,30,32,0,76,27,147,209,82,10,16,245,41,0,142,227,21,12,180,218
33,72,104,204,4,17,135,244,68,0,116,2,48,9,181,100,72,96,18,74,193,160,36,189,34,40,130,128,119,184,80,172
70,8,18,128,74,128,58,64,160,128,211,2,12,194,97,66,110,41,31,194,0,3,130,192,16,32,203,136,4,35,33,128
0,0,0,128,4,0,8,0,4,0,16,2,0,8,32,64,64,0,2,0,0,0,0,128,0,0,138,0,20,8,16,0
130,32,146,145,6,1,168,66,62,19,82,18,140,10,112,73,111,9,19,145,34,212,1,208,4,2,218,132,132,0,33,128
60,72,122,101,70,2,111,208,96,128,118,2,49,9,177,16,106,229,23,202,128,176,0,104,102,169,162,128,101,177,112,136
3,193,0,136,20,129,140,229,68,64,80,199,32,8,50,224,64,34,19,197,199,8,4,157,40,32,142,192,28,28,184,28
35,201,97,136,20,145,140,229,68,64,80,66,32,8,182,224,72,34,18,69,199,40,4,189,32,8,138,192,29,28,248,140
2,131,32,140,148,129,12,101,4,5,80,135,32,14,50,64,68,35,131,133,210,8,0,221,40,32,142,193,20,12,180,88
2,149,18,136,147,224,56,99,12,1,74,2,44,50,32,64,230,27,147,128,18,136,16,213,41,36,138,67,16,0,165,3
2,149,18,136,151,164,56,99,44,9,74,2,44,182,32,64,230,27,147,144,18,136,16,213,9,52,154,194,144,0,161,3
33,72,99,204,84,145,131,240,68,64,112,66,32,8,181,36,72,40,18,75,195,170,36,189,32,8,130,0,87,153,112,172
2,131,34,136,20,129,140,101,4,4,80,135,32,10,50,64,76,35,131,133,214,136,0,221,32,32,138,192,21,12,180,200
33,8,107,78,68,147,195,112,68,0,116,66,48,73,181,36,72,168,18,74,193,162,36,189,2,40,160,0,119,171,112,172
2,144,18,152,51,164,184,66,62,9,90,18,140,158,32,72,231,25,147,145,18,156,2,215,9,22,154,194,144,0,33,145
2,135,34,140,148,128,188,103,4,5,90,163,40,46,50,64,108,35,147,133,210,136,4,221,32,32,138,193,21,12,180,200
35,201,99,204,84,145,142,228,68,64,80,66,32,8,180,228,72,40,18,203,199,170,36,253,32,40,138,128,85,28,240,236
50,0,66,136,68,2,232,64,37,0,242,2,10,138,48,64,120,137,6,161,8,179,0,204,144,32,138,128,5,8,99,128
2,176,18,152,99,133,184,64,142,25,80,34,12,150,96,72,230,25,19,145,2,0,2,209,9,16,26,234,144,0,33,131
2,149,18,136,147,228,56,99,44,1,74,131,44,62,32,64,230,51,147,145,18,152,16,221,41,38,154,67,148,68,165,18
2,135,34,136,150,128,188,103,4,5,88,163,44,46,50,64,110,3,147,133,214,136,4,213,40,36,138,193,21,12,181,216
2,149,18,152,19,225,56,67,30,1,74,178,12,150,32,64,231,27,147,144,18,136,16,215,9,36,154,195,144,0,165,18
2,135,32,136,146,129,152,103,6,69,88,167,44,14,50,64,110,11,147,149,214,8,4,213,40,0,138,195,21,12,181,93
56,0,98,236,68,2,192,80,65,128,242,10,11,9,53,16,120,172,6,161,136,178,4,136,146,233,128,0,103,168,114,136
2,149,34,136,147,224,184,99,6,69,88,163,44,190,32,64,111,27,147,145,18,136,4,213,40,36,154,195,148,4,181,82
35,72,99,204,68,131,207,244,69,0,116,66,48,72,181,100,72,232,18,235,193,170,36,189,32,40,130,128,87,186,112,172
2,148,18,152,19,228,48,99,30,1,74,18,44,190,32,64,227,51,147,145,50,136,16,215,9,38,154,66,144,64,161,19
33,201,99,140,68,145,142,228,68,64,80,66,32,8,181,228,72,96,18,207,199,170,36,253,32,40,130,0,93,28,120,172
2,149,18,136,147,225,176,99,14,1,72,50,44,54,32,64,103,27,147,128,18,8,16,223,41,38,26,67,144,64,165,18
3,195,34,136,20,129,140,101,4,68,80,135,32,8,50,64,72,35,19,197,214,136,4,157,32,0,138,192,29,12,184,220
134,71,32,138,132,163,142,143,20,70,89,151,64,108,58,64,93,66,147,231,242,4,8,183,32,6,142,196,148,95,148,88
3,193,0,140,4,128,140,165,4,64,80,199,32,8,50,64,72,2,19,197,197,8,4,189,32,32,142,128,28,28,184,28
3,195,0,140,132,129,140,37,4,4,80,135,32,10,50,64,64,2,19,133,214,8,4,149,32,32,138,192,28,12,184,88
51,0,106,160,68,2,168,80,128,192,211,131,17,14,50,80,122,133,23,165,140,131,4,200,208,33,170,140,37,42,113,208
2,131,32,140,148,129,12,37,4,4,80,135,32,42,50,64,64,2,147,133,208,8,4,149,32,32,138,192,28,12,184,88
16,0,14,188,12,131,128,64,132,0,211,2,83,200,48,72,88,44,63,1,8,177,2,157,128,225,170,0,20,42,48,0
3,193,0,140,132,145,140,37,4,68,80,199,32,8,50,64,64,2,19,133,196,8,4,149,32,32,142,192,28,12,184,92
2,0,226,193,68,16,168,64,76,80,82,2,136,136,116,107,106,9,19,145,130,176,37,192,22,8,138,132,21,12,113,132
50,0,64,225,4,8,200,0,41,32,178,2,11,10,20,16,104,140,4,129,8,178,65,192,146,200,130,132,101,136,114,0
2,0,178,152,116,161,184,66,31,11,80,18,140,154,48,72,239,25,19,145,130,148,0,215,12,22,154,226,148,72,33,129
35,200,97,204,4,129,135,244,68,0,84,66,32,8,181,100,72,96,18,75,193,32,36,189,32,40,130,128,87,152,112,172
2,135,0,136,146,192,28,35,4,5,88,163,8,38,48,64,102,19,147,133,82,8,0,213,40,32,138,193,20,4,180,64
3,72,99,204,4,18,131,0,68,64,82,66,32,8,181,228,72,96,18,203,133,160,36,169,0,40,138,128,87,61,112,44
35,200,97,204,4,129,135,244,68,64,84,66,48,8,181,100,72,96,18,75,193,32,36,189,32,40,130,128,85,153,112,172
3,199,32,136,20,129,140,230,6,5,88,199,32,8,50,64,76,2,147,197,214,40,4,189,40,0,138,192,29,12,184,220
2,193,0,140,132,129,12,37,4,0,80,2,32,2,48,64,64,0,19,129,80,8,0,149,32,32,138,192,20,8,176,8
2,180,160,152,147,225,144,66,22,69,72,179,12,158,96,8,203,27,147,145,50,8,16,215,9,6,154,99,149,76,53,210
2,131,32,136,148,129,140,101,4,68,80,135,32,8,50,64,76,2,147,133,210,8,4,149,40,32,138,193,21,12,176,80
2,135,0,136,150,225,152,98,6,5,88,163,8,14,32,64,73,19,147,145,18,8,0,213,8,4,138,195,148,12,52,82
2,149,0,152,147,225,152,99,22,21,72,179,12,190,32,64,235,27,147,145,50,8,16,215,9,6,154,67,148,12,181,210
3,195,32,136,148,129,140,165,4,68,80,135,32,8,50,64,72,2,19,5,212,8,4,157,32,0,142,192,28,12,184,92
130,145,0,152,155,225,152,99,30,81,64,147,12,158,32,65,239,27,147,145,50,10,18,213,9,2,154,75,148,12,165,210
2,131,0,136,148,129,12,33,4,5,80,135,0,14,50,64,68,2,147,133,82,8,0,213,40,32,138,193,20,12,180,64
2,149,22,152,219,229,184,99,142,25,88,35,12,190,32,64,231,19,147,145,18,11,18,213,25,20,154,235,145,64,165,147
3,206,32,140,20,177,138,230,70,65,88,199,32,136,183,64,72,42,18,197,135,170,4,189,32,44,154,128,29,93,120,156
2,128,242,249,116,168,232,2,127,3,114,16,142,10,52,88,227,41,23,16,178,188,0,215,142,254,18,192,212,136,81,1
3,205,32,140,148,129,140,167,68,64,88,199,32,40,50,64,64,34,19,197,197,8,4,189,32,36,142,128,28,28,184,92
2,148,178,248,117,180,184,18,63,11,82,48,12,159,36,72,231,27,151,17,178,140,32,215,11,94,26,194,146,4,33,67
2,131,32,136,148,129,12,37,4,4,80,135,0,44,50,64,64,2,131,133,208,8,4,149,40,32,142,193,20,12,148,80
34,0,226,213,84,50,232,106,87,161,114,18,8,41,180,72,121,140,51,128,176,252,33,207,14,46,208,192,231,136,112,136
10,148,178,216,51,181,56,82,63,75,94,49,12,158,100,104,199,27,151,149,182,140,48,215,11,126,26,194,146,4,37,87
35,202,96,156,76,144,140,229,134,70,80,199,32,136,182,64,76,136,179,197,198,42,6,253,50,44,222,168,29,28,248,220
2,148,0,136,147,225,24,66,6,5,24,163,8,46,32,64,73,19,147,145,18,8,0,213,8,6,154,195,148,76,52,82
3,205,35,204,20,144,134,231,68,64,88,66,32,136,180,228,72,42,50,73,195,168,36,253,32,44,142,192,85,28,240,108
10,148,178,216,115,245,56,82,31,77,92,19,12,158,102,108,231,27,151,148,150,12,48,215,75,94,26,195,146,4,37,247
35,72,227,158,76,144,202,64,69,66,88,70,32,200,181,228,72,232,18,207,133,162,38,169,18,44,138,136,95,191,120,140
28,140,130,190,148,2,238,179,20,131,90,18,97,104,57,64,121,230,23,179,56,248,9,174,232,231,239,64,164,120,48,0
3,195,0,136,132,129,140,37,4,68,80,135,0,8,50,64,72,2,19,133,212,8,4,149,40,0,142,192,28,12,152,84
131,50,178,152,51,245,185,80,30,95,84,119,140,150,230,236,231,25,146,148,167,68,50,210,15,20,26,235,154,4,45,247
0,173,2,149,116,174,32,39,60,9,90,0,172,160,32,64,160,46,19,0,18,152,0,223,45,52,18,64,0,8,145,136
36,0,106,76,4,2,195,80,68,128,119,2,81,65,181,96,88,36,18,42,128,160,36,8,66,41,162,0,117,171,112,160
2,131,0,136,148,161,136,35,4,5,24,135,0,46,50,64,76,2,131,149,18,8,0,149,8,0,138,193,148,76,180,80
2,165,18,153,117,175,104,99,61,9,90,16,172,170,52,64,224,42,23,1,18,152,0,223,45,62,26,192,0,4,241,137
2,131,98,136,82,128,188,103,134,5,88,167,44,142,38,64,110,59,147,133,210,11,2,221,48,36,138,203,21,4,181,217
3,132,34,217,116,185,168,66,44,1,126,146,168,142,180,96,238,59,147,153,150,184,37,215,6,60,154,192,150,140,33,148
56,13,98,108,84,147,194,112,69,0,124,2,51,137,180,32,88,168,6,104,200,186,36,157,114,237,160,0,119,139,112,136
2,4,0,136,18,225,24,66,6,5,88,163,8,134,32,64,75,19,147,145,18,8,0,214,8,4,154,195,148,76,52,82
2,140,2,159,20,129,42,163,150,1,90,2,96,234,48,64,89,106,59,129,66,153,10,191,44,38,143,192,20,42,48,8
34,8,66,140,68,129,104,64,135,64,80,131,40,198,49,80,124,185,23,197,74,146,2,221,20,32,138,168,53,15,48,216
2,201,18,152,102,136,184,70,172,9,82,2,172,130,32,64,230,43,19,64,2,25,2,245,20,48,26,202,20,8,33,137
2,135,0,136,148,225,136,35,6,5,88,163,0,46,50,64,76,19,147,149,18,8,0,213,8,0,138,193,148,12,180,80
18,4,28,137,36,33,184,2,140,19,152,146,141,46,32,67,199,19,89,129,32,69,64,128,136,195,186,144,148,72,1,1
0,193,0,136,20,129,132,165,4,0,16,2,32,8,32,64,72,0,2,0,66,40,0,149,40,0,142,64,20,8,144,8
49,72,114,238,118,145,218,96,69,0,240,2,43,136,181,32,122,169,6,227,204,171,36,253,50,233,130,10,117,31,114,141
35,201,106,205,86,131,239,117,77,68,116,134,48,77,182,100,122,40,19,237,194,184,36,253,102,40,162,128,119,152,112,248
2,142,2,157,50,227,186,99,28,5,90,163,172,206,32,64,254,59,147,133,18,152,0,255,4,54,154,195,20,4,165,91
3,193,0,140,4,144,140,165,4,64,80,199,32,8,50,64,72,0,19,133,197,40,4,149,32,32,142,128,29,28,152,76
130,49,16,128,150,129,184,64,12,0,16,50,12,10,48,0,38,25,19,17,34,0,0,212,0,0,10,226,20,8,1,129
35,201,99,205,22,147,174,101,68,64,82,194,40,12,180,228,78,59,146,237,213,184,101,253,34,40,138,128,85,12,241,252
37,0,106,78,4,2,129,16,68,128,119,2,80,73,189,100,88,36,18,170,128,176,36,200,64,40,163,0,87,170,112,160
2,143,2,143,22,194,58,103,12,5,90,163,40,38,32,64,111,51,147,128,82,152,0,255,44,38,154,195,20,6,181,27
56,201,106,174,84,131,110,244,4,0,112,10,51,137,48,16,120,168,23,193,202,186,0,61,118,201,160,168,53,154,114,136
3,201,3,140,22,147,174,109,68,64,80,66,104,72,180,224,126,35,18,229,197,168,4,221,32,40,142,128,93,14,249,140
2,143,2,141,150,195,46,231,4,5,90,163,40,38,32,64,100,51,147,132,82,152,0,253,44,38,138,193,20,12,180,72
56,233,66,168,84,129,70,228,7,32,208,10,35,136,96,80,88,168,23,64,74,58,64,189,176,193,172,120,52,154,50,136
3,200,97,206,4,145,135,228,68,64,80,66,32,8,180,228,72,96,18,75,197,40,36,189,32,40,138,128,93,30,112,108
2,143,2,140,148,131,46,167,4,5,90,163,32,38,34,64,68,51,131,196,82,152,0,253,32,36,142,193,20,12,180,72
3,193,32,140,4,129,140,37,68,68,80,135,32,8,50,64,72,2,19,133,212,8,4,149,32,32,142,192,28,12,184,92
3,193,32,140,4,145,140,165,68,64,80,71,32,8,50,224,72,2,19,133,197,8,4,157,32,32,142,128,28,28,184,12
3,203,0,136,148,131,140,165,4,68,80,135,32,8,50,64,64,34,19,197,214,8,4,189,40,0,142,192,28,12,152,92
112,0,66,128,4,2,192,64,33,32,178,10,2,8,0,16,104,132,12,160,8,179,1,192,144,32,138,20,69,8,112,0
2,139,32,136,148,129,142,165,4,68,80,135,0,44,50,64,72,2,19,197,212,8,4,181,40,32,142,193,21,12,148,88
48,0,66,172,68,2,192,72,1,128,240,2,3,8,48,64,88,132,6,161,8,179,0,128,144,224,130,4,117,40,112,128
3,131,32,136,132,129,140,37,4,4,80,135,32,8,50,64,68,2,147,133,212,8,4,149,32,32,138,192,28,12,176,88
3,201,0,140,148,145,140,165,68,64,80,199,32,40,178,224,64,2,19,197,215,8,4,189,32,32,142,128,28,28,184,12
2,131,0,136,148,129,136,97,4,4,16,135,0,6,48,64,76,3,131,149,82,8,0,149,40,0,138,193,20,12,148,80
2,0,0,136,4,1,8,0,4,0,16,2,0,2,32,64,72,0,19,128,0,0,0,144,0,32,138,128,20,8,48,0
3,193,32,140,4,129,12,37,68,64,80,3,0,8,50,96,64,2,19,5,212,8,4,149,40,0,142,192,20,12,144,76
3,200,1,140,4,145,134,164,68,64,80,66,32,8,181,228,72,96,18,77,197,40,4,189,32,40,138,128,29,28,120,12
35,201,35,204,20,145,142,228,68,64,80,66,32,8,180,228,72,40,18,201,199,168,36,253,32,40,138,128,85,12,112,236
2,132,18,152,53,165,56,66,44,9,90,18,172,130,32,64,226,43,19,16,18,152,0,223,5,54,26,194,144,8,33,129
3,200,33,140,4,17,142,164,68,64,80,71,32,8,182,224,72,96,18,69,197,40,4,189,32,40,142,128,29,28,56,12
2,20,144,152,19,225,16,66,6,1,8,178,12,150,96,72,75,27,147,144,2,12,16,214,9,6,154,67,148,8,37,18
56,0,98,225,68,18,232,80,68,128,118,2,17,9,184,64,120,132,23,168,136,178,33,128,70,233,160,132,103,136,112,128
32,72,66,78,84,131,198,112,5,0,116,2,34,9,180,68,72,168,6,74,72,170,0,189,50,40,130,8,119,138,112,136
3,8,33,140,4,16,139,128,68,64,80,66,32,8,181,228,72,96,18,207,133,160,36,185,0,40,138,128,21,61,48,44
32,201,96,204,20,145,132,101,68,64,112,2,32,8,52,96,72,34,19,65,194,168,36,189,34,40,130,0,85,12,240,140
2,131,32,136,148,129,140,37,4,69,80,135,0,14,50,64,76,2,147,133,214,8,4,149,40,32,138,193,28,12,180,80
2,20,0,136,147,225,152,66,6,5,8,163,0,46,32,64,77,27,147,145,18,8,16,148,8,6,154,195,148,76,20,82
3,193,32,136,4,128,140,37,4,64,80,131,32,12,50,64,72,2,19,133,212,8,4,149,32,32,138,192,20,12,176,88
2,193,32,136,4,129,140,37,4,0,80,2,32,8,48,64,72,0,19,1,208,40,4,149,32,32,142,192,20,12,176,8
3,192,0,140,4,16,12,37,68,64,80,199,32,8,50,64,64,0,18,133,197,8,4,157,32,32,142,128,28,28,184,92
36,0,104,74,4,3,195,216,68,0,53,2,80,73,189,36,88,64,18,106,128,32,45,0,66,9,161,4,117,187,112,160
3,192,32,140,4,145,140,37,68,64,80,199,32,8,50,96,64,0,18,133,197,8,36,157,32,32,142,128,28,28,184,92
2,193,32,140,4,129,140,37,4,64,80,131,32,12,48,64,72,0,19,133,192,40,4,149,32,32,138,192,20,12,176,88
2,0,4,152,4,1,136,0,132,16,80,2,0,10,48,67,72,0,19,129,0,0,2,144,0,32,202,128,20,8,48,0
34,129,1,137,212,137,172,231,12,1,120,66,168,40,52,192,104,170,19,193,83,186,64,221,44,40,138,224,85,8,241,136
2,5,34,142,149,230,168,99,68,1,75,2,104,106,48,64,120,39,19,161,16,152,16,205,41,38,138,65,149,74,176,10
2,201,4,158,28,129,10,228,134,17,80,2,96,192,56,64,64,96,59,195,66,41,10,189,32,32,138,200,20,27,48,8
34,217,56,136,254,133,191,229,142,8,112,42,60,154,36,0,238,59,19,65,210,43,2,253,121,24,46,234,21,24,161,139
2,239,32,138,20,131,138,226,6,197,88,135,32,206,50,0,93,106,147,215,130,8,8,189,40,4,143,232,148,31,20,216
82,200,0,142,28,129,14,228,134,0,208,2,32,194,56,64,88,233,31,195,74,11,10,189,176,32,138,184,20,31,48,8
58,200,82,174,86,129,94,244,5,0,112,130,57,15,32,80,78,248,23,194,74,138,8,189,114,233,162,136,51,154,240,152
58,200,64,174,84,129,78,228,5,0,208,139,35,78,49,64,76,232,23,199,74,10,8,189,176,193,136,184,53,159,112,216
134,186,18,146,82,128,184,64,62,17,81,179,140,222,104,8,126,57,147,145,18,144,130,192,20,0,10,239,5,7,37,209
50,74,106,78,68,209,202,96,69,68,244,171,34,204,183,116,104,168,151,199,204,187,36,253,50,40,128,137,119,143,116,204
3,133,2,136,182,128,60,231,12,65,90,199,172,42,50,64,230,3,147,133,215,152,4,213,40,52,142,192,28,4,169,93
57,72,99,79,68,146,230,112,69,64,118,66,99,72,183,228,120,232,22,106,205,176,36,173,34,105,160,128,127,191,120,172
2,128,54,153,52,169,184,2,124,3,82,18,172,26,32,72,231,59,19,145,178,188,1,215,4,54,26,194,148,8,33,139
2,131,6,152,146,192,184,103,132,21,90,163,44,174,48,64,110,51,179,129,18,136,2,245,40,38,222,193,149,4,165,217
66,145,22,156,147,228,56,103,172,1,202,2,44,178,32,64,230,51,170,144,18,137,18,205,57,36,26,74,128,0,161,10
32,201,106,200,84,131,199,253,68,0,116,2,48,201,180,0,88,104,19,106,194,170,32,189,98,9,164,40,117,154,240,168
2,149,50,216,147,229,184,99,28,13,88,179,44,62,36,64,239,19,147,145,50,136,16,215,41,22,154,195,149,76,165,211
2,149,18,153,176,165,184,99,60,9,90,48,172,190,32,64,231,59,147,16,50,152,0,223,12,52,154,194,144,0,161,155
2,135,2,156,16,160,60,103,20,5,88,179,40,38,32,65,108,51,147,129,50,136,0,221,32,34,154,129,21,68,165,200
45,72,99,78,84,147,203,80,69,64,117,66,113,200,181,228,88,168,18,203,193,162,44,253,34,40,128,128,119,191,112,172
2,149,34,136,147,196,184,103,12,69,72,135,44,158,34,64,230,59,147,129,82,10,16,221,41,32,138,75,20,12,165,218
2,145,18,136,147,132,56,103,14,9,88,2,44,190,32,64,230,59,147,129,18,136,16,213,41,52,10,202,16,4,161,11
35,200,98,204,84,145,202,228,69,64,116,70,32,136,182,228,72,40,18,207,199,170,36,253,34,8,130,128,95,157,120,140
2,145,2,136,147,193,188,103,6,1,72,3,44,62,32,64,232,19,147,129,82,136,16,221,41,38,154,67,17,4,165,218
2,149,18,136,181,164,184,103,46,9,90,0,172,50,32,64,196,35,19,0,18,136,16,213,41,54,154,194,16,64,161,139
3,201,1,140,20,129,140,229,68,65,80,71,32,8,50,192,72,34,19,69,199,136,4,189,32,32,138,128,28,12,184,12
4,0,0,138,4,0,130,8,4,0,17,2,64,72,56,64,88,0,2,35,0,32,8,128,0,32,131,0,20,10,48,0
2,135,0,136,151,193,156,103,6,5,88,163,40,174,34,64,75,27,131,145,82,10,0,223,40,4,142,227,20,12,180,218
7,72,97,204,4,0,135,176,68,64,80,66,48,64,181,100,64,96,18,79,193,32,36,57,32,40,174,128,21,185,112,108
2,180,144,152,147,225,16,66,6,23,8,147,12,190,96,8,203,27,147,145,18,8,18,210,9,6,154,107,148,68,37,210
3,72,3,140,4,128,143,164,68,64,82,70,48,0,181,100,72,96,18,207,197,160,36,189,32,40,138,128,29,57,112,12
2,129,0,136,151,193,152,103,6,1,72,131,0,30,32,64,72,27,147,145,82,8,16,149,41,4,142,67,148,12,180,146
2,129,0,136,151,193,156,229,6,5,64,131,0,158,32,64,72,27,147,209,82,8,16,213,41,0,142,99,148,12,180,210
3,193,34,140,132,144,140,229,68,64,80,199,32,8,178,224,72,34,19,197,213,8,4,221,32,32,142,192,29,12,248,28
34,241,32,136,151,193,152,229,6,1,16,167,8,158,32,0,76,27,147,209,82,10,16,245,41,0,142,227,21,12,180,218
131,181,32,128,183,165,152,99,30,73,24,183,12,188,98,0,207,27,147,149,182,8,0,215,41,20,154,226,149,76,181,215
2,131,0,136,146,193,56,99,6,5,88,163,12,6,32,64,102,19,147,145,18,8,0,213,40,36,138,195,148,4,181,82
2,36,128,145,20,160,168,66,62,1,88,18,140,10,48,72,107,11,19,145,34,188,1,194,12,4,154,192,149,72,49,128
22,32,146,128,10,0,184,64,164,128,147,130,8,198,113,74,110,61,59,211,0,131,130,192,144,32,139,140,4,35,33,128
0,0,0,128,4,1,0,0,4,0,16,2,0,0,32,64,64,0,2,0,0,0,0,128,0,0,130,0,20,8,16,0
2,4,144,145,54,161,184,2,62,19,82,146,140,14,96,73,39,27,19,144,34,220,1,215,12,22,154,192,148,64,33,145
28,72,122,229,102,2,123,208,96,128,118,2,25,9,177,16,46,228,23,234,128,176,4,104,118,169,167,128,101,177,98,169
3,32,162,129,70,1,168,64,138,117,18,135,140,142,82,10,46,13,179,149,134,80,134,192,20,0,218,164,5,4,49,209
3,193,0,136,20,145,140,229,68,65,80,199,32,8,50,192,64,2,19,197,199,8,4,157,40,32,142,192,28,12,184,28
3,195,32,136,148,129,140,167,4,69,88,135,32,44,50,64,72,3,19,197,212,8,4,189,40,32,142,192,28,28,176,92
35,201,97,136,20,145,140,229,68,64,80,71,32,8,182,224,72,34,18,69,199,40,4,189,32,8,138,192,29,28,248,140
3,203,32,140,148,129,140,101,4,4,80,135,32,10,50,64,72,35,147,197,214,8,4,157,40,32,142,192,28,12,184,88
2,149,18,136,147,228,56,99,12,1,74,2,44,50,32,64,230,19,147,128,18,136,16,213,41,36,138,67,16,0,161,3
2,149,18,136,19,164,56,99,12,9,74,2,140,182,32,64,231,27,19,144,18,136,16,213,9,52,154,66,144,0,161,3
33,200,99,204,68,145,131,240,68,64,112,66,32,8,181,164,72,40,18,75,195,170,36,189,32,8,138,0,85,153,112,172
33,8,107,78,68,147,195,112,68,0,117,2,48,73,181,36,72,168,18,74,193,162,36,189,2,40,162,0,87,171,112,172
2,135,2,140,148,193,188,103,4,5,88,163,40,14,50,64,108,51,131,133,82,136,0,221,32,32,138,193,21,12,180,200
2,144,18,152,50,132,56,66,30,9,80,50,140,158,32,72,231,25,147,145,2,156,2,215,13,22,154,194,144,0,33,129
2,131,34,136,148,128,172,103,4,5,88,135,40,46,50,64,108,35,147,133,214,136,4,221,32,32,138,193,21,12,181,200
35,201,99,136,68,145,142,229,68,64,80,66,32,8,180,228,72,42,18,207,199,170,36,253,32,8,142,128,93,28,248,140
2,0,82,136,116,129,168,64,172,0,112,2,140,138,96,0,106,9,23,144,2,32,0,209,20,16,138,232,20,8,33,128
48,0,66,136,68,3,232,64,37,0,240,2,10,138,48,64,120,136,6,161,8,179,0,204,144,32,138,0,5,8,115,128
2,149,2,136,147,224,184,99,12,1,74,163,44,190,32,64,230,59,147,145,18,136,16,215,41,36,154,195,148,4,165,82
2,149,18,136,147,225,56,99,6,1,74,178,44,54,32,64,111,27,147,144,18,136,16,215,9,36,154,195,148,0,165,18
2,135,34,136,146,193,184,103,6,69,88,167,44,142,50,64,110,27,147,149,150,136,4,213,40,0,138,195,21,12,181,93
3,200,99,204,4,145,135,228,68,64,112,66,48,8,180,228,72,32,18,203,197,168,36,189,32,40,170,128,87,28,112,172
48,0,66,128,84,8,232,64,41,0,242,2,10,136,52,64,122,169,6,129,8,179,0,200,144,168,130,0,101,8,115,128
2,148,18,152,147,228,56,67,62,1,72,19,12,158,32,64,231,27,147,145,18,136,18,215,9,36,154,203,144,4,165,147
33,72,107,204,68,131,207,112,69,0,116,2,48,73,181,36,88,232,18,234,193,162,36,189,112,40,162,8,117,187,112,168
2,149,18,152,147,224,176,99,12,1,74,50,44,190,32,64,231,59,147,145,18,136,16,223,9,38,154,67,144,68,165,19
33,201,99,204,68,145,134,228,68,64,112,66,32,8,180,164,72,104,18,203,199,170,36,189,32,40,130,0,95,28,112,172
59,72,65,172,4,16,198,180,69,64,208,70,35,8,177,224,72,224,30,71,205,163,4,189,178,104,138,144,63,189,120,12
2,149,16,136,147,225,184,99,4,1,72,162,44,62,32,64,111,27,147,128,18,8,0,223,41,36,154,195,20,72,165,155
3,193,2,136,20,145,140,229,4,64,80,199,32,8,50,64,72,42,19,197,198,136,4,157,32,32,138,128,29,28,184,220
2,135,0,137,148,163,168,111,6,37,90,151,0,46,58,64,125,2,147,181,50,152,65,215,44,6,154,197,148,76,180,64
6,219,164,158,20,194,154,232,22,53,81,167,96,238,122,67,93,85,179,215,194,72,15,181,8,34,223,197,148,15,52,88
134,207,0,154,148,163,142,175,20,71,89,151,64,110,58,65,93,67,147,231,112,8,8,247,40,38,158,196,148,95,180,88
2,193,0,140,132,129,12,37,4,0,80,2,0,2,48,64,64,2,19,129,80,8,0,149,32,32,142,192,20,8,176,8
2,128,32,142,4,129,138,44,68,0,81,2,96,72,56,64,88,0,19,227,192,8,8,181,32,32,138,192,20,11,176,8
3,195,0,136,20,128,140,165,4,68,80,135,32,8,50,64,72,3,19,197,214,8,4,157,40,32,142,192,29,12,184,92
3,193,0,140,132,128,140,165,4,64,80,199,32,8,50,192,72,2,19,197,213,8,4,189,32,32,142,128,28,28,184,28
2,195,32,140,132,129,12,37,4,68,80,135,32,14,50,64,68,3,147,133,208,8,4,157,32,32,142,192,28,12,180,88
3,193,0,140,4,144,140,37,4,64,80,199,32,8,50,64,64,2,19,5,212,8,4,157,32,32,138,128,28,28,184,28
25,0,42,160,68,2,168,80,192,64,210,131,17,14,50,66,110,133,31,165,132,147,4,200,208,97,170,132,37,8,49,208
144,0,14,172,20,130,72,64,20,0,211,2,19,138,48,73,112,172,61,129,8,145,131,4,208,225,186,128,52,8,48,0
2,131,32,140,148,129,12,37,4,4,80,135,32,10,50,64,64,3,147,133,210,8,4,149,32,32,138,193,20,12,176,88
3,200,1,140,4,16,140,164,68,64,80,199,32,8,178,224,72,96,18,197,197,8,4,189,32,32,138,128,29,28,56,12
18,0,98,201,4,144,168,64,76,17,82,2,136,138,116,107,104,9,51,145,130,176,39,192,4,8,154,192,21,8,113,132
114,0,64,129,68,8,200,0,41,32,176,10,14,10,84,16,106,129,21,129,8,34,64,192,148,136,138,176,101,8,67,0
3,192,33,140,4,145,140,229,68,64,80,70,32,8,180,224,72,0,19,197,197,40,4,157,32,40,142,128,29,28,184,12
2,0,210,153,116,161,184,66,31,11,80,18,140,138,112,72,239,9,19,145,34,148,2,211,12,22,154,194,148,8,33,129
2,135,0,136,146,224,24,35,4,5,88,163,8,38,32,64,102,19,147,132,18,8,0,213,40,32,138,193,20,4,181,80
35,200,97,204,4,145,135,244,68,64,80,66,32,8,181,100,72,96,19,75,193,32,36,189,32,40,130,128,87,156,112,172
7,8,99,206,4,2,131,80,68,192,82,66,112,72,181,100,72,96,18,203,129,160,36,168,0,40,130,128,87,171,112,36
3,199,0,136,20,129,140,231,4,5,88,135,32,8,50,64,76,3,131,197,214,8,4,157,40,0,142,193,29,12,184,220
50,0,66,225,68,2,232,80,1,32,114,2,11,10,52,64,106,133,21,161,8,178,1,192,146,233,130,132,101,136,112,128
2,129,0,140,132,129,12,37,4,0,80,2,0,2,32,64,64,2,19,128,80,8,0,149,32,32,138,192,20,8,176,8
2,135,32,136,150,225,152,99,4,5,88,163,0,14,50,64,76,19,147,149,18,8,0,149,8,0,138,193,149,12,180,80
2,52,144,152,27,229,176,66,30,19,72,19,12,158,96,72,229,27,147,145,18,12,18,215,9,22,154,107,144,76,37,147
2,149,0,136,147,225,152,98,6,5,88,163,8,30,32,64,75,27,147,145,18,8,0,213,9,4,138,195,148,12,53,18
2,149,32,152,147,225,152,99,22,5,72,179,12,158,34,64,75,27,147,145,50,8,0,215,41,4,154,227,149,12,181,210
3,197,32,140,132,129,12,167,4,66,88,135,32,14,50,64,64,3,19,197,212,8,4,149,40,32,142,192,20,12,176,88
2,131,32,136,148,129,140,101,4,4,80,135,32,8,50,64,76,3,147,133,214,8,4,213,40,0,142,193,20,12,176,64
130,145,32,152,147,193,152,99,22,85,64,179,12,158,34,64,79,27,147,145,114,10,18,215,9,6,154,235,20,12,181,210
2,135,0,136,146,225,24,99,6,5,88,163,8,46,32,64,78,19,147,145,18,8,0,213,8,4,138,195,148,12,180,82
2,149,18,152,219,225,176,99,142,21,72,163,44,190,32,65,239,27,147,129,18,11,18,213,25,0,154,235,145,76,165,211
2,128,242,249,116,168,120,2,127,3,114,16,140,138,52,88,227,43,23,17,178,188,0,215,14,254,18,192,148,128,113,1
3,205,32,140,148,129,140,39,68,64,88,199,32,40,50,64,64,34,19,197,197,136,4,159,32,36,142,128,28,28,184,92
2,131,32,136,148,129,140,37,4,4,80,135,0,12,50,64,72,2,131,133,208,8,4,149,40,32,138,193,20,12,148,64
34,0,226,213,84,18,232,90,87,161,114,18,8,9,148,72,121,140,51,144,176,252,33,207,14,46,146,192,231,136,112,136
2,148,144,152,19,225,16,66,22,3,72,179,12,150,96,72,207,27,147,144,18,12,16,210,9,6,154,67,144,76,37,146
35,72,66,156,68,144,142,228,86,66,80,199,32,136,183,224,72,232,18,197,199,42,6,249,50,44,154,136,29,156,120,156
11,16,178,216,115,181,56,82,31,75,84,49,12,159,102,108,231,27,151,144,150,140,48,211,75,95,26,226,146,4,37,247
3,195,32,140,132,129,140,37,4,68,80,135,0,8,50,64,72,2,19,133,212,8,4,149,40,0,142,192,28,12,152,92
28,140,138,182,148,2,78,179,20,131,82,18,115,107,57,64,121,230,21,177,56,216,9,174,232,231,239,68,164,232,48,0
139,50,178,152,51,213,185,82,30,95,84,55,140,150,230,236,231,25,147,144,167,4,50,210,11,22,26,235,154,4,45,247
3,205,99,204,20,145,143,230,68,64,88,194,32,140,180,228,72,42,18,205,199,170,36,253,32,44,154,136,21,28,240,236
0,133,18,141,117,140,176,103,60,9,74,0,172,184,48,64,160,43,2,1,82,184,16,223,45,52,18,66,0,8,161,139
40,205,104,206,84,129,199,244,68,0,124,2,49,137,180,32,72,234,19,74,194,170,46,189,98,13,160,8,117,138,112,168
3,192,0,140,4,145,140,165,68,64,80,199,32,8,178,224,72,32,19,197,197,8,4,189,32,32,138,128,28,28,184,12
2,131,98,136,82,128,188,103,134,5,88,167,44,142,38,64,110,59,147,133,210,10,2,221,48,36,154,201,21,4,165,217
2,131,32,136,148,129,140,37,4,4,80,135,0,10,50,64,76,2,147,133,212,8,4,149,40,32,142,192,20,12,180,80
2,133,18,153,116,175,168,99,60,9,90,0,172,170,52,64,224,42,19,1,18,152,0,221,13,62,154,192,128,0,241,136
2,128,98,217,116,187,184,66,124,1,122,146,172,142,180,96,110,57,147,145,146,184,36,215,6,60,154,192,150,140,97,148
56,5,98,108,84,147,194,114,69,0,124,2,51,137,181,32,88,168,6,105,200,186,36,157,82,233,160,0,119,137,112,140
130,48,144,152,11,133,184,64,30,25,0,18,12,150,96,9,236,25,147,144,2,68,18,208,1,16,218,170,144,0,33,147
2,140,2,157,20,131,42,106,150,1,90,2,96,234,48,64,120,40,51,129,2,152,0,191,60,38,139,200,20,42,48,8
34,0,98,204,102,131,248,80,141,68,212,135,8,143,183,64,126,185,151,165,128,179,4,204,18,40,138,136,55,140,116,208
0,192,82,136,116,137,168,71,172,1,120,2,172,130,32,64,226,41,6,0,66,185,0,213,148,48,10,72,20,8,33,137
3,193,32,140,4,145,140,37,68,64,80,199,32,8,50,64,72,2,19,133,196,40,4,157,32,32,142,128,29,28,184,92
134,6,32,138,132,34,142,15,84,38,89,151,64,104,58,64,89,6,19,167,164,4,12,130,32,2,143,132,29,127,184,68
33,201,106,204,118,131,255,116,69,64,116,6,49,9,182,96,122,168,19,239,194,186,36,253,102,41,162,128,117,152,112,249
0,193,0,136,148,129,12,37,4,0,80,2,32,8,32,64,72,0,2,0,80,8,0,157,40,32,142,64,20,8,176,8
48,72,114,236,86,145,222,116,69,64,112,2,43,136,181,32,122,169,6,227,200,171,36,253,50,233,130,40,117,158,114,141
2,156,2,153,19,192,56,99,60,1,74,162,172,214,32,64,102,59,147,128,18,152,0,255,4,38,154,195,20,0,37,26
3,192,32,140,4,145,140,229,68,64,80,71,32,8,50,192,72,0,19,197,197,40,4,149,32,32,142,128,29,28,152,12
130,37,18,128,6,161,184,66,14,0,24,18,12,2,32,0,34,11,2,16,34,144,0,212,4,0,138,128,20,72,33,128
35,201,99,205,20,147,175,101,68,64,82,194,40,12,180,228,78,51,18,237,197,184,36,253,36,40,138,128,85,12,241,252
2,143,2,141,150,195,46,231,4,5,90,163,40,38,32,64,100,51,147,132,82,152,0,255,44,38,154,193,20,12,181,72
56,233,74,168,84,131,78,244,4,0,112,10,51,137,48,16,72,168,23,195,74,154,0,61,242,193,164,168,53,154,114,136
3,200,97,206,4,145,134,228,68,64,80,66,32,8,180,228,72,96,18,77,197,40,100,189,32,40,138,128,93,30,112,108
33,201,99,76,20,131,175,253,68,0,112,66,56,64,180,164,120,34,2,232,195,168,36,253,32,8,134,64,87,152,241,172
2,143,2,140,148,131,46,39,4,5,90,163,32,38,50,64,100,35,131,133,82,152,0,253,32,36,138,193,20,12,180,72
3,200,1,140,4,145,142,228,68,64,80,70,32,8,182,224,72,96,18,197,197,168,4,189,32,40,138,128,29,28,120,12
3,193,0,140,4,145,140,165,4,64,80,199,32,8,50,224,72,2,19,133,197,8,4,157,32,32,142,128,28,28,184,12
3,203,0,136,148,147,140,165,4,68,80,135,32,8,50,64,72,34,19,197,214,8,4,189,40,0,142,192,28,12,152,92
112,0,66,128,4,2,136,64,32,32,178,10,2,10,32,0,120,132,14,128,8,179,1,192,144,0,138,16,69,8,112,0
2,139,32,136,148,129,142,165,4,68,80,135,0,44,50,64,76,2,147,197,212,8,4,181,40,32,142,193,21,12,148,72
2,135,32,140,132,129,12,39,4,5,88,135,32,40,50,64,68,3,147,133,212,8,4,149,32,32,142,193,20,12,180,64
128,0,148,153,78,0,168,0,140,18,16,18,140,10,96,75,107,1,10,128,34,68,66,192,4,0,218,8,21,8,49,128
2,148,0,152,19,225,152,66,22,5,72,179,12,158,32,72,79,27,147,145,18,8,16,215,9,4,154,227,148,12,53,146
3,131,32,136,132,129,140,37,4,4,80,135,32,12,50,64,68,3,147,133,212,8,4,149,32,32,138,193,20,12,180,88
128,0,0,145,68,1,168,64,132,48,144,18,136,10,96,67,104,129,10,128,32,48,64,192,20,0,202,32,21,8,49,128
3,201,0,140,148,145,140,165,68,64,80,199,32,40,50,224,64,2,19,197,215,8,4,189,32,32,142,192,28,28,184,28
2,131,0,136,144,193,136,97,4,5,80,135,0,14,48,64,76,19,131,133,82,8,0,213,40,0,138,193,20,12,180,80
2,0,0,136,4,1,136,0,4,0,16,2,0,2,32,64,72,0,2,128,0,0,0,144,0,32,138,128,21,8,48,0
2,149,0,136,146,225,24,35,4,5,88,163,8,38,32,64,70,19,147,144,18,8,0,213,40,0,138,195,148,72,165,18
2,131,0,136,132,129,12,37,4,4,80,135,0,12,50,64,76,3,147,133,82,8,0,149,40,0,142,193,20,12,180,64
3,193,32,140,4,129,12,37,68,64,80,3,32,8,50,96,64,2,19,5,212,8,4,149,40,0,142,192,20,12,144,76
35,201,35,140,20,145,142,228,68,64,80,66,32,8,180,228,72,40,18,193,199,168,36,253,32,40,138,128,29,28,120,236
2,193,32,140,132,129,12,37,4,0,80,2,32,8,48,64,64,2,19,1,208,8,0,149,32,32,142,192,20,8,144,8
2,149,50,136,151,225,184,99,4,1,88,162,44,158,32,64,110,27,147,145,18,136,16,213,9,4,138,195,149,12,165,211
40,72,106,204,84,131,203,112,68,0,116,2,49,201,180,100,88,40,19,234,192,162,36,189,66,41,162,136,119,136,112,168
130,48,144,152,19,225,16,66,30,3,0,50,12,150,96,72,239,25,147,144,2,4,18,210,9,6,154,99,144,8,37,18
3,72,35,140,4,16,138,228,68,64,80,70,32,8,181,228,72,96,18,207,197,160,36,189,32,40,138,128,29,61,120,44
34,72,98,206,84,147,202,112,69,0,116,2,32,9,180,100,72,168,19,202,192,170,36,253,34,40,130,128,119,139,112,172
3,8,33,140,4,16,138,128,68,64,80,66,32,8,181,228,72,96,18,199,133,160,36,185,0,40,138,128,29,61,48,108
32,201,98,204,84,145,134,101,68,0,112,2,32,8,52,96,72,42,2,193,194,168,36,189,34,40,130,0,85,140,240,140
2,129,34,140,20,128,140,39,4,1,88,2,32,42,48,64,72,35,19,193,210,136,0,221,32,32,138,192,20,8,176,8
3,195,0,136,20,129,140,165,4,68,80,199,32,8,50,64,72,2,19,133,214,8,4,149,32,32,138,192,29,12,184,92
2,20,0,136,147,225,152,66,6,5,8,163,0,190,96,64,77,27,147,145,18,8,16,212,9,6,154,195,148,76,20,82
2,193,32,136,4,129,140,37,4,64,80,131,32,12,50,64,72,2,19,133,210,40,4,149,32,32,142,192,21,12,176,88
2,193,32,140,20,129,140,37,68,0,80,66,32,8,48,192,72,2,19,1,208,40,0,149,32,32,138,192,21,8,184,8
7,201,32,130,132,16,142,165,68,64,16,71,64,104,179,224,72,66,18,199,213,8,12,160,32,0,143,128,29,127,184,12
3,193,32,140,4,145,140,37,68,64,80,199,32,8,50,96,64,0,19,133,197,8,4,157,32,32,142,128,28,28,184,92
3,193,32,140,4,128,140,37,4,64,80,131,32,12,48,64,72,1,19,133,212,40,4,149,32,32,138,192,20,12,176,80
2,129,0,140,132,128,12,37,4,0,80,2,32,2,48,64,64,3,19,129,80,8,0,213,40,32,138,192,20,8,176,0
130,4,2,152,4,32,136,2,20,2,88,18,0,42,48,72,73,0,19,129,32,4,0,194,0,38,154,128,148,72,48,0
34,129,65,137,212,137,172,231,12,1,88,66,172,40,48,192,106,170,19,193,83,184,64,221,44,48,142,224,93,8,241,136
2,133,34,140,149,226,168,99,4,1,91,2,104,106,56,64,120,35,19,161,18,152,21,205,41,36,138,65,149,74,176,130
66,201,0,138,28,129,10,228,134,16,208,2,32,192,56,64,64,104,59,195,66,41,10,181,48,32,138,184,20,27,48,136
34,217,56,136,126,133,191,229,140,8,80,42,60,158,36,0,238,59,19,65,210,43,2,253,121,24,46,234,21,24,161,139
2,253,0,138,16,129,138,230,6,69,88,167,32,206,114,64,77,123,147,215,2,8,8,253,40,6,143,224,148,31,180,88
6,205,0,138,148,129,14,165,4,1,89,66,64,106,56,64,72,66,19,195,82,8,8,181,40,32,142,192,28,90,184,0
34,74,98,142,84,209,138,96,128,196,112,175,32,204,55,0,72,168,131,71,196,58,38,189,18,1,138,169,85,46,118,220
56,201,82,204,86,129,207,244,5,0,116,130,57,7,180,68,110,184,151,202,66,170,0,253,114,233,166,192,119,152,224,136
58,201,64,234,84,129,94,244,5,0,84,131,57,79,48,64,76,248,23,206,74,10,8,189,114,201,160,200,55,158,112,216
50,217,106,204,87,211,146,100,69,76,84,167,32,28,54,96,200,184,147,193,206,170,52,253,51,40,128,139,119,12,116,223
6,56,18,130,66,129,186,64,172,0,113,162,12,158,97,1,46,57,147,211,2,147,2,224,20,0,10,234,69,11,39,145
3,217,99,200,22,145,143,245,68,64,84,226,56,14,180,228,110,18,19,203,195,8,36,253,32,40,142,194,23,156,241,189
3,133,2,136,150,144,172,103,76,65,90,70,44,8,182,224,98,35,18,197,215,184,36,221,36,40,138,192,29,12,249,76
53,8,99,76,68,146,227,112,69,128,119,66,107,72,181,228,120,168,6,234,137,179,36,140,18,232,128,0,119,171,112,164
0,128,6,153,20,170,40,34,28,1,82,18,172,2,32,72,98,44,34,0,48,156,65,223,4,54,154,64,148,8,49,8
2,135,2,137,178,160,56,39,44,5,90,135,172,46,50,64,103,3,147,133,150,152,4,215,44,54,154,192,156,4,169,80
2,144,182,153,55,164,184,2,62,89,90,51,172,158,32,72,231,27,179,145,146,152,2,213,13,54,26,194,148,4,37,67
2,144,54,153,52,170,184,2,124,9,82,50,172,154,48,72,231,59,147,145,178,188,1,215,12,54,26,194,148,8,33,131
2,139,6,152,146,192,184,231,132,21,90,163,44,174,48,64,110,51,187,145,82,137,2,245,40,32,158,201,21,4,165,217
82,145,18,136,147,196,56,103,172,1,202,2,44,178,32,64,230,51,170,144,18,137,18,205,185,36,26,74,128,0,161,10
40,201,106,200,84,131,199,252,68,0,116,2,49,201,180,0,88,168,19,106,194,170,32,189,98,9,166,0,117,184,112,168
2,148,18,137,179,164,184,99,60,9,90,48,172,62,32,64,231,59,147,16,50,152,0,223,12,52,26,194,144,0,161,155
2,151,66,136,211,193,188,103,12,69,72,163,44,62,38,64,111,27,147,129,86,138,16,213,41,36,138,195,21,12,181,210
2,135,6,156,144,128,44,103,20,5,88,163,40,38,32,65,108,51,131,133,50,136,2,253,32,34,218,193,20,4,165,72
41,72,99,78,84,147,195,80,69,64,116,66,49,201,181,164,88,168,22,203,203,162,36,189,34,8,128,136,119,191,112,172
2,149,34,136,147,196,184,103,12,69,72,135,44,158,34,64,238,27,147,129,82,10,16,213,41,32,138,75,20,12,181,218
2,149,18,136,179,133,56,103,14,9,88,32,172,190,32,64,228,59,147,129,18,136,0,213,41,52,10,202,16,4,161,155
35,72,99,206,84,145,202,244,69,64,116,70,32,136,183,228,72,168,18,79,199,170,36,189,34,40,130,136,95,159,120,140
35,200,98,136,84,145,138,228,70,64,80,199,32,136,182,96,72,40,18,197,198,168,36,253,34,40,138,192,93,156,120,220
2,195,98,136,20,193,140,229,6,69,80,163,40,140,54,64,72,43,147,197,86,8,6,221,40,36,138,193,21,12,180,220
2,145,18,136,147,197,176,103,6,1,72,3,44,190,32,64,232,27,147,129,82,136,16,221,41,36,154,67,17,12,181,218
2,149,18,136,181,164,184,103,14,9,90,0,172,178,32,64,196,35,19,0,18,136,16,213,41,54,26,194,16,0,161,139
3,201,3,140,20,145,140,101,68,64,80,71,32,8,176,224,72,34,18,69,197,136,4,189,32,32,138,128,28,12,184,12
2,64,0,136,4,1,132,132,4,0,16,2,0,8,48,64,72,0,19,1,0,32,0,144,32,0,142,128,21,24,176,0
2,149,0,136,147,193,148,103,4,5,88,163,44,190,32,64,75,27,147,129,82,8,0,221,41,6,158,227,21,12,165,218
37,72,107,78,4,18,199,144,68,192,84,66,113,64,181,100,88,100,18,106,193,160,44,40,96,41,163,128,53,187,112,104
2,149,0,136,147,225,144,71,6,1,72,2,12,158,96,64,201,27,147,145,18,8,16,213,41,4,138,99,148,8,180,146
3,200,3,140,4,128,142,164,68,64,80,199,32,8,181,228,72,96,18,205,197,168,4,189,32,40,142,128,29,28,48,28
2,145,0,136,151,193,156,229,6,1,64,131,0,158,32,64,72,27,147,209,82,8,16,245,41,0,142,99,148,12,180,218
3,201,35,140,4,144,142,229,68,64,80,199,32,8,180,224,72,2,19,197,197,168,4,253,32,40,142,128,29,28,248,28
34,241,0,136,215,193,152,229,6,1,80,163,40,158,48,0,76,27,147,209,82,10,16,213,41,0,142,227,21,12,181,218
33,72,106,204,68,146,207,112,68,0,116,2,113,73,181,96,88,32,19,234,193,160,36,173,98,41,160,128,117,186,112,168
162,151,32,152,151,229,152,103,30,73,88,183,12,60,54,0,205,27,147,145,182,8,0,215,41,4,154,227,149,76,181,215
6,8,131,152,20,162,168,66,20,130,83,82,0,202,49,72,88,40,19,145,32,148,0,158,0,38,154,128,148,41,48,128
2,144,18,136,19,224,56,66,46,1,72,163,12,150,32,64,231,27,147,144,18,136,18,215,9,4,154,75,148,0,37,146
130,164,128,145,20,160,168,66,62,3,88,18,136,10,48,72,107,11,19,145,34,156,1,210,12,4,154,192,149,72,49,128
6,32,134,129,66,2,168,64,174,49,82,147,12,142,112,74,110,29,187,149,2,145,3,192,12,0,219,196,133,4,33,144
41,72,99,69,68,18,239,116,101,192,118,66,57,1,181,228,104,100,18,200,193,184,37,232,38,40,166,128,103,188,112,172
18,48,18,129,10,1,184,72,170,177,144,163,140,158,104,10,38,21,223,177,2,1,128,192,148,0,139,166,5,4,37,145
0,0,0,130,4,0,0,0,4,0,16,2,64,0,32,64,64,0,2,0,0,0,0,128,0,0,130,0,20,10,48,0
2,149,20,152,178,165,184,35,30,27,80,179,140,62,32,73,199,19,147,145,50,72,2,213,8,54,90,194,148,68,165,19
3,149,32,144,183,181,184,99,30,73,24,183,140,188,182,32,143,27,147,21,182,40,36,215,13,28,26,226,148,76,145,215
3,195,32,140,148,129,140,229,4,69,80,135,32,8,50,64,72,34,147,133,214,8,4,157,40,0,142,192,29,12,184,92
2,195,2,136,148,129,140,101,4,5,80,135,32,8,50,64,76,11,147,133,86,136,0,221,32,32,138,192,29,12,184,216
2,149,18,136,147,193,184,103,12,1,88,162,44,62,32,64,110,19,147,129,18,136,0,221,41,36,138,195,20,8,165,19
2,149,18,136,151,229,184,99,12,1,74,2,44,190,32,64,231,27,147,145,18,136,16,213,9,52,154,195,144,4,165,3
35,72,99,140,84,145,142,228,68,64,80,66,32,8,181,228,72,40,18,207,199,170,36,189,32,8,138,128,85,29,112,236
35,72,99,206,68,147,139,96,68,64,112,66,32,72,181,100,72,168,18,203,197,162,36,189,32,40,130,128,87,191,112,236
2,135,2,140,148,192,188,103,4,5,90,163,40,46,50,64,108,51,131,133,82,136,0,221,32,32,138,193,21,12,180,200
130,144,18,152,51,165,184,66,30,9,80,19,140,158,32,72,231,25,147,149,50,156,2,215,9,20,154,202,148,4,33,147
2,131,34,136,148,129,172,103,4,5,88,135,40,46,50,64,108,3,147,133,210,136,4,221,32,32,138,193,21,12,181,200
35,201,97,136,84,145,142,228,68,64,80,66,32,8,180,224,72,10,18,199,199,42,36,253,32,8,142,192,93,28,248,140
2,32,82,136,116,137,168,64,172,1,112,2,140,138,96,64,106,41,23,144,2,48,0,209,4,16,138,232,20,8,33,128
50,0,98,204,68,2,232,64,109,0,242,2,10,10,53,64,122,169,23,161,136,179,0,204,144,168,138,128,101,136,112,128
2,149,18,136,147,228,184,99,12,1,74,179,12,190,32,64,231,27,147,145,18,152,16,215,41,36,154,195,148,4,165,82
2,133,2,136,146,193,184,99,4,5,90,163,44,62,32,64,111,27,147,145,18,136,0,215,40,36,154,195,20,12,165,218
130,48,146,153,115,164,184,64,190,25,80,50,140,150,96,72,230,25,147,145,2,156,2,209,5,16,154,202,144,0,33,147
18,0,82,129,102,136,168,64,172,1,242,2,12,138,48,64,106,169,6,145,0,179,0,192,148,48,138,128,69,8,33,128
2,144,18,152,19,164,56,66,30,9,72,18,140,150,32,72,229,27,147,145,18,152,18,215,9,52,154,202,144,4,33,147
3,195,2,140,148,129,141,165,4,4,80,199,32,8,50,64,72,34,19,197,214,8,4,157,32,32,142,192,28,12,176,92
33,72,106,76,68,131,203,112,68,0,116,2,48,73,181,100,88,168,19,234,193,178,36,189,112,40,160,128,119,187,112,168
33,201,99,204,68,145,142,228,68,64,80,66,32,8,181,228,72,96,18,207,199,170,36,253,32,40,130,0,93,28,120,172
2,149,18,136,147,225,176,99,14,1,74,50,44,62,32,64,231,51,147,145,18,136,16,223,41,38,154,67,144,64,165,19
59,203,96,172,4,144,78,180,69,68,84,199,35,8,178,68,72,224,23,207,204,8,4,189,226,105,174,128,63,156,248,92
3,195,34,136,20,145,140,101,4,68,80,135,32,8,50,64,76,43,19,197,214,136,4,189,32,0,142,128,29,12,184,220
6,219,164,158,28,130,154,232,150,117,81,167,96,238,122,67,77,89,179,215,194,72,15,181,8,34,207,197,148,47,52,88
134,206,160,154,148,3,142,172,22,87,81,151,64,108,58,73,93,67,147,247,240,72,12,191,40,6,223,196,148,127,180,88
2,193,0,140,132,129,12,165,4,0,80,2,0,2,48,64,64,3,19,129,80,8,0,149,32,32,138,192,20,8,176,8
2,0,0,136,4,0,136,0,4,0,80,2,0,8,48,64,72,0,19,129,0,32,0,144,0,32,138,128,20,8,48,0
3,201,1,141,164,153,174,165,76,64,80,70,172,8,180,224,198,35,18,71,213,40,4,253,36,24,142,194,28,28,153,13
2,192,32,142,4,129,138,236,68,0,81,2,96,72,56,64,88,0,19,227,192,32,8,181,32,32,138,196,20,11,176,8
3,195,32,140,20,129,140,165,4,69,80,135,32,8,50,64,76,35,19,197,214,8,4,157,40,32,142,192,29,12,184,92
3,201,0,140,132,145,140,229,68,64,80,199,32,8,178,224,72,2,19,197,197,40,4,189,32,32,142,128,29,28,184,12
3,193,0,140,132,128,140,165,4,64,80,199,32,40,50,192,72,2,19,197,212,8,4,157,32,32,142,128,28,28,184,28
2,193,32,140,132,129,12,37,4,68,80,135,32,14,50,64,68,3,147,133,208,8,4,157,32,32,142,192,28,12,180,88
2,151,34,140,53,167,152,99,12,77,90,183,36,40,50,64,204,35,147,133,150,136,0,223,40,54,154,195,28,12,184,95
3,201,1,140,4,145,142,164,68,64,80,198,32,8,177,228,72,96,18,207,197,40,4,189,32,32,138,128,29,28,184,12
2,16,18,136,107,133,184,64,174,8,16,2,172,154,96,64,230,57,10,16,2,3,18,209,145,16,10,106,16,0,33,139
2,131,32,140,148,129,12,37,4,4,80,135,32,42,50,64,64,3,147,133,208,8,4,149,32,32,138,192,28,12,184,88
152,0,10,172,20,130,128,64,52,0,210,18,19,136,48,72,120,172,61,1,8,181,1,132,208,227,186,192,52,8,48,0
146,0,98,217,6,128,168,64,76,81,82,18,136,138,116,105,106,9,55,145,130,176,7,192,132,8,218,192,21,8,113,132
3,192,33,140,4,145,140,229,68,64,80,66,32,8,180,224,72,0,18,197,197,40,36,157,32,40,142,128,29,28,184,12
2,32,178,153,116,165,184,66,31,11,80,18,140,138,112,72,207,25,19,145,130,20,2,211,14,22,154,226,148,8,33,129
2,135,0,136,146,224,24,35,4,5,88,163,8,38,32,64,102,19,147,132,18,8,0,213,40,32,138,193,20,4,181,64
35,200,97,204,4,145,135,244,68,64,84,66,32,8,181,100,72,96,19,75,193,32,36,189,32,40,130,128,87,152,112,172
34,0,80,128,100,8,200,0,137,0,176,10,143,10,52,0,106,129,23,129,0,34,64,208,148,216,138,184,21,8,65,128
2,199,32,136,20,129,140,231,6,5,88,135,32,8,50,64,76,11,147,197,214,8,4,157,40,4,142,193,21,12,184,204
2,48,150,152,107,133,184,64,142,24,80,34,140,158,96,11,230,25,147,145,2,67,2,208,1,16,218,170,20,8,33,147
2,193,0,140,132,129,140,37,4,0,80,2,32,10,32,64,72,2,19,0,80,8,0,149,32,32,138,192,20,8,176,8
2,52,144,152,27,229,144,66,158,23,8,19,12,158,96,8,233,27,147,145,18,14,18,210,9,22,154,107,145,76,37,210
3,197,32,136,132,129,140,167,4,68,88,135,32,44,50,64,73,2,19,133,212,8,4,157,32,36,142,192,20,28,176,92
3,195,0,136,4,145,140,229,4,64,80,199,32,8,50,64,72,2,19,133,198,40,4,157,32,32,142,192,29,28,184,92
3,131,32,140,132,129,140,37,4,4,80,135,32,8,50,64,72,2,19,133,212,8,4,149,32,32,142,192,28,12,184,76
130,145,32,152,147,193,152,99,22,85,64,179,12,158,34,64,75,27,147,145,114,10,18,215,9,6,154,235,20,12,181,210
2,131,32,136,148,129,156,103,4,5,88,135,0,14,50,64,76,3,131,149,82,8,4,213,40,32,138,193,20,12,180,64
2,131,0,136,150,193,24,35,4,5,88,163,0,38,32,64,68,19,147,129,82,8,0,213,40,32,138,193,20,12,180,64
2,149,18,152,219,229,184,99,142,21,72,163,44,190,32,65,239,27,147,129,18,11,18,213,25,0,154,235,145,76,165,211
2,132,242,249,116,168,248,2,127,3,114,16,140,138,52,88,227,43,23,17,178,188,0,215,14,190,18,192,148,128,113,1
3,205,32,140,148,145,140,39,68,65,88,199,32,40,50,192,72,34,19,133,215,136,4,159,32,36,142,128,28,28,184,92
35,202,64,156,84,145,142,230,86,67,88,199,32,136,182,192,72,106,19,197,198,42,6,191,48,44,158,136,29,28,120,220
2,131,32,136,148,129,12,37,4,4,80,135,0,12,50,64,72,2,131,133,210,8,0,149,40,32,142,193,20,12,148,80
34,0,230,221,84,18,232,74,87,161,114,18,0,136,52,72,120,12,51,145,176,252,33,206,14,46,146,192,197,136,112,136
35,195,96,156,76,145,140,229,134,20,80,135,32,136,182,64,76,169,179,197,198,10,6,213,48,40,222,169,21,28,248,204
33,205,99,204,148,145,135,231,68,64,120,66,32,168,180,228,72,42,18,73,211,168,36,253,32,44,134,0,87,156,240,236
2,135,32,136,146,225,152,99,6,5,88,163,8,46,34,64,79,19,131,145,18,8,0,213,40,4,138,195,148,76,180,82
139,144,178,216,113,181,184,82,31,91,84,52,140,158,230,108,231,25,147,148,150,140,34,211,79,30,26,202,146,132,33,247
39,8,227,78,84,178,235,80,69,192,89,66,96,200,181,228,88,232,18,203,129,178,36,232,16,44,130,136,95,239,112,228
28,140,138,188,148,2,74,187,23,131,82,18,115,107,56,64,121,228,23,177,56,248,9,142,168,231,239,4,164,232,48,0
3,195,0,136,132,129,140,37,4,68,80,135,0,8,50,64,72,2,19,133,212,8,4,149,40,0,142,192,28,12,152,92
40,201,104,238,84,129,199,246,68,0,124,2,51,201,176,0,72,234,23,74,202,170,14,61,114,141,160,40,119,138,112,168
35,201,35,156,84,145,138,230,68,65,88,198,40,140,180,228,76,43,19,197,199,170,38,253,48,44,154,200,29,12,184,204
56,0,98,229,68,2,104,80,65,32,246,2,11,9,52,80,120,132,21,168,136,178,1,136,18,233,162,132,103,136,112,128
2,133,18,153,117,175,184,103,60,9,90,0,172,138,52,64,226,43,19,1,18,152,16,223,45,60,26,66,0,0,177,137
35,200,107,206,84,145,139,114,68,64,92,66,48,200,183,100,72,168,19,207,195,170,36,189,48,44,170,136,87,142,112,236
2,0,114,201,22,163,168,67,84,1,122,18,168,136,52,64,110,41,19,145,130,184,69,223,4,44,154,192,213,8,97,136
39,8,99,206,4,18,131,16,68,64,81,66,112,72,181,228,72,96,18,75,129,160,44,169,0,40,130,128,87,175,112,36
56,9,98,237,84,146,234,115,69,0,254,2,11,9,180,96,120,168,23,232,152,186,37,140,114,233,162,128,119,136,112,172
2,136,2,156,20,131,42,106,150,1,90,2,96,234,48,64,120,40,51,129,2,152,0,159,56,38,139,200,20,8,48,136
50,0,98,136,70,129,232,64,141,64,208,135,40,142,55,64,110,169,151,133,128,179,4,220,18,40,138,168,53,140,112,216
130,152,18,152,71,133,184,70,158,25,80,34,172,158,32,72,230,59,147,209,2,152,18,245,21,48,26,138,16,0,33,139
2,135,32,136,148,225,152,99,4,5,88,163,0,46,50,64,77,19,147,149,18,8,4,213,40,4,138,193,21,12,180,80
135,71,32,136,132,34,142,143,84,102,88,151,64,104,58,64,89,70,19,167,244,52,13,162,32,6,143,132,157,125,184,84
2,193,0,138,20,129,12,37,4,0,81,2,32,8,32,64,72,0,19,0,80,8,8,149,40,0,142,192,20,10,176,8
48,232,114,238,86,145,218,228,205,0,240,10,43,136,53,96,126,169,6,195,202,43,36,253,178,232,10,40,117,27,99,140
2,142,2,157,50,226,186,99,28,5,90,163,172,206,32,64,110,59,147,133,18,152,0,255,36,54,154,195,20,4,165,219
3,192,32,140,4,145,140,165,68,64,80,71,32,8,54,224,72,0,19,133,197,40,4,157,32,40,138,128,29,28,184,12
130,33,16,152,150,161,184,64,28,16,16,18,12,2,32,65,38,11,19,144,34,68,0,214,0,0,10,128,20,72,33,129
35,201,99,205,22,147,174,101,68,64,82,194,40,12,180,228,78,59,18,237,213,184,37,253,32,40,138,128,93,12,241,252
56,201,106,236,84,131,110,116,4,0,116,10,51,137,48,16,120,168,23,233,202,186,0,189,114,201,160,168,53,154,114,136
3,193,32,142,4,145,142,237,68,64,80,199,32,8,182,224,72,2,19,199,197,8,5,157,32,40,142,128,29,30,184,92
56,233,74,236,84,131,78,245,4,0,112,10,51,137,48,16,72,168,23,194,74,186,0,61,242,201,164,168,53,154,114,136
3,201,67,204,20,147,175,101,68,64,80,66,40,72,180,228,122,42,18,233,193,168,36,253,32,40,134,128,87,152,241,172
2,143,2,140,148,129,174,103,4,5,90,135,40,106,50,64,108,35,131,133,82,152,0,253,32,36,138,193,20,12,181,72
3,72,97,204,4,0,131,240,68,64,80,66,48,8,181,100,72,96,18,75,193,32,36,185,0,40,138,128,21,57,112,108
2,207,2,140,144,131,140,39,4,4,88,135,32,42,50,64,68,34,131,197,214,136,4,253,40,32,142,193,20,12,180,88
3,193,0,140,4,145,140,165,68,64,80,199,32,8,178,192,72,0,19,197,197,40,4,157,32,32,142,128,29,28,184,28
3,193,32,140,4,145,140,229,68,64,80,71,32,8,190,224,72,0,19,197,197,40,4,157,32,40,142,128,29,28,184,12
82,0,64,128,4,8,232,0,41,32,144,10,14,10,80,0,42,129,29,129,8,34,129,192,144,0,138,176,5,8,115,0
3,193,0,140,4,145,140,229,68,64,80,71,32,8,182,224,72,0,18,197,197,40,4,157,32,40,142,128,29,28,248,12
2,135,32,136,148,225,156,167,4,69,88,163,0,44,50,64,72,3,147,133,18,8,4,245,40,32,142,193,149,76,180,88
2,135,32,140,132,128,12,39,4,4,88,135,32,40,50,64,68,3,147,133,212,8,4,149,32,32,142,193,20,76,180,72
39,8,99,206,4,18,171,80,68,64,87,66,112,72,181,100,88,32,18,235,129,160,36,172,0,40,170,128,85,171,112,36
3,195,32,136,148,129,140,37,4,4,80,135,32,8,50,64,76,2,147,133,214,8,4,149,40,32,142,192,28,12,184,88
3,201,0,140,148,145,140,165,4,65,80,199,32,40,50,192,64,2,19,197,215,8,4,189,40,32,142,192,28,28,184,28
2,20,16,136,51,225,152,66,14,11,24,178,12,30,32,64,239,27,147,145,18,12,0,215,8,4,26,227,148,72,37,131
2,0,0,136,4,1,136,0,4,0,16,2,0,10,32,64,72,0,19,128,0,0,0,208,0,0,138,128,20,8,48,0
2,135,0,136,146,225,24,35,4,5,88,163,8,38,32,64,70,19,147,145,18,8,0,213,40,32,138,195,20,12,180,83
37,8,106,206,4,2,235,80,68,128,119,2,80,65,181,100,88,100,18,234,129,176,36,200,64,40,162,128,117,171,112,160
3,193,32,136,20,129,132,229,68,64,80,3,32,8,50,96,72,2,19,69,214,40,4,189,32,32,142,192,20,12,144,76
2,131,32,136,148,129,140,37,4,4,80,135,0,12,50,64,76,2,147,133,214,8,4,149,40,32,142,193,20,12,180,80
0,193,0,140,132,129,140,165,4,0,80,2,32,8,48,64,72,2,19,1,80,40,0,149,32,32,142,64,20,8,144,0
2,144,18,152,23,229,184,66,14,1,88,34,44,158,32,64,238,27,147,145,18,138,16,213,1,4,154,202,148,12,33,147
40,8,106,236,84,131,234,112,69,0,116,2,49,9,176,64,88,168,23,234,200,162,4,157,66,233,160,136,119,168,112,128
2,20,128,136,19,225,152,66,6,1,24,179,12,158,96,72,75,27,147,145,18,12,16,214,9,4,154,227,148,76,37,146
3,72,3,140,4,144,142,164,68,64,80,70,32,8,181,228,72,96,18,207,197,160,36,189,32,40,138,128,29,29,120,12
34,200,98,206,84,147,234,112,69,0,116,2,32,9,180,100,72,168,19,202,192,170,36,253,34,40,130,128,119,139,112,140
5,8,107,78,4,2,139,16,68,192,87,2,112,72,181,100,88,96,18,235,129,160,44,168,0,40,162,128,85,171,112,36
32,201,98,204,84,145,132,229,68,0,112,2,32,8,52,96,72,42,2,193,194,168,36,189,34,40,130,0,85,8,112,140
2,129,2,140,20,129,140,39,4,1,88,2,32,42,48,64,72,34,19,193,82,136,0,221,32,32,138,192,20,8,176,8
3,195,32,136,4,129,140,165,4,68,80,199,32,12,50,64,72,2,19,133,214,8,4,149,32,32,138,192,29,12,184,92
2,52,144,152,19,229,152,66,22,3,8,19,12,158,96,72,205,25,147,145,2,4,16,210,9,6,154,99,144,76,37,146
2,193,32,136,132,129,140,37,4,64,80,131,32,12,50,64,72,2,19,133,208,40,4,149,32,32,142,192,21,12,176,88
2,129,32,136,132,129,140,37,4,0,80,66,32,8,48,64,72,2,19,1,210,40,4,149,32,32,138,193,21,12,184,8
7,201,0,130,132,16,142,165,68,64,24,199,96,104,59,224,72,66,19,199,213,40,12,168,40,0,142,128,29,94,184,28
3,193,32,140,4,145,140,37,68,64,80,199,32,8,50,96,72,0,19,133,197,8,36,157,32,32,142,128,28,28,184,92
2,193,32,140,132,129,140,37,4,64,80,131,32,12,48,64,72,2,19,133,208,40,4,149,32,32,138,192,20,12,176,88
2,129,0,140,4,129,12,37,4,0,80,2,32,2,48,64,64,3,19,129,80,8,0,149,32,32,138,192,20,8,176,8
2,65,32,136,132,0,140,69,68,0,80,2,0,8,48,64,72,2,19,129,208,32,0,192,32,32,138,128,21,24,176,0
35,129,64,137,212,131,172,231,12,1,120,66,168,40,48,192,104,138,18,193,87,184,65,221,44,32,142,192,93,8,249,136
2,133,34,136,21,226,168,99,4,1,91,2,72,122,56,64,120,43,19,177,18,152,21,205,41,36,138,193,149,14,177,130
82,201,0,138,28,129,10,228,134,0,208,10,32,194,56,64,72,232,31,195,74,11,10,181,176,32,138,184,20,31,48,8
2,133,96,201,148,146,168,103,78,1,90,131,168,8,182,96,110,27,19,149,146,184,101,221,46,44,138,192,149,12,241,204
34,217,58,204,118,133,191,229,12,8,112,34,60,156,52,0,238,59,19,65,210,42,0,253,121,24,14,234,85,8,241,155
2,237,32,138,20,131,138,230,6,193,88,135,32,238,50,64,93,123,147,213,146,8,12,253,40,4,143,224,149,31,48,216
6,205,0,138,148,129,142,229,4,1,88,66,96,104,48,64,72,66,19,195,82,40,8,181,40,32,142,192,28,26,184,8
34,202,98,142,84,193,154,96,132,68,112,175,32,204,55,0,76,185,131,199,198,58,6,189,50,1,138,171,85,14,118,218
56,201,82,204,86,129,207,244,5,1,116,2,57,3,180,68,110,186,23,202,66,170,0,253,114,233,166,192,119,152,240,136
58,201,104,236,84,129,207,244,5,64,84,135,49,77,176,64,76,160,151,206,202,42,4,189,114,73,166,128,55,156,112,216
6,56,18,152,82,129,186,64,172,0,81,163,12,158,97,8,110,57,147,211,2,147,0,224,20,0,138,234,5,3,39,145
35,2,98,76,68,146,234,96,193,4,245,135,40,200,182,64,120,168,135,175,140,179,36,205,18,40,130,137,119,174,124,196
3,133,34,136,150,144,172,231,76,65,90,70,44,40,182,228,98,35,18,197,215,184,36,221,36,40,138,192,29,12,185,76
53,0,99,76,68,18,235,112,69,128,247,2,75,73,181,244,122,160,6,234,137,179,36,204,82,232,128,0,119,171,112,164
2,128,22,157,52,170,40,34,60,1,82,18,172,2,32,72,226,46,51,0,16,156,65,215,4,54,154,192,148,8,49,8
3,140,99,156,84,146,168,99,84,66,90,198,40,44,182,228,104,33,19,165,229,156,36,223,0,46,154,128,29,44,120,220
2,135,2,136,178,128,56,167,44,5,90,135,172,42,50,64,230,3,147,133,214,152,4,213,44,52,142,192,28,4,169,88
2,144,178,153,51,228,184,66,158,89,90,51,172,158,34,72,231,27,179,145,146,152,2,213,13,54,154,195,148,4,37,211
2,148,50,153,52,164,184,35,60,9,90,50,172,158,32,72,231,59,147,145,146,152,0,215,13,54,26,194,148,0,161,131
2,139,6,152,26,192,184,103,132,21,218,163,44,142,32,64,110,51,187,193,82,137,2,245,40,36,158,203,149,4,165,203
82,17,18,140,147,132,48,71,172,1,202,2,44,146,32,64,230,51,42,144,18,137,18,197,185,180,26,74,128,0,161,10
40,201,106,200,84,131,199,246,68,0,124,2,49,201,177,96,88,168,19,104,192,170,36,189,114,9,162,0,117,184,112,168
2,149,18,152,179,164,184,99,28,9,88,51,172,62,32,64,231,59,147,128,50,152,0,223,45,54,154,194,144,68,165,147
2,149,34,136,151,193,184,103,4,69,72,131,44,158,34,64,108,59,147,145,82,138,16,213,41,32,138,75,21,12,181,222
35,200,98,140,84,145,202,228,69,64,84,70,32,136,182,228,72,40,18,205,199,170,4,189,34,8,130,128,93,156,120,140
34,195,98,136,20,129,140,229,6,5,80,131,32,140,54,64,76,43,147,197,214,168,4,253,40,32,138,193,21,12,244,204
2,145,18,136,147,197,176,103,14,1,72,3,44,190,32,64,236,59,147,129,82,136,18,213,41,52,138,67,17,4,165,154
131,205,3,140,20,145,142,103,68,64,88,199,32,8,50,224,72,34,18,197,199,136,4,191,32,32,138,128,28,12,184,12
2,149,18,136,181,164,176,103,14,9,72,0,172,178,32,64,196,19,147,0,18,136,18,213,41,54,26,194,144,0,161,11
0,65,0,136,132,0,12,5,4,0,80,2,0,10,48,64,72,2,19,129,0,0,0,128,32,0,142,0,20,24,176,0
2,149,16,136,151,193,148,231,6,1,72,163,44,190,32,64,203,27,147,129,82,10,16,221,41,6,158,67,21,12,165,218
5,72,107,206,4,18,143,176,68,192,84,66,49,64,181,224,64,96,18,207,193,160,44,41,32,40,175,128,53,187,112,104
2,0,0,136,4,1,136,0,4,0,80,2,0,2,48,64,72,0,19,129,0,0,0,208,0,32,138,128,20,8,48,0
3,72,75,206,4,2,139,244,68,192,82,70,48,0,181,100,72,96,18,207,193,160,36,237,32,40,170,128,29,187,112,44
2,177,16,136,147,197,24,103,6,1,72,2,12,158,32,64,204,27,147,145,18,8,16,213,41,4,142,99,144,12,165,146
3,201,99,140,4,144,142,228,68,64,80,66,32,8,180,228,72,96,18,205,197,168,36,253,32,40,142,128,29,28,112,12
2,177,18,136,182,133,184,67,14,9,88,34,140,158,96,64,238,27,147,145,18,8,0,213,41,20,142,226,148,8,161,131
34,213,96,136,149,209,148,231,4,68,88,135,32,12,54,0,75,11,147,213,214,42,52,159,41,0,142,227,21,28,212,222
40,8,106,108,68,18,235,80,68,128,119,2,113,73,181,64,88,160,23,234,136,178,36,136,66,169,162,128,119,170,112,168
130,165,48,137,182,161,184,66,30,1,88,18,140,10,112,64,231,11,19,145,178,152,0,215,12,20,154,192,148,64,33,129
6,0,131,152,20,163,169,66,20,131,83,82,0,138,49,73,120,40,19,145,32,148,16,222,9,38,154,64,148,8,48,128
2,176,18,152,19,229,56,66,30,1,64,18,12,150,96,72,231,25,147,144,18,14,18,211,9,20,154,74,144,0,37,147
2,32,135,129,6,2,168,66,46,49,82,147,140,14,112,72,103,25,179,149,2,220,1,208,12,0,218,228,132,4,49,208
0,4,0,136,4,0,0,2,4,0,24,2,0,0,32,64,64,0,2,128,0,0,0,128,0,32,130,0,20,8,48,0
2,151,32,154,147,197,148,39,22,95,80,183,44,62,34,65,205,19,147,129,114,8,18,223,41,54,222,195,148,12,181,91
35,73,99,77,4,18,172,117,68,192,82,70,40,40,180,228,104,102,18,201,197,184,37,204,32,40,134,128,79,188,248,172
2,50,164,145,106,129,184,72,142,117,16,167,140,142,64,10,167,25,187,149,130,16,199,208,12,16,154,230,148,4,5,209
