0,193,0,140,132,129,12,37,4,0,80,2,0,8,32,64,64,2,2,0,64,8,0,149,32,32,138,64,20,8,144,8
33,201,97,140,4,145,132,228,68,64,80,66,32,8,180,224,72,32,18,193,199,168,36,189,32,40,138,0,93,28,248,204
32,72,106,78,68,145,195,112,69,0,116,2,48,73,181,4,72,168,2,74,192,170,32,189,98,9,160,0,119,155,112,168
128,204,0,156,132,32,14,166,20,2,88,18,32,40,33,73,65,98,2,66,96,76,0,191,32,38,158,0,20,120,144,8
1,200,166,158,20,146,138,160,86,64,82,3,96,200,51,96,64,96,51,71,134,232,46,189,0,34,218,0,21,47,48,76
2,129,0,128,148,129,28,37,4,0,16,131,0,14,48,64,76,19,19,133,82,8,0,149,40,0,142,192,20,4,144,80
2,52,146,152,19,229,56,66,30,19,72,18,12,158,96,72,229,27,147,144,2,12,18,210,9,20,26,107,144,64,37,147
2,149,18,136,251,165,184,66,142,25,88,18,140,186,32,64,229,27,147,145,18,11,18,215,25,20,154,234,144,64,33,131
24,128,226,177,20,170,104,18,117,1,114,18,139,43,16,64,107,174,23,144,186,188,65,199,142,239,146,64,231,136,112,0
32,128,230,85,20,2,224,58,119,161,118,2,64,169,180,108,120,172,51,168,176,248,5,204,14,46,211,68,231,136,112,172
35,72,99,206,4,145,131,244,68,64,116,66,32,72,181,100,72,96,18,74,193,160,36,189,32,40,130,128,87,159,112,172
10,128,242,217,52,184,56,18,127,81,86,144,189,143,176,76,39,27,151,29,146,156,39,215,78,127,58,192,150,132,1,33
6,140,162,150,148,2,166,239,86,131,90,18,96,104,61,65,89,102,2,51,240,248,8,174,40,46,223,132,197,122,240,0
134,77,2,154,148,34,134,167,20,130,91,18,64,96,41,64,81,102,2,34,112,148,8,234,40,38,143,132,148,123,176,0
44,0,106,108,68,18,194,80,69,128,117,2,83,73,181,96,88,160,6,42,136,178,36,140,66,233,160,0,119,170,112,128
0,1,146,153,228,136,168,134,172,17,88,2,140,130,96,74,226,11,27,80,18,56,2,225,4,16,26,72,148,24,161,128
2,133,2,136,146,192,24,99,4,1,88,163,40,22,32,64,74,19,147,129,82,136,0,221,40,32,138,195,20,8,165,154
35,201,97,140,20,145,132,229,68,64,80,71,32,8,180,224,72,40,19,197,199,168,4,189,32,40,138,128,93,28,248,140
2,149,16,136,147,241,56,35,6,69,72,167,12,62,34,64,103,19,147,145,22,8,48,213,9,36,138,195,156,4,165,87
0,133,2,141,148,170,32,35,44,1,90,2,160,32,32,64,72,38,19,0,16,152,65,143,36,52,138,64,4,72,144,8
35,193,32,136,84,129,12,229,4,64,80,135,32,136,50,64,72,8,19,69,198,10,4,149,48,0,142,232,28,28,152,216
2,129,0,136,132,129,12,37,4,64,80,131,0,14,50,64,68,19,147,133,80,8,0,213,40,32,138,192,20,12,176,80
2,148,18,152,19,164,56,66,30,9,66,18,12,150,32,72,237,25,147,144,50,140,16,215,1,6,154,66,144,0,33,3
2,149,16,136,147,225,144,98,12,1,88,34,12,30,32,64,106,27,147,144,18,8,16,213,9,0,138,195,149,8,33,147
97,201,98,76,92,145,134,101,192,0,244,10,32,128,180,116,72,106,18,74,197,43,38,189,50,40,130,56,87,24,242,172
99,201,67,204,84,146,206,101,197,64,244,66,34,2,180,244,72,162,22,202,205,171,36,189,48,40,138,136,21,12,120,172
131,145,2,136,49,133,184,98,60,77,88,183,44,158,34,64,236,43,147,133,22,138,16,215,1,36,154,202,24,4,49,211
18,0,226,197,6,128,232,64,9,1,82,130,136,142,116,72,110,61,55,129,128,145,128,192,146,60,154,128,165,132,49,128
58,217,80,170,83,193,94,229,5,0,80,163,45,150,32,80,110,155,151,194,90,10,8,253,176,224,142,203,53,26,164,155
55,8,99,79,68,155,226,112,77,64,247,66,66,72,181,228,120,168,22,235,141,179,36,204,18,40,130,128,127,175,120,164
56,144,90,233,102,129,120,80,37,16,116,162,29,31,32,89,110,153,134,144,10,146,64,193,86,201,34,224,55,128,34,131
2,17,22,137,23,167,176,66,44,25,82,50,140,154,40,73,226,25,51,144,18,152,19,196,13,32,26,70,144,8,33,131
6,0,18,136,52,162,168,64,172,9,219,2,140,138,48,64,234,1,31,177,16,131,0,196,144,148,138,204,144,10,49,129
35,72,99,78,84,145,202,228,69,64,80,70,32,200,181,228,72,104,18,207,199,168,38,189,34,40,130,136,95,159,120,140
2,148,18,152,155,165,48,66,142,25,74,2,140,190,32,72,229,19,187,16,18,9,18,213,9,22,26,74,144,64,33,147
130,48,146,152,105,133,184,64,158,27,16,16,140,158,96,73,231,25,147,17,34,69,2,210,13,16,90,234,144,0,33,131
66,0,80,128,108,137,248,0,139,16,48,0,140,138,116,11,238,1,127,145,2,32,130,208,6,24,202,168,20,0,65,129
1,131,0,136,148,128,4,37,4,4,80,135,32,2,50,64,64,2,2,133,84,8,0,213,32,32,138,64,28,12,184,16
130,32,16,152,104,133,184,64,168,24,48,16,140,138,96,11,198,17,31,17,2,1,130,192,132,16,90,170,16,0,33,129
2,48,146,152,105,165,184,66,142,25,16,48,140,158,96,74,231,25,155,16,2,5,18,209,13,20,26,234,144,0,33,131
32,104,6,140,76,131,128,72,134,160,16,2,32,192,113,2,72,40,106,195,2,99,130,152,16,0,131,40,21,41,16,128
1,141,54,220,23,132,184,103,108,73,90,2,44,42,52,96,164,99,51,129,214,184,18,253,41,62,26,64,81,0,161,14
2,195,32,136,148,129,12,229,4,5,80,135,32,10,50,64,68,2,131,197,210,8,0,157,40,32,142,192,28,12,180,88
0,193,0,140,132,129,12,37,4,0,80,2,32,10,32,64,72,2,2,128,80,8,0,149,32,32,138,64,20,24,176,8
35,201,97,140,20,145,134,229,68,64,80,66,32,8,182,224,72,32,18,69,199,168,36,189,32,8,138,128,93,28,248,140
32,72,106,78,68,147,195,112,69,0,116,2,48,73,181,36,72,168,2,106,192,170,36,189,98,9,160,0,119,187,112,168
2,193,0,140,132,129,12,37,4,64,80,131,32,46,48,64,68,19,19,133,80,8,0,157,32,32,142,192,20,12,176,88
3,195,32,140,20,129,12,37,4,68,80,135,32,12,50,64,64,2,19,133,214,8,4,149,40,32,142,192,28,12,184,92
2,131,0,136,132,129,140,101,4,4,80,135,32,14,50,64,76,3,131,133,82,8,0,149,32,32,138,193,20,12,180,80
128,204,0,156,132,32,14,166,20,2,88,18,32,42,33,73,65,98,2,66,96,108,0,187,32,38,222,0,20,120,144,8
1,200,166,158,28,144,138,160,214,80,82,3,96,200,51,96,64,104,51,71,134,232,46,189,0,34,218,0,21,47,48,76
7,0,35,136,76,18,168,64,196,64,211,66,8,138,189,230,120,41,26,171,133,131,38,192,16,40,138,140,21,46,112,228
5,0,38,206,12,145,168,64,196,64,85,2,96,200,181,236,72,40,58,203,133,163,38,216,18,40,138,8,21,47,56,164
3,193,32,140,4,16,140,165,68,64,80,3,32,8,54,96,72,0,19,133,196,40,36,141,32,40,142,128,21,28,240,76
2,199,32,136,20,129,136,231,6,5,88,135,32,8,50,64,76,11,147,197,214,8,4,253,40,4,142,193,21,12,188,220
2,193,32,128,148,129,140,229,4,64,0,135,32,12,50,64,76,2,19,133,210,8,0,149,40,0,142,192,20,12,144,88
3,72,7,140,12,16,138,164,196,64,80,70,32,8,177,231,72,96,58,199,197,161,6,185,32,32,202,128,29,61,48,12
3,72,65,142,4,144,142,228,68,64,80,66,32,8,181,228,72,96,18,207,197,168,36,189,32,40,138,128,29,63,112,140
2,180,144,152,147,229,48,66,30,17,72,19,12,158,96,72,231,27,147,144,18,8,18,211,9,4,154,107,144,68,37,146
2,193,32,140,4,129,140,37,4,64,80,131,32,12,48,64,72,2,19,5,192,40,4,149,32,32,138,128,20,12,144,88
3,195,0,136,5,133,140,37,4,76,80,135,32,8,50,64,200,2,19,5,212,40,4,157,32,32,142,192,28,12,184,92
2,149,16,152,155,229,176,67,30,17,72,18,12,158,96,64,239,27,147,144,18,10,18,213,9,4,154,107,144,76,165,146
2,195,32,152,148,193,156,231,22,5,80,179,40,140,50,64,77,11,131,149,82,8,2,215,40,4,158,233,21,12,180,200
2,149,16,136,219,229,184,99,142,25,88,2,140,190,32,64,229,27,147,145,18,11,18,215,9,20,154,234,144,64,161,131
2,132,18,152,112,160,184,2,191,9,88,16,140,170,32,64,231,11,23,16,50,172,0,215,140,22,26,192,148,64,33,129
3,193,33,140,4,16,132,165,68,64,84,66,32,8,183,228,72,96,18,73,197,40,36,189,32,40,142,128,85,28,248,76
18,128,66,177,20,170,104,50,61,1,114,18,175,43,20,72,107,171,38,145,58,188,65,215,142,255,146,192,231,128,113,0
2,148,50,248,49,165,184,66,63,9,88,48,172,190,36,64,231,27,23,145,178,136,0,215,138,190,26,194,148,4,33,1
35,206,96,156,84,145,142,230,86,66,80,199,32,136,182,224,72,104,19,69,198,46,6,191,32,44,154,168,93,28,120,204
32,128,230,85,84,2,104,51,117,161,118,18,1,41,52,108,120,140,55,152,184,252,1,206,14,110,210,64,231,136,112,140
35,200,98,156,68,145,142,230,84,66,84,199,32,136,183,224,72,104,18,207,197,174,6,191,50,46,154,136,93,156,120,140
3,201,33,140,4,145,134,165,68,64,80,66,32,8,180,228,72,66,18,77,197,40,36,189,32,40,142,128,21,28,176,44
35,72,99,206,4,145,135,228,68,64,80,66,96,8,181,228,72,96,18,203,193,168,36,189,32,40,130,128,87,159,112,236
18,148,50,248,51,245,152,82,31,73,88,51,12,159,38,96,231,27,151,145,150,140,34,215,139,86,26,194,146,4,37,87
38,141,162,158,148,130,166,233,86,131,82,2,96,104,60,65,89,102,34,33,176,248,8,206,40,46,207,132,197,104,240,0
35,72,98,156,68,144,142,230,84,66,80,70,32,136,183,228,72,232,18,207,197,174,38,239,50,46,202,136,95,189,120,140
6,141,130,158,148,34,134,167,20,130,91,18,64,96,41,65,89,102,2,34,112,208,8,234,40,38,143,128,148,123,176,0
39,8,227,222,68,50,234,80,85,194,91,66,104,232,181,228,120,232,18,207,133,182,36,232,18,46,130,136,63,255,112,236
56,0,98,236,68,2,72,80,69,128,118,2,67,9,52,80,120,140,6,169,136,178,68,136,82,233,160,128,119,168,112,128
3,195,0,136,148,129,140,103,6,69,88,135,32,10,50,64,76,35,19,133,214,8,4,157,32,0,142,192,28,12,184,88
2,193,146,153,236,136,184,198,174,17,24,2,140,138,112,74,230,11,31,81,18,41,2,241,12,16,26,232,148,24,161,137
2,129,2,136,146,193,152,103,4,5,88,163,40,14,32,64,74,27,147,129,82,136,0,221,40,36,138,195,20,12,165,139
33,201,99,140,84,145,134,228,68,64,80,66,32,136,180,224,72,40,18,193,199,168,36,189,32,40,138,0,93,28,120,172
2,149,0,136,147,241,56,99,4,69,72,167,12,62,34,64,111,19,147,145,22,8,20,213,41,36,138,195,156,4,165,87
35,193,96,140,20,145,204,245,69,68,84,135,32,8,182,68,72,2,19,205,198,40,4,157,34,40,138,192,31,156,248,220
56,0,66,236,84,131,66,120,5,0,113,2,115,201,49,0,88,168,6,34,8,162,0,157,82,233,160,8,119,170,112,128
130,128,18,153,38,137,184,64,190,17,82,18,172,138,48,73,230,41,19,145,2,156,2,213,4,48,26,200,148,8,33,129
2,145,96,200,146,209,156,103,4,5,88,162,8,46,164,96,78,19,147,129,82,8,36,213,40,32,138,195,21,12,180,28
2,149,0,136,147,225,24,66,6,5,88,163,8,38,32,64,79,19,131,145,18,8,0,213,8,4,138,195,148,12,52,82
0,133,2,141,148,170,32,35,44,1,90,0,160,32,32,64,200,38,19,0,16,184,65,143,36,52,138,64,4,72,145,8
35,193,32,136,84,129,140,229,4,64,80,199,32,136,50,64,72,138,19,69,198,10,4,149,48,0,142,232,29,28,152,220
3,201,2,142,4,144,142,165,68,64,80,198,96,8,178,224,72,96,18,197,197,168,4,189,32,32,138,128,29,30,184,28
58,0,66,236,4,2,72,80,5,0,242,2,75,9,49,64,122,141,23,160,8,179,1,140,146,233,162,128,119,168,112,128
2,131,32,136,148,129,12,33,4,68,80,135,0,14,50,64,68,3,147,133,208,8,0,213,40,32,138,192,20,12,180,80
2,129,0,136,132,128,12,33,4,64,80,131,8,14,50,64,68,19,147,133,80,8,0,213,40,32,138,192,20,12,176,80
3,195,0,140,20,129,140,229,4,65,80,199,32,8,50,64,72,3,19,197,214,8,4,157,32,32,142,192,28,12,184,28
0,193,0,136,4,129,12,37,4,0,80,2,32,2,32,64,64,0,2,128,80,8,0,149,32,32,138,64,20,8,176,8
2,176,16,152,27,229,176,66,30,25,72,18,12,158,96,72,229,27,147,144,18,14,18,211,9,20,26,106,144,0,33,147
3,201,33,140,4,144,142,229,68,64,80,198,32,8,182,224,72,98,18,199,197,40,36,189,32,40,142,128,29,28,248,76
3,197,0,140,132,145,12,167,68,64,88,199,32,40,50,192,72,2,18,5,197,8,4,149,32,36,142,128,28,28,152,92
2,0,0,136,4,129,8,0,4,0,80,2,0,2,32,64,72,0,19,128,0,0,0,213,0,0,138,128,20,8,48,0
40,8,106,238,68,131,203,112,68,0,116,2,113,73,177,64,72,160,19,202,128,162,32,189,66,169,162,128,119,171,112,136
130,144,18,152,19,165,56,66,62,9,66,18,44,146,32,72,229,57,147,144,50,140,16,215,1,54,154,194,144,0,33,3
0,0,0,136,4,0,128,64,4,0,80,2,0,8,48,64,72,0,2,1,0,32,0,128,0,32,130,0,21,8,48,128
0,0,0,136,4,129,136,0,4,0,80,2,0,8,48,64,72,0,19,1,0,32,0,145,0,32,138,0,20,8,48,0
2,131,2,140,148,128,12,37,4,5,80,135,32,14,50,64,68,35,147,133,82,136,0,221,32,32,138,193,20,12,180,88
2,148,50,136,151,165,184,66,14,9,88,18,12,154,32,64,237,27,147,145,146,136,16,215,9,20,154,194,144,72,33,131
130,48,144,152,3,197,144,64,30,27,0,18,12,158,96,8,237,25,147,144,34,68,18,210,1,4,154,42,144,8,33,147
3,200,0,136,68,145,142,228,68,64,80,70,32,8,178,224,72,40,19,199,199,42,4,189,32,32,138,128,29,29,56,140
2,131,32,136,132,129,12,37,4,4,80,135,0,10,50,64,64,2,19,133,212,8,4,149,40,32,142,192,28,12,176,80
3,193,32,136,20,129,12,101,4,69,80,135,32,12,50,64,64,11,19,197,214,8,4,157,32,32,138,192,28,12,184,88
2,131,32,136,148,129,140,33,4,4,80,135,0,12,50,64,76,2,147,133,210,8,4,149,40,0,142,193,20,12,148,64
3,201,32,136,148,129,140,229,4,68,80,135,32,12,50,64,72,2,19,197,214,8,4,189,40,32,142,192,20,12,176,92
2,131,0,136,148,129,140,229,4,5,80,167,40,14,50,64,76,51,131,197,82,8,0,221,40,0,142,193,20,12,180,88
2,20,0,128,147,225,152,66,6,1,8,163,8,22,32,64,77,27,147,144,18,8,16,212,9,4,138,195,148,76,52,82
2,149,114,204,118,144,188,39,76,1,90,34,44,56,36,64,230,51,147,129,210,184,36,205,32,44,14,130,21,8,165,137
2,149,16,136,147,192,56,39,14,1,88,50,44,54,32,64,99,51,147,129,50,8,16,223,41,36,138,195,20,0,165,11
33,201,98,76,92,145,134,101,192,64,244,10,32,136,180,116,72,170,18,72,199,43,38,189,50,40,138,56,85,24,114,172
51,201,67,204,92,144,206,101,65,64,240,66,32,8,182,244,72,162,22,192,205,171,36,189,48,40,138,136,93,12,120,140
104,72,98,206,76,144,107,116,193,0,86,2,49,137,176,100,104,168,2,202,192,171,164,141,82,233,162,8,55,170,112,136
130,197,0,156,132,128,12,167,20,2,88,18,32,42,48,64,65,2,19,129,112,12,0,159,32,32,142,192,20,24,176,8
130,146,18,152,112,129,184,64,156,77,80,181,172,142,34,64,206,25,131,145,18,154,0,213,4,52,154,203,16,12,39,209
33,72,106,78,68,144,235,80,69,0,116,2,112,73,181,100,104,224,18,202,129,162,36,237,98,40,162,128,119,187,112,168
3,72,35,204,4,16,131,132,68,64,84,66,32,8,181,228,72,96,18,203,193,160,36,169,32,40,138,128,21,29,112,108
2,205,32,158,148,129,142,167,84,67,88,131,96,44,48,97,73,98,19,199,240,40,12,191,32,38,222,192,20,30,176,76
40,0,98,233,116,155,232,112,76,32,112,2,185,72,60,32,248,40,23,33,130,176,36,157,70,217,162,160,119,136,80,137
62,0,98,236,68,2,202,88,5,128,245,2,91,73,53,64,120,132,23,235,136,179,4,136,82,233,161,132,119,175,112,128
48,0,2,136,76,1,136,72,132,0,209,2,0,138,40,64,88,136,10,162,2,35,2,208,144,32,138,60,21,10,48,128
130,145,34,152,215,197,184,103,28,65,80,23,12,190,48,8,237,27,147,149,178,138,18,215,9,4,154,75,149,12,181,210
2,4,18,153,22,161,184,66,12,1,90,2,172,130,32,64,106,43,19,128,2,152,0,221,4,52,154,128,148,72,33,136
34,0,96,192,76,1,168,64,76,32,176,10,136,8,124,0,104,136,23,177,128,50,64,192,20,8,138,188,85,12,113,128
56,136,64,173,20,131,194,120,5,32,240,2,163,8,48,64,88,168,14,225,74,186,65,157,128,241,130,16,117,10,112,136
2,203,0,138,28,129,142,228,134,84,208,135,32,206,58,64,76,35,187,199,66,11,10,245,56,36,142,249,20,30,180,88
3,193,32,140,4,128,140,37,4,68,80,135,32,12,50,64,64,0,19,133,212,8,4,149,32,32,142,192,20,12,176,88
50,203,96,172,20,131,202,236,5,68,208,135,35,204,54,0,88,169,151,229,204,43,4,189,176,64,136,185,53,30,116,216
2,217,115,200,243,149,191,245,76,9,116,2,40,154,180,228,238,27,146,200,211,168,32,253,43,56,142,194,19,128,161,175
35,201,96,204,20,145,142,229,68,68,84,135,32,12,182,96,76,2,147,205,196,40,36,253,34,8,142,128,85,28,240,220
3,133,34,137,182,145,184,103,108,65,90,199,172,138,178,224,227,43,18,149,151,184,36,213,44,52,10,192,28,12,185,197
63,72,98,239,68,147,234,112,69,64,119,70,99,72,183,228,120,232,22,239,141,176,36,172,18,105,128,128,127,191,120,140
56,16,90,233,98,131,120,80,37,17,116,162,29,31,40,89,110,153,134,136,10,146,0,192,86,201,178,196,55,128,98,131
2,132,6,157,20,43,40,35,20,35,90,2,160,34,32,65,105,38,51,128,16,216,65,221,12,38,218,192,132,8,144,8
34,233,64,136,84,129,142,228,4,0,80,2,32,136,52,0,72,8,2,67,66,42,0,189,48,8,142,232,21,24,240,136
2,134,34,153,150,162,56,39,60,5,90,151,140,14,50,64,103,43,131,149,178,152,1,215,44,54,154,193,148,4,181,208
2,193,34,136,132,129,172,229,68,0,80,2,40,8,52,64,104,3,19,193,210,168,0,213,32,40,142,192,21,28,241,136
3,145,54,153,53,164,184,66,142,89,90,37,172,158,34,72,230,43,187,21,150,152,2,213,13,52,26,202,148,4,33,83
2,133,34,140,148,129,172,39,4,1,90,130,44,46,48,64,106,35,19,129,208,152,0,221,32,32,138,192,20,8,177,8
2,145,18,145,147,225,176,67,46,25,82,50,12,158,32,73,230,27,179,144,18,152,17,209,29,0,154,195,149,0,165,131
7,200,1,140,4,18,142,164,68,192,80,198,32,72,181,228,72,96,18,207,197,168,44,253,40,40,143,128,29,61,120,76
2,0,18,128,117,164,184,64,172,9,218,2,140,138,120,72,228,1,31,177,18,163,0,196,153,20,138,206,144,10,49,129
2,148,54,217,49,181,184,99,126,25,122,48,172,190,36,96,231,27,147,145,178,152,32,215,13,62,26,194,208,4,161,135
60,8,106,232,84,130,74,80,69,128,247,2,27,11,177,88,120,168,6,250,136,178,0,140,82,237,160,128,119,171,112,160
35,201,96,142,92,145,142,228,68,64,80,198,32,136,183,228,72,40,18,207,199,42,6,189,50,8,138,136,95,158,120,156
35,203,32,136,92,145,140,229,6,5,80,135,32,136,182,64,76,43,147,197,198,10,6,253,32,40,142,233,29,28,248,220
2,149,18,136,243,165,176,67,30,9,88,48,172,182,32,64,229,27,147,16,18,8,18,215,29,52,26,202,144,64,161,131
35,201,96,140,20,145,142,228,70,64,80,199,32,136,182,224,72,106,18,197,199,40,4,189,32,12,142,192,93,28,248,156
2,149,18,136,155,228,176,99,142,1,72,2,12,190,32,64,229,27,179,145,18,9,18,213,25,54,26,75,144,64,165,147
3,129,32,140,4,145,136,37,68,68,80,135,32,12,50,64,72,2,19,133,197,8,36,157,32,32,138,192,29,12,184,92
3,192,33,140,4,145,140,101,68,64,80,71,32,8,180,224,72,32,19,197,197,40,36,157,32,40,138,128,29,12,176,76
2,135,34,152,148,129,140,103,4,5,88,167,40,46,50,64,77,3,131,133,82,8,4,221,40,6,158,193,21,12,180,200
66,0,112,192,108,136,248,0,137,16,48,10,141,10,84,2,142,129,95,129,130,35,194,192,22,88,138,184,21,136,67,129
1,129,0,140,148,145,4,37,4,64,80,199,32,2,178,64,64,2,2,133,84,8,4,213,32,32,138,65,28,12,184,76
66,0,80,224,100,8,232,0,169,8,176,2,143,11,20,2,238,129,31,129,8,33,0,192,150,216,130,144,7,136,65,1
2,48,144,152,109,133,184,64,142,27,16,32,140,154,96,8,135,25,31,17,2,7,130,208,129,16,26,170,144,0,33,131
60,8,106,239,68,18,235,80,68,128,119,2,115,73,177,96,122,224,23,234,136,178,44,168,70,233,160,0,119,171,112,160
2,143,34,140,146,160,24,39,4,5,90,167,40,46,50,64,108,35,131,133,146,136,4,223,40,36,138,193,148,76,61,88
34,143,0,142,212,129,206,231,3,4,216,131,32,170,50,64,72,234,131,193,82,11,8,191,48,32,158,233,20,10,180,200
3,135,2,136,148,130,172,39,4,5,90,199,40,42,50,64,100,35,147,133,212,152,4,221,40,32,142,192,28,12,185,84
34,40,2,140,76,129,138,72,134,160,144,10,8,202,97,2,72,169,91,226,0,35,130,216,16,0,139,188,21,43,50,128
0,40,6,156,12,131,128,72,134,160,80,2,32,192,113,0,72,40,34,209,2,242,130,152,0,0,139,40,21,41,16,128
1,141,50,220,23,132,184,103,110,73,90,2,44,170,52,96,164,35,51,129,150,184,18,253,41,62,26,64,65,4,161,79
59,193,98,168,84,147,76,119,69,65,90,135,33,12,182,96,120,128,22,165,223,186,37,221,50,110,130,192,55,140,248,220
2,141,134,149,148,130,172,167,4,161,90,2,160,170,48,64,64,102,51,129,80,152,64,142,40,54,222,128,148,120,176,8
66,141,50,141,22,156,186,39,60,73,90,7,44,174,50,64,34,43,51,5,130,152,36,255,45,36,26,192,4,12,17,93
2,159,35,136,210,242,186,99,68,69,88,167,40,206,166,228,126,59,138,145,151,139,38,223,56,36,138,203,148,6,61,213
50,89,114,172,70,195,152,113,5,0,211,163,14,158,36,64,126,185,151,163,72,179,0,220,144,32,202,147,53,142,52,147
2,84,6,137,28,131,168,102,132,96,218,167,32,142,50,0,108,41,147,165,64,157,0,157,4,0,138,128,21,12,52,216
3,25,114,217,118,177,184,67,124,65,116,242,172,158,182,236,238,59,130,137,151,184,38,221,6,28,26,130,93,0,41,133
2,195,32,136,148,129,12,229,4,5,80,135,32,10,50,64,68,2,131,197,210,8,0,157,40,32,142,192,20,12,180,88
0,193,0,136,132,129,4,101,4,0,80,2,32,0,32,64,72,2,2,0,80,8,0,157,32,32,138,64,20,8,144,8
35,201,97,136,20,145,134,229,68,64,80,66,32,8,182,224,72,32,18,197,199,168,36,189,32,40,138,128,93,28,248,140
32,72,106,78,68,131,195,112,69,0,116,2,48,73,181,100,72,168,19,74,192,170,36,189,98,8,160,0,119,155,112,168
2,193,32,140,148,129,140,165,4,64,80,131,32,44,48,64,72,2,19,133,208,8,4,149,32,32,142,192,20,12,176,88
3,193,32,136,20,129,140,165,68,68,80,135,32,8,50,64,72,2,19,197,214,40,4,157,32,32,142,192,28,28,184,92
2,131,0,136,150,193,156,101,4,5,80,167,40,14,34,64,78,19,131,133,82,8,0,213,40,0,138,193,21,12,180,80
2,204,128,158,132,0,14,166,20,130,88,2,32,40,49,73,65,98,19,67,96,72,8,171,40,38,222,128,148,120,176,8
2,130,2,153,18,224,56,66,22,21,82,179,168,134,32,72,110,57,163,144,18,156,67,215,4,38,154,195,148,4,37,211
1,200,166,158,28,144,138,160,214,80,82,3,96,200,51,96,72,104,51,71,134,232,46,189,0,34,218,0,21,15,48,76
11,193,8,172,20,145,140,229,68,64,80,199,33,8,50,192,72,34,19,197,199,40,4,157,32,97,174,128,29,28,184,28
0,193,0,140,132,129,132,37,4,0,80,2,32,8,32,64,72,2,2,0,80,40,0,149,32,32,130,0,20,8,176,0
7,0,35,136,76,18,168,64,196,192,211,66,8,138,189,230,120,41,26,171,129,179,36,192,16,40,138,140,21,46,120,228
5,0,38,204,12,145,168,64,196,64,85,2,96,200,181,236,72,40,42,203,133,179,38,216,18,40,138,8,21,47,120,228
3,0,99,192,68,16,169,80,76,80,214,2,24,8,252,103,104,141,19,173,129,51,36,192,20,40,138,132,7,172,113,228
35,192,96,204,4,17,140,164,68,64,80,2,32,8,180,96,72,32,19,65,196,40,36,157,32,40,142,128,85,28,112,76
2,199,32,136,20,129,136,231,6,5,88,135,40,8,50,64,76,11,147,197,214,8,4,253,40,4,142,193,21,12,188,220
2,129,0,136,144,129,156,33,4,64,0,135,8,14,48,64,78,19,19,133,82,8,16,213,41,0,138,64,20,4,176,80
135,77,1,138,132,48,143,132,68,66,89,66,80,64,189,228,89,66,18,239,209,36,44,162,32,8,143,128,29,127,176,100
135,72,103,222,12,2,139,80,196,192,82,66,112,72,181,111,72,96,50,235,161,160,46,169,0,42,202,128,23,191,112,108
3,201,64,140,4,145,142,228,68,64,80,199,32,8,182,224,72,96,18,199,197,168,4,189,32,40,142,128,29,28,120,156
2,193,0,136,132,129,140,37,4,0,80,2,32,10,48,64,72,2,19,129,80,8,0,149,32,32,142,192,20,8,176,8
2,180,144,152,147,225,176,66,30,17,72,19,12,158,96,72,231,27,147,145,18,8,18,211,9,4,154,107,144,68,37,210
2,129,32,140,4,128,140,37,4,64,80,131,32,12,48,64,76,2,19,133,208,8,0,149,32,32,138,192,20,12,176,88
2,131,32,136,148,133,140,101,4,12,80,135,32,10,50,64,204,3,147,133,214,8,4,149,40,48,138,193,20,12,184,88
2,149,16,152,155,229,176,67,30,17,72,19,12,158,96,64,239,27,147,145,18,10,18,213,9,4,154,107,144,76,165,146
34,195,32,152,148,193,156,231,22,5,80,179,40,140,50,64,77,11,131,149,114,8,6,215,40,4,158,233,21,12,180,200
3,195,32,136,5,133,140,37,4,68,80,135,32,8,50,64,72,3,19,133,214,8,20,157,32,32,142,192,28,12,184,92
2,149,18,136,219,229,184,99,142,25,72,3,12,190,32,64,237,27,147,145,18,11,18,213,57,20,138,203,145,76,165,147
3,193,32,140,4,144,140,165,68,64,80,71,32,8,182,224,72,34,18,197,197,40,36,157,32,40,142,128,29,28,248,76
35,204,98,12,84,145,138,230,68,64,88,70,32,136,183,228,72,106,18,71,199,170,4,189,34,12,138,128,93,29,120,140
2,148,50,248,48,165,184,19,63,9,88,48,172,190,52,64,231,27,23,17,178,140,0,215,142,254,26,194,148,4,161,3
32,128,230,85,84,146,232,115,119,161,118,18,0,41,148,72,120,140,51,152,144,248,37,207,14,46,146,64,231,136,112,136
3,201,1,140,148,144,140,165,68,64,80,198,32,8,178,224,72,2,18,197,215,40,4,189,32,32,142,192,29,28,184,12
3,200,99,206,4,145,142,228,68,64,80,66,96,8,181,228,72,96,18,203,197,168,36,189,32,40,138,128,87,159,112,236
35,72,98,28,68,145,142,230,84,66,84,199,32,136,183,228,72,104,18,207,197,174,6,191,50,46,154,136,95,28,120,140
38,128,226,156,148,2,164,233,86,131,82,2,96,104,60,64,89,102,51,33,240,248,9,206,40,46,207,132,197,104,112,128
10,144,50,184,51,181,56,82,31,89,84,51,28,159,162,108,231,27,151,145,150,140,34,215,75,87,58,202,146,4,37,215
6,141,130,158,148,34,134,167,20,130,91,18,96,96,41,65,89,102,2,50,112,232,8,238,40,38,207,192,148,123,176,0
50,131,102,136,220,145,204,101,133,69,212,167,40,10,182,64,76,131,143,133,222,11,6,213,58,32,138,217,23,140,252,76
56,0,98,228,68,2,200,80,65,128,246,2,3,9,60,80,120,140,23,168,136,178,1,136,18,233,162,132,103,168,112,128
3,201,0,140,20,129,140,229,4,65,80,199,32,10,50,64,72,35,19,197,198,136,4,157,32,32,142,192,28,12,184,92
2,233,146,153,236,128,184,196,174,25,16,2,172,138,112,74,230,3,27,209,18,41,130,241,12,16,30,234,148,16,33,137
33,201,99,140,20,145,134,228,68,64,80,66,32,136,180,228,72,42,18,77,199,168,36,189,32,40,138,0,93,28,120,236
6,143,32,136,146,227,186,203,6,5,88,163,12,206,32,64,127,59,147,145,18,8,8,223,40,4,138,199,149,78,165,211
2,149,32,136,147,241,152,99,4,65,72,163,12,30,34,96,110,19,147,129,22,8,36,213,40,36,138,195,28,4,173,87
3,193,3,140,20,147,142,237,68,64,80,199,96,72,190,224,88,0,19,231,199,168,5,253,32,40,138,192,29,14,248,28
40,0,106,206,84,131,235,112,68,0,117,2,113,201,181,64,88,168,23,234,136,162,36,157,82,169,160,128,119,171,112,160
130,128,22,153,52,129,184,64,156,17,80,18,172,138,48,73,230,41,19,145,34,148,2,213,4,48,26,194,20,8,33,129
2,131,96,200,146,208,156,103,4,5,88,163,40,46,52,64,76,19,147,129,82,8,36,213,40,32,138,193,21,12,180,92
2,133,2,141,180,170,40,35,44,1,90,0,160,34,32,64,96,38,19,0,16,152,65,143,44,52,138,192,4,72,144,8
35,193,0,136,84,129,140,229,4,64,80,199,32,136,50,64,72,10,19,69,199,10,4,157,48,0,142,168,29,28,152,220
60,0,106,101,68,2,235,80,68,128,119,2,81,73,177,96,120,164,23,234,136,176,37,8,66,169,163,132,101,171,112,160
50,0,114,164,6,2,200,80,77,0,242,2,47,10,52,64,122,129,23,161,136,179,1,204,146,232,138,128,37,136,112,0
3,72,67,140,4,146,174,100,68,64,82,198,32,8,181,228,104,96,18,207,197,168,36,253,32,40,138,128,29,28,112,12
3,193,32,140,132,129,140,37,4,64,80,131,32,14,50,64,72,3,19,133,212,8,4,149,32,32,142,192,20,12,176,88
3,193,0,140,20,145,140,165,70,1,80,71,32,136,50,64,72,10,19,69,214,8,4,157,32,36,142,192,28,28,152,12
3,201,2,140,20,145,142,229,68,64,80,199,32,8,182,224,72,34,18,197,199,168,4,253,32,40,138,128,29,28,248,92
3,201,3,140,4,145,142,228,68,64,80,198,32,8,181,228,72,96,18,207,197,168,4,189,32,40,138,128,29,28,120,12
0,193,0,136,132,129,12,37,4,0,80,2,32,10,32,64,64,2,2,128,80,8,0,149,32,32,138,64,20,8,176,8
2,32,18,152,100,133,184,64,190,25,80,16,140,130,96,72,197,9,2,16,2,28,2,209,5,16,26,234,144,0,33,129
3,201,34,140,20,145,142,229,68,64,80,199,32,8,182,224,72,35,19,197,197,136,4,253,32,40,142,128,29,28,248,92
3,197,0,140,132,145,140,167,68,65,88,199,32,40,50,192,72,2,18,5,197,8,4,149,32,36,142,128,28,28,152,92
3,201,33,140,4,145,142,229,68,64,80,199,32,8,182,228,72,99,18,199,197,168,4,253,32,40,142,128,29,28,248,92
3,193,32,136,132,128,140,37,4,64,80,135,0,12,50,64,72,2,19,133,212,8,4,149,32,32,142,192,20,12,176,84
40,8,106,238,68,147,203,112,68,0,117,2,113,73,177,64,88,168,19,234,128,162,36,189,66,41,162,128,119,171,112,168
2,148,18,152,19,229,184,66,30,1,74,18,12,158,32,72,237,27,147,145,50,140,16,215,9,38,154,195,144,0,37,147
0,0,2,136,4,1,128,64,4,0,80,2,0,8,48,64,72,0,19,1,0,32,0,145,0,32,138,0,21,8,48,128
3,193,32,140,4,145,140,37,68,64,80,199,32,8,50,192,72,34,19,197,197,136,4,221,32,32,138,128,29,28,184,92
3,193,67,140,4,145,140,229,68,64,80,70,32,8,180,224,72,32,18,197,199,168,36,253,32,40,138,128,29,28,248,140
2,0,0,136,4,128,128,0,4,0,80,2,0,8,48,64,72,0,19,1,0,32,0,144,0,32,138,128,21,8,48,0
2,193,0,136,4,129,140,37,4,0,80,2,32,8,48,64,72,2,19,1,80,40,0,149,32,32,138,192,20,8,176,0
3,131,34,140,20,129,140,101,4,69,80,135,32,8,50,64,76,35,147,133,214,136,4,157,32,32,138,192,28,12,184,88
3,195,32,140,148,129,140,229,4,68,80,135,32,8,50,64,76,2,147,197,214,8,4,157,40,0,142,192,28,28,184,76
2,131,32,136,150,209,152,99,4,69,88,167,8,14,50,64,78,19,147,149,150,8,36,213,40,0,138,195,21,12,181,84
2,135,0,136,146,225,24,99,4,5,88,163,8,38,32,64,66,19,147,145,18,8,0,213,8,4,138,195,148,76,165,82
2,149,50,136,151,225,184,99,14,1,88,34,12,62,32,64,239,27,147,145,18,8,16,213,9,4,138,195,149,76,181,147
35,200,0,136,4,145,142,228,68,64,80,199,32,8,50,64,72,0,19,197,199,42,4,253,32,0,138,192,29,28,56,156
130,48,144,152,19,225,16,66,22,3,0,18,12,150,96,72,239,25,147,144,2,4,16,210,9,6,154,99,144,72,37,18
2,147,18,136,146,193,184,99,4,1,88,162,44,6,32,64,110,19,131,128,82,136,0,213,32,32,138,195,16,8,165,155
2,135,0,136,144,225,152,99,6,5,24,163,0,46,34,64,76,19,131,149,18,8,0,213,8,4,138,193,148,12,180,64
3,195,32,136,20,129,12,229,4,69,80,135,32,14,50,64,64,11,147,133,214,136,4,221,32,32,138,192,28,12,184,88
2,193,0,140,148,128,140,165,4,0,80,2,32,8,48,64,64,2,19,193,82,8,0,149,40,32,142,192,20,8,176,8
3,195,0,136,4,145,140,101,4,4,80,199,0,8,50,64,72,0,19,133,212,8,4,149,32,32,142,192,29,28,152,84
2,193,32,140,148,129,12,167,4,1,88,2,32,42,48,64,64,2,19,129,208,8,0,221,40,32,142,192,20,8,176,8
2,131,32,136,148,129,140,37,4,4,80,135,0,12,50,64,76,2,147,133,210,8,4,149,40,0,142,193,20,12,148,64
3,193,32,136,148,129,142,229,4,68,80,135,32,12,50,64,72,2,19,197,214,8,4,189,40,32,142,192,20,12,176,92
2,139,0,136,148,129,140,229,4,4,80,167,40,14,50,64,76,51,131,197,82,8,0,221,40,32,142,193,20,12,180,88
2,141,2,141,148,138,172,39,12,1,90,2,164,42,48,64,96,38,19,1,80,184,1,205,44,54,158,128,20,72,177,8
2,21,0,128,147,225,152,66,6,1,8,163,8,14,32,64,77,27,147,144,18,8,16,212,8,4,138,195,148,76,20,82
2,149,114,204,22,144,188,103,4,1,90,162,44,60,180,96,110,51,147,129,210,168,36,221,32,36,138,194,21,8,165,157
33,201,98,76,92,145,134,101,192,64,244,10,32,136,180,116,72,170,18,72,199,43,38,189,50,40,130,8,87,24,114,172
33,72,99,76,68,147,167,100,68,64,112,66,32,8,181,228,104,32,18,75,193,170,36,253,32,40,130,0,87,28,112,172
2,197,0,156,132,128,12,167,20,2,88,18,32,42,32,65,65,2,19,128,112,8,0,191,32,38,158,192,20,24,176,8
56,64,98,238,68,128,104,112,197,0,85,2,33,139,49,64,120,168,23,138,200,179,0,205,82,233,162,136,55,170,112,136
35,72,99,78,68,144,239,244,69,64,118,66,48,8,181,100,104,224,18,202,193,178,36,253,34,40,130,128,87,159,112,172
3,72,99,204,4,16,139,132,68,64,84,66,32,8,181,228,72,96,18,203,197,160,36,169,32,40,138,128,21,29,112,108
50,0,114,233,52,137,184,72,77,0,112,2,47,8,52,64,250,9,23,33,130,176,0,157,130,217,138,226,85,8,81,137
3,201,35,140,6,144,174,228,68,64,82,198,40,12,182,228,110,99,18,207,197,136,36,253,34,40,142,128,29,28,57,28
52,0,2,136,76,1,138,72,4,0,209,10,2,202,40,64,120,136,31,162,8,35,0,208,144,32,138,60,21,11,48,128
2,201,36,158,20,129,142,165,22,81,80,131,96,108,58,64,65,66,51,199,194,8,14,189,32,38,222,192,20,30,176,88
2,0,22,153,20,161,184,66,140,1,88,2,172,130,32,72,106,43,19,128,2,152,2,221,4,52,154,200,148,72,33,136
2,145,34,152,213,229,184,67,28,25,80,19,12,190,48,9,237,27,147,149,50,186,18,215,25,20,154,106,145,76,177,210
48,0,0,173,20,139,64,96,13,0,242,2,163,8,49,64,88,160,14,97,72,169,65,221,144,240,138,16,52,8,48,8
2,48,176,152,119,229,176,66,30,9,80,50,140,158,100,8,239,27,147,17,18,10,18,215,13,20,26,235,148,12,37,147
82,203,0,138,28,129,158,228,134,68,208,135,32,206,58,64,76,187,159,199,74,11,10,245,184,36,142,249,20,30,180,88
3,193,32,140,132,128,140,37,4,68,80,135,32,12,50,64,72,2,19,133,212,8,4,149,32,32,142,192,20,12,176,88
33,64,106,204,84,130,107,120,68,0,118,2,113,67,185,96,120,168,2,234,193,178,36,29,98,169,162,128,53,138,112,168
2,176,18,152,85,229,176,66,30,25,88,18,172,154,96,0,205,59,147,17,18,8,18,211,1,20,26,106,144,8,49,131
35,201,96,136,92,145,130,236,198,96,144,79,32,200,55,32,72,168,27,103,199,43,6,189,48,8,139,184,93,15,88,204
2,151,18,136,178,225,56,99,14,5,88,167,140,150,32,64,230,27,147,144,18,136,0,213,44,20,10,227,148,4,165,147
2,217,114,200,247,149,191,245,77,9,116,34,40,31,164,228,238,27,19,200,210,136,48,253,43,60,138,194,19,128,225,175
58,202,96,172,84,131,206,252,5,68,208,135,35,205,50,64,92,168,151,229,202,138,4,189,178,65,168,153,55,156,116,216
2,193,0,140,132,129,12,37,4,0,80,2,32,2,48,64,64,2,19,129,80,8,0,149,32,32,142,192,20,8,176,8
3,201,96,140,22,145,140,229,68,64,80,131,40,12,182,96,76,19,147,197,214,40,36,253,40,40,142,192,21,28,241,220
3,133,34,137,150,177,168,39,108,69,90,151,172,42,50,64,98,11,19,149,150,152,5,215,44,52,154,192,28,12,185,212
55,72,98,76,68,147,202,96,69,64,246,70,99,72,183,228,120,168,22,111,141,178,36,172,18,104,130,128,127,191,120,132
34,201,64,136,84,129,142,228,4,0,80,2,32,136,52,0,72,10,19,195,66,42,0,189,48,8,142,232,85,24,240,136
186,16,88,233,102,129,120,80,53,17,116,178,29,31,32,89,110,153,151,144,10,146,64,209,86,201,250,228,55,128,38,147
2,132,6,157,20,170,168,39,60,33,90,18,172,40,16,64,96,46,51,1,16,152,65,221,12,54,218,192,132,8,145,8
2,134,2,153,146,226,184,39,60,5,90,183,172,14,34,64,103,27,131,149,50,156,1,215,12,38,154,193,149,4,165,208
2,193,2,136,148,129,172,229,4,0,80,2,40,8,48,64,104,3,19,193,82,170,0,221,32,32,142,192,21,24,176,136
2,146,18,153,147,193,184,67,62,17,82,178,140,158,32,72,103,27,179,145,18,156,1,213,12,6,154,195,149,4,165,147
3,145,54,152,55,245,184,67,206,89,82,35,172,158,38,104,231,27,179,145,150,136,50,213,13,54,26,203,144,4,165,223
3,201,97,140,4,147,142,228,68,192,80,198,32,72,181,228,72,96,18,207,197,168,36,253,32,40,143,128,29,60,120,76
2,129,2,140,148,128,172,103,4,0,90,2,40,42,48,64,106,34,19,129,80,152,0,221,32,32,138,128,21,8,177,8
2,17,18,129,245,164,184,66,173,25,218,2,140,154,104,64,238,25,31,177,18,27,16,212,157,16,138,206,144,0,33,131
60,8,106,232,84,130,106,80,69,128,119,2,27,11,177,80,120,168,23,250,136,178,32,136,82,237,160,128,119,171,112,128
2,148,50,216,211,229,176,99,30,9,88,19,44,190,36,64,239,27,147,145,50,10,16,215,41,22,154,195,144,4,165,219
35,203,98,140,84,145,142,229,68,64,80,199,32,136,182,224,72,42,19,199,199,42,6,189,50,40,138,168,29,28,248,156
35,203,96,136,20,145,142,229,70,69,80,199,32,136,182,64,76,43,19,197,198,40,4,253,40,12,158,192,29,28,184,220
2,149,18,152,147,165,56,67,142,9,74,16,140,190,32,64,229,27,187,16,18,9,18,215,9,54,26,74,144,64,161,147
3,72,99,140,4,144,143,100,68,64,80,66,32,8,182,100,72,32,19,205,197,168,36,189,32,40,138,128,21,28,112,76
3,129,32,140,20,128,140,39,4,0,88,199,32,8,50,64,76,3,147,133,214,8,4,221,32,32,138,192,28,12,184,28
3,193,1,140,4,128,140,37,4,64,80,198,32,8,48,192,72,2,19,197,197,8,4,157,32,32,138,128,29,28,184,8
35,200,9,204,4,129,135,244,68,0,84,66,48,0,177,100,72,32,18,74,193,40,36,189,32,32,170,128,21,152,112,172
122,0,112,225,36,8,216,16,105,0,178,10,11,11,20,16,106,129,21,129,136,32,65,192,150,217,130,144,103,136,80,0
3,195,0,140,148,145,140,37,4,64,80,199,40,10,162,192,72,2,2,132,84,8,4,221,32,32,138,193,28,12,184,12
2,0,16,144,100,137,248,64,171,24,48,0,140,138,112,10,198,9,23,145,2,35,130,208,128,144,26,168,20,0,3,129
60,72,106,207,68,146,235,208,68,0,118,2,115,73,181,96,120,224,23,234,136,176,44,40,70,169,160,128,119,187,112,160
2,143,34,140,148,160,188,35,4,5,90,135,40,46,50,64,78,35,147,133,148,136,4,253,32,36,138,193,20,76,189,92
60,8,98,236,68,131,74,80,69,128,241,2,107,201,53,16,122,232,6,226,136,163,8,188,210,233,161,136,119,187,112,128
34,143,64,142,212,129,142,231,2,4,216,163,32,170,50,64,72,234,131,193,82,10,8,191,56,36,158,233,20,14,180,200
3,135,2,140,148,130,172,39,4,69,90,199,40,42,50,64,100,35,147,133,212,152,4,221,40,32,138,192,28,12,185,84
54,8,98,236,70,3,218,64,1,160,240,138,11,14,53,16,126,185,23,227,136,163,0,200,146,200,139,152,117,171,112,128
34,40,2,140,76,131,168,64,132,160,208,2,0,138,113,1,72,41,91,163,0,3,2,216,16,0,139,184,21,41,48,128
0,141,50,156,21,148,186,103,108,73,90,2,44,186,52,96,164,43,51,129,210,184,50,255,41,62,26,66,1,4,49,79
51,193,98,136,84,146,236,119,69,65,90,199,33,12,182,96,120,130,22,165,223,186,37,221,50,110,138,192,63,140,248,220
0,141,130,133,148,131,44,39,4,161,90,2,160,170,48,64,64,46,51,129,80,152,65,142,44,54,206,64,148,104,176,8
2,180,242,216,243,228,184,66,62,1,120,179,12,158,100,72,167,27,147,145,18,8,16,215,11,20,26,235,149,68,37,147
66,141,34,157,21,140,170,39,60,73,90,3,44,174,50,64,162,43,51,5,226,152,4,255,45,52,154,192,4,12,49,217
35,200,97,142,20,145,138,228,70,64,80,199,32,140,183,228,72,104,19,207,199,40,36,189,32,40,138,136,29,31,120,220
2,159,34,152,82,240,186,98,20,69,200,167,44,206,162,224,110,187,147,145,183,138,52,255,24,38,138,203,156,5,45,213
50,82,98,140,70,195,156,97,21,66,211,167,8,156,36,64,126,177,151,129,200,151,0,220,144,36,138,147,53,14,52,211
2,141,128,152,148,131,138,231,22,128,88,2,96,232,48,64,89,42,19,145,114,168,8,191,40,6,143,192,149,8,144,136
0,193,0,136,132,129,12,101,4,0,80,2,32,8,32,64,72,2,2,0,80,8,0,157,32,32,142,64,20,24,144,8
2,195,34,136,20,129,140,101,4,5,80,135,32,12,50,64,76,35,147,133,214,136,4,221,32,32,138,192,21,12,176,216
35,72,99,206,68,145,203,116,69,64,116,66,32,8,181,100,72,40,18,203,193,170,36,189,32,40,130,128,87,159,112,172
3,193,32,140,148,129,140,165,68,65,80,131,32,44,50,96,72,2,19,133,212,8,4,149,40,32,142,192,20,12,176,92
3,193,32,140,20,129,140,165,68,69,80,135,32,12,50,64,72,2,19,133,198,8,4,149,40,32,142,192,20,12,176,92
3,195,2,140,20,129,140,101,4,68,80,199,32,8,50,64,76,35,19,197,214,136,4,221,32,32,138,192,29,12,184,92
2,131,0,136,150,193,156,103,4,5,88,167,40,14,34,64,78,19,131,133,82,8,0,213,40,0,138,193,21,12,180,80
3,201,3,140,4,145,142,229,68,64,80,70,32,8,180,228,72,34,18,205,197,168,36,189,32,40,142,128,29,28,248,12
2,143,32,138,148,161,138,231,6,5,88,163,0,46,50,64,77,3,131,149,22,8,8,247,40,4,138,193,20,14,180,64
2,135,32,136,148,161,136,99,6,5,88,163,0,14,50,64,76,27,131,149,18,8,4,213,40,4,138,193,21,12,180,192
32,88,122,76,102,210,247,116,68,8,118,34,48,25,181,100,110,240,2,74,192,184,36,109,98,169,32,0,119,184,112,169
2,204,132,158,148,0,14,166,20,130,80,2,32,40,33,65,65,98,51,194,96,200,10,171,40,38,222,128,148,120,48,8
3,72,166,158,28,144,138,32,198,64,82,3,96,200,51,96,64,104,51,71,134,232,174,189,0,34,202,136,21,47,48,76
11,193,8,172,20,145,140,229,68,64,80,199,49,8,50,192,72,34,19,197,199,40,4,157,96,97,170,128,29,28,184,28
39,0,35,136,76,18,168,64,196,192,211,66,8,138,189,230,120,161,27,171,133,179,36,192,16,40,138,140,5,46,121,228
2,193,0,140,132,129,140,229,4,0,80,2,32,8,48,64,72,2,19,1,80,40,0,149,32,32,142,128,20,24,176,8
3,193,32,140,4,128,140,37,68,64,80,3,32,8,50,64,72,2,19,133,212,40,4,221,32,32,142,192,21,12,176,72
2,199,32,152,150,193,152,231,6,5,88,179,40,142,50,64,77,27,147,149,82,8,4,215,40,4,158,195,21,12,180,217
2,129,0,136,149,133,156,33,4,64,0,131,8,14,48,64,78,19,19,133,82,8,16,213,41,0,138,64,20,4,176,80
135,205,1,154,132,49,142,141,84,66,25,82,64,104,185,228,89,66,18,239,245,36,44,162,32,6,143,128,157,127,176,36
37,0,234,94,4,2,235,80,84,130,87,2,81,97,189,105,120,100,50,170,161,180,44,74,64,47,227,132,117,171,112,160
3,195,0,140,20,145,140,229,68,64,80,199,32,8,182,192,76,34,19,197,215,8,4,253,32,40,142,192,29,28,248,28
2,193,0,136,132,129,140,37,4,0,80,2,32,10,48,64,72,2,19,129,80,8,0,149,32,32,142,192,20,8,176,8
2,181,16,152,147,225,152,67,30,85,72,179,12,158,96,72,235,27,147,145,18,8,18,215,9,4,154,107,148,76,165,210
2,129,0,140,4,128,140,37,4,0,80,131,32,12,48,64,76,2,19,133,80,8,0,149,32,32,138,192,20,12,176,88
2,131,32,136,148,133,140,101,4,13,80,135,32,14,50,64,204,3,131,133,214,8,0,149,40,48,142,193,20,12,180,88
2,149,16,152,219,225,176,67,158,17,72,51,12,190,96,64,239,27,147,145,18,10,18,213,9,4,154,107,144,76,165,210
2,149,32,152,219,193,152,103,150,85,72,179,44,158,96,65,203,27,147,145,82,10,18,213,41,0,158,235,21,12,181,210
3,193,32,140,132,145,140,165,68,64,80,7,32,8,182,224,72,2,18,197,197,8,36,149,32,40,142,192,29,28,248,76
3,195,34,140,21,133,140,37,4,68,80,135,32,8,50,64,72,3,19,133,214,8,20,221,32,32,138,192,28,12,184,92
2,148,50,152,251,165,184,67,142,9,88,18,172,190,32,64,231,19,151,145,146,9,18,215,9,54,26,202,144,64,161,147
35,206,98,156,84,145,142,231,86,68,88,199,32,136,182,128,72,42,19,197,198,46,6,191,32,12,154,168,93,28,248,204
2,148,50,248,51,165,184,66,159,9,88,51,140,158,36,64,231,27,151,145,146,141,0,215,139,30,26,202,144,4,33,83
34,128,226,85,84,146,232,19,117,33,118,18,8,9,148,104,120,140,51,152,178,252,37,205,14,46,146,192,231,136,112,140
3,193,0,140,148,145,140,165,68,64,80,199,32,8,178,224,72,2,18,197,215,8,4,189,32,32,142,192,29,28,184,28
2,148,50,248,51,245,152,82,31,73,88,51,12,159,38,104,231,27,151,145,146,140,50,215,11,86,154,194,146,4,37,87
35,203,98,156,76,145,140,229,212,68,80,135,32,136,182,64,72,170,147,197,198,46,6,253,50,42,218,137,29,28,248,204
38,137,166,156,20,130,164,105,86,163,82,2,96,232,60,64,89,108,51,33,176,248,9,206,8,46,207,132,197,40,112,128
131,176,50,217,98,153,185,80,190,81,84,180,140,150,230,236,134,25,147,28,131,28,34,209,6,24,26,234,150,132,33,245
6,141,130,158,148,2,134,175,20,130,91,18,96,98,41,65,89,102,2,178,112,216,8,238,40,38,207,192,148,122,176,0
50,0,82,128,100,8,232,64,41,0,242,2,14,8,52,80,234,137,23,161,8,179,0,192,148,184,138,128,85,8,112,128
66,201,146,137,100,136,184,196,172,17,16,2,172,138,112,66,230,3,31,209,82,41,128,224,132,20,158,200,148,8,161,137
3,203,2,140,20,129,140,229,4,69,80,199,32,10,50,64,72,35,19,197,214,136,4,157,32,32,142,192,28,12,184,92
35,201,67,140,20,145,134,228,68,64,80,66,32,8,180,228,72,40,18,77,199,168,36,189,32,40,138,128,93,28,120,140
2,131,34,136,20,129,140,101,4,5,80,135,32,12,50,64,76,43,147,133,214,136,4,221,32,32,138,193,21,12,180,200
2,149,32,136,147,241,56,99,12,69,72,167,12,62,34,64,230,19,147,145,22,136,52,213,41,36,138,195,20,4,165,87
3,201,0,141,20,147,142,237,68,64,80,199,32,8,182,224,88,2,19,231,199,184,69,253,36,40,138,192,29,30,184,156
2,149,34,136,147,225,184,99,4,69,88,163,12,142,34,64,111,27,147,145,18,136,4,213,9,36,138,195,149,12,181,210
36,8,106,206,84,131,203,112,68,0,117,2,113,201,181,96,88,168,19,234,193,162,44,157,82,40,162,136,117,171,112,160
2,133,96,200,146,208,156,39,4,69,88,163,40,46,164,96,110,19,147,129,86,8,36,213,40,32,138,195,21,12,181,87
130,0,22,153,52,129,184,64,60,19,82,18,172,138,48,73,230,41,19,145,50,156,2,215,4,50,26,194,20,0,33,129
2,133,18,141,52,174,168,35,44,9,90,0,172,40,48,64,224,34,19,1,16,152,0,207,44,52,138,192,4,72,177,8
35,193,96,136,84,129,140,229,4,68,80,135,32,8,50,64,72,138,19,133,214,10,4,157,48,0,142,200,29,12,248,220
2,0,22,153,110,128,184,64,140,16,80,130,140,142,48,75,230,49,155,129,2,128,2,193,4,48,154,202,20,8,33,129
60,0,106,229,4,2,104,80,97,168,246,2,91,9,152,80,122,132,21,168,136,178,5,136,210,233,160,132,103,168,112,0
35,72,99,204,4,146,175,112,68,64,82,66,48,0,181,228,104,96,18,203,193,184,36,237,32,40,138,128,23,189,112,108
3,193,0,136,20,145,140,229,6,1,80,199,32,136,50,64,72,10,19,197,198,8,4,157,40,36,142,192,28,28,184,28
2,135,32,136,150,225,152,99,6,5,88,163,8,174,34,64,79,27,131,145,18,8,4,213,40,4,138,195,148,12,181,66
2,135,0,136,146,225,24,103,6,5,88,163,44,38,34,64,102,19,131,145,18,8,0,213,40,38,154,195,20,4,165,91
2,193,0,136,4,129,140,229,4,0,80,2,32,8,48,64,72,2,19,129,66,40,0,149,32,32,138,192,21,8,176,8
3,197,0,140,132,145,140,167,68,69,88,199,32,40,50,64,72,2,19,133,213,8,4,157,32,36,142,128,28,28,152,92
2,16,22,128,106,132,184,64,169,24,16,162,140,158,112,66,166,17,159,129,2,1,2,192,20,16,202,170,20,0,33,145
3,131,32,140,148,144,140,39,4,69,88,135,32,40,50,64,76,35,147,197,212,8,4,221,32,32,142,192,29,12,184,92
3,193,32,136,132,128,140,37,4,64,80,135,0,12,50,64,72,2,19,133,212,8,4,149,32,32,142,192,20,28,176,92
40,8,106,206,68,131,203,112,68,0,117,2,113,73,177,64,88,160,19,234,128,162,36,189,66,41,162,128,119,171,112,168
2,148,18,152,19,228,184,66,30,1,74,18,12,158,32,72,231,27,147,145,50,140,16,215,9,38,154,195,144,0,37,147
0,0,2,136,4,0,128,64,4,0,80,2,0,8,48,64,72,0,19,1,0,32,0,145,0,32,138,0,21,8,48,0
3,200,33,140,4,145,142,228,68,64,80,199,32,8,182,224,72,96,18,197,197,136,4,253,32,40,138,128,29,28,184,28
3,193,67,140,4,145,140,229,68,64,80,70,32,8,180,224,72,32,18,197,199,168,36,253,32,40,138,128,29,28,248,140
2,0,0,136,4,0,128,0,4,0,80,2,0,8,48,64,72,0,19,1,0,32,0,144,0,32,138,128,21,8,48,0
2,193,0,136,4,129,140,37,4,0,80,2,32,8,48,64,72,2,19,1,80,40,0,149,32,32,138,192,20,8,176,8
3,131,34,136,20,129,140,101,4,69,80,135,32,8,50,64,76,34,147,133,214,136,4,221,32,32,138,192,28,12,184,88
3,72,99,204,4,18,139,112,68,192,86,66,112,64,181,228,88,100,18,239,193,176,36,168,32,40,139,128,87,189,112,108
3,195,32,140,148,129,140,229,4,68,80,135,32,8,50,64,72,34,19,197,214,8,4,157,40,0,142,192,28,12,184,76
2,131,32,136,150,145,156,101,4,68,80,167,32,12,54,64,76,3,147,133,214,8,36,213,40,0,138,193,21,12,180,92
2,135,0,136,146,225,28,35,4,5,88,163,0,46,32,64,70,19,147,128,18,8,0,213,40,0,138,195,20,12,164,80
2,135,0,136,150,225,152,35,4,5,88,163,0,14,50,64,76,19,131,149,18,8,0,213,8,0,138,193,20,12,180,64
2,195,32,136,148,129,140,229,4,4,80,135,40,14,50,64,76,3,147,133,210,8,4,213,32,0,138,193,21,12,180,216
2,20,144,152,19,225,16,66,22,1,8,178,12,150,96,72,227,27,147,144,18,12,16,210,9,6,154,99,148,64,37,18
2,147,2,136,146,193,184,97,4,5,80,163,44,6,32,64,110,19,131,128,82,136,0,213,32,32,138,195,20,12,165,19
66,0,80,128,108,8,248,0,137,16,176,8,140,138,112,2,130,129,95,1,0,33,130,192,144,16,138,184,84,8,3,129
3,193,34,136,20,129,12,229,4,69,80,135,32,12,50,64,72,3,19,133,198,136,4,221,32,32,138,192,28,12,184,92
2,193,0,140,148,128,140,165,4,0,80,2,32,10,48,64,64,2,19,129,82,8,0,157,40,32,142,192,20,8,176,8
3,195,0,136,132,129,140,101,4,4,80,135,0,8,50,64,72,2,19,133,212,8,4,149,32,32,142,192,28,12,152,88
2,193,32,140,148,129,12,165,68,1,80,2,32,42,48,64,72,2,19,129,208,8,0,157,32,32,142,192,20,8,176,8
3,193,32,136,148,129,14,229,4,64,80,131,32,12,50,64,64,3,19,197,214,8,4,189,40,32,142,192,20,12,176,88
2,233,0,136,148,129,12,229,6,0,80,2,32,138,112,64,64,10,19,209,66,8,2,189,40,4,142,168,20,24,176,136
2,131,32,136,148,129,140,37,4,4,80,135,0,12,50,64,76,2,147,133,214,8,4,149,40,0,138,193,20,12,180,64
3,201,32,136,20,129,140,229,4,68,80,135,32,12,50,64,72,2,19,197,214,8,4,189,40,32,142,192,20,28,176,92
2,141,50,141,150,138,188,39,76,1,90,2,172,40,48,64,98,34,19,1,210,184,0,221,44,38,158,128,20,8,177,137
2,131,32,136,20,129,140,103,4,4,88,167,40,14,50,64,76,51,147,133,210,8,0,221,32,32,138,193,21,12,180,88
2,149,0,136,147,225,152,66,6,1,8,163,8,30,32,64,79,27,147,144,18,8,16,213,9,4,138,195,148,76,53,82
2,149,114,204,22,128,188,103,4,1,90,162,40,60,52,96,110,51,147,129,210,168,4,221,32,36,138,194,21,8,165,157
33,201,98,76,92,145,134,101,196,64,244,10,32,136,180,100,72,170,18,72,199,43,38,189,50,40,130,8,87,8,114,172
2,135,34,140,20,129,140,103,4,4,88,135,32,12,50,64,76,35,147,133,214,136,4,221,32,32,138,193,21,12,180,76
33,72,99,76,68,147,167,100,68,64,112,66,32,8,181,164,72,32,18,75,193,170,36,189,32,40,130,0,87,156,112,236
41,72,106,78,68,130,235,112,68,0,116,2,48,73,181,100,104,224,2,202,128,162,36,237,114,40,162,0,119,187,112,168
2,197,8,158,148,129,142,167,20,3,88,2,32,40,48,64,73,2,19,129,112,40,8,191,32,38,158,192,20,26,176,8
107,8,98,206,68,144,235,112,193,0,215,2,121,203,176,100,120,168,19,202,192,179,36,205,114,105,162,136,55,138,112,168
1,72,99,204,4,16,139,132,68,64,84,66,32,8,181,228,72,96,18,203,197,160,36,185,32,40,138,0,23,61,112,108
18,16,114,201,54,137,176,64,76,8,240,34,172,24,36,64,238,57,159,1,130,161,0,221,128,56,10,210,85,8,113,131
0,0,134,141,84,160,168,66,140,1,90,2,172,2,32,64,106,43,2,128,2,152,2,197,4,36,154,0,149,8,49,136
3,201,34,140,6,144,172,229,68,64,82,199,40,40,182,228,110,35,18,205,197,136,4,253,32,40,142,128,29,28,185,92
52,0,2,136,92,131,202,72,5,0,209,10,2,202,41,64,120,168,6,226,8,35,0,216,144,160,138,60,53,43,48,128
2,201,38,158,156,129,142,164,150,81,80,131,96,238,58,64,76,99,51,199,210,8,14,245,40,38,222,192,20,30,176,88
34,0,162,152,245,165,184,66,142,25,88,2,140,190,52,8,205,27,147,145,146,43,2,209,5,28,154,234,145,76,49,147
48,8,0,140,60,139,64,32,13,0,210,2,163,8,32,64,88,160,12,32,72,169,65,221,144,240,138,16,20,8,48,8
32,0,106,205,68,2,235,112,68,0,85,2,113,3,177,96,120,160,19,234,129,178,101,93,68,41,162,128,53,139,112,232
2,148,16,136,243,225,144,67,14,13,88,163,12,158,32,0,239,27,147,145,18,10,0,215,9,20,154,235,149,12,165,211
43,72,98,76,20,145,195,240,69,64,116,198,32,72,183,228,72,40,18,79,197,168,36,189,34,40,128,128,95,159,120,236
114,219,0,138,94,193,158,229,135,4,208,167,40,206,32,64,78,155,159,197,74,11,8,253,184,0,142,251,21,30,180,216
3,193,32,140,4,129,140,37,68,64,80,135,32,12,50,64,72,2,19,133,212,40,4,149,32,32,138,192,20,12,176,88
2,180,18,152,125,173,176,66,30,25,88,16,172,154,96,0,197,27,19,17,18,44,18,211,5,20,26,234,144,8,1,131
2,151,18,136,178,193,56,99,14,69,88,167,44,134,32,64,230,27,147,144,18,24,0,213,40,20,138,195,20,4,165,83
2,217,114,200,247,149,254,245,77,9,116,34,40,31,164,100,238,27,147,200,210,136,48,253,43,56,138,194,23,128,225,175
58,203,96,172,84,131,206,252,5,68,208,167,41,205,54,64,92,169,151,229,202,10,4,189,178,65,168,153,55,156,116,216
2,193,0,140,132,129,12,37,4,0,80,2,32,10,48,64,64,2,19,129,80,8,0,149,32,32,142,128,20,8,176,8
3,193,96,140,22,145,188,231,68,65,88,135,40,12,182,96,78,3,147,197,214,8,36,221,40,40,142,192,21,12,177,92
3,133,50,137,182,177,184,231,76,73,90,199,172,10,182,224,231,11,19,149,151,152,36,215,44,60,138,194,28,12,185,221
51,72,98,206,68,147,202,112,69,64,246,70,35,72,183,228,120,168,22,111,205,179,36,188,18,105,128,128,127,191,120,140
34,201,96,136,84,129,142,229,68,0,112,2,32,136,52,0,72,10,19,195,194,42,0,189,48,8,142,232,85,28,240,136
56,16,90,233,102,3,121,80,5,16,116,162,25,31,164,89,110,153,151,152,8,178,32,208,86,137,178,196,55,136,98,145
2,132,6,149,20,170,168,35,60,33,90,18,172,40,16,64,96,46,51,1,16,152,65,221,12,54,154,192,132,8,145,8
3,145,54,153,55,245,184,66,206,89,88,35,172,158,34,104,231,27,187,17,150,24,34,213,13,20,26,202,144,4,33,215
3,201,1,140,20,147,142,228,68,192,80,70,32,8,183,228,72,98,18,207,197,168,36,253,32,40,142,128,29,60,248,76
2,133,2,140,148,129,172,103,4,1,90,2,40,42,48,64,104,35,19,129,80,152,0,221,32,32,138,192,20,8,177,8
2,145,18,129,103,165,184,64,172,25,82,34,140,158,96,64,230,25,155,145,18,25,18,208,29,16,154,206,144,0,33,131
60,8,106,232,84,146,106,80,69,128,119,2,27,11,177,80,120,168,23,250,136,178,96,140,82,237,162,128,119,171,112,128
2,148,50,216,211,229,184,99,30,9,88,51,172,190,36,64,231,27,147,145,178,136,18,215,11,22,26,195,144,4,165,147
34,135,32,136,212,145,156,231,6,5,88,167,40,140,54,64,76,11,147,197,214,10,4,221,48,0,142,233,21,12,180,204
2,149,18,136,211,229,48,67,14,9,72,18,140,190,32,64,231,27,147,145,18,24,18,215,25,52,26,106,144,64,165,147
3,72,99,140,4,128,143,100,68,64,80,66,32,8,180,100,72,32,19,207,197,160,36,173,32,40,138,128,21,29,240,76
2,135,32,136,148,129,140,103,4,5,88,167,40,44,50,64,77,11,147,133,214,8,4,213,40,6,158,193,21,12,188,200
3,193,1,140,4,145,140,37,4,64,80,198,32,8,176,196,72,0,18,197,197,8,4,157,32,32,138,128,29,28,184,12
106,0,112,192,100,8,248,0,137,0,176,10,139,11,20,18,234,129,31,129,128,33,64,192,22,217,130,152,39,136,65,0
1,72,107,204,4,129,67,112,68,0,84,66,49,65,177,96,72,96,18,74,193,160,36,61,98,169,160,0,53,185,112,168
130,48,150,152,111,197,184,64,142,24,16,48,140,158,96,11,134,25,179,17,2,67,146,208,5,16,90,170,20,0,33,147
45,72,107,79,68,2,235,208,68,192,118,2,113,73,181,96,120,224,23,234,129,176,36,109,70,41,160,128,119,187,112,168
2,143,34,140,146,160,56,35,4,5,90,167,40,46,50,64,76,35,131,133,148,136,4,221,40,36,138,193,148,76,188,88
60,8,98,236,68,131,74,80,69,128,244,2,123,201,53,80,122,232,6,234,136,163,0,156,210,233,161,136,119,187,112,128
34,143,0,142,212,129,142,231,4,5,88,163,32,170,50,64,72,170,131,193,82,42,8,191,56,36,142,233,21,14,180,200
3,201,99,141,4,146,174,164,68,64,82,198,40,12,180,228,106,97,18,205,197,184,36,253,36,40,142,128,31,28,113,124
54,0,98,132,70,3,216,64,1,160,178,138,10,14,53,0,126,181,31,163,136,163,64,200,144,8,138,148,37,44,112,128
2,40,6,128,76,131,168,64,132,160,210,2,0,138,113,8,104,45,51,145,0,179,2,216,16,0,139,168,21,40,48,128
2,141,50,140,21,180,186,103,108,73,90,2,44,184,52,96,164,43,51,129,146,184,50,255,41,60,154,194,16,4,49,79
51,193,98,137,84,147,236,119,69,65,218,199,33,8,182,96,120,160,22,197,207,186,37,221,50,108,154,192,63,140,248,220
0,141,130,133,148,130,44,39,20,161,90,2,160,170,48,64,64,46,51,129,80,152,65,206,44,54,158,64,132,104,176,8
3,200,97,142,84,145,138,228,68,64,80,199,32,140,182,224,72,104,19,199,199,42,36,189,32,40,138,168,29,31,120,220
3,73,122,204,126,145,251,112,205,0,84,2,56,153,181,100,110,48,23,232,192,171,36,253,114,56,170,138,119,137,113,173
2,141,6,158,20,131,138,103,22,128,82,2,96,232,48,64,89,40,19,209,114,168,8,255,40,6,143,192,148,8,176,8
