2,128,18,152,53,164,56,66,62,9,82,18,140,130,32,72,231,25,19,144,2,156,2,215,5,54,154,194,144,0,33,129
33,72,107,204,4,131,135,112,68,64,116,2,48,73,181,100,72,32,2,203,193,160,36,189,32,40,128,0,85,152,112,172
1,201,3,140,4,145,142,229,68,64,80,66,32,8,180,224,72,32,18,65,197,168,36,189,32,40,142,0,29,28,248,12
60,72,74,236,68,131,74,80,5,128,116,2,115,201,49,80,120,168,23,234,72,178,0,140,82,233,160,8,119,187,112,136
2,149,18,136,19,225,152,39,6,1,72,179,44,62,32,64,227,51,147,129,50,136,16,223,41,38,154,195,148,68,165,26
2,148,18,152,147,229,48,99,30,11,72,18,12,182,32,64,231,19,147,144,50,8,16,215,9,54,26,66,144,0,161,3
2,149,16,152,147,225,48,99,30,1,72,50,12,54,32,64,231,27,147,144,50,8,16,215,41,6,26,67,144,64,165,147
3,193,0,140,132,129,140,37,4,64,80,199,32,8,50,64,64,2,19,133,212,8,4,149,32,32,138,192,28,12,184,92
0,0,122,241,102,136,233,16,126,17,118,18,153,139,96,104,98,9,23,152,130,144,33,208,70,169,178,192,181,128,97,128
130,48,144,152,3,229,16,66,30,27,0,18,12,150,96,72,207,25,147,144,34,68,18,210,1,6,26,107,144,8,37,147
2,149,22,152,177,165,184,99,142,25,88,2,140,158,32,64,229,11,19,145,18,136,2,213,13,20,154,194,144,4,161,131
2,195,32,136,20,145,140,229,6,5,80,135,32,8,50,64,72,10,131,197,214,8,4,157,40,0,142,193,28,12,184,204
2,220,18,152,19,225,56,70,30,1,64,178,44,22,32,64,103,17,147,128,34,12,16,223,1,38,154,67,148,0,37,26
0,193,0,136,132,0,4,37,4,0,16,2,0,0,48,64,64,0,2,129,80,8,0,128,32,32,142,64,20,24,144,8
3,195,32,136,4,129,140,229,4,68,80,135,32,8,50,64,72,8,19,5,198,8,4,157,32,0,138,192,29,28,184,216
3,200,0,140,20,145,140,229,68,64,80,71,32,8,50,64,72,0,19,69,199,40,4,157,32,32,138,128,28,28,184,12
1,8,33,206,4,0,131,0,68,192,80,66,48,8,181,100,72,96,18,75,129,160,36,169,0,40,138,0,21,59,112,44
0,193,0,136,20,129,14,164,4,0,16,2,32,8,32,64,72,0,2,66,82,8,0,181,40,0,142,64,20,8,144,8
135,79,32,158,132,34,142,3,20,198,89,151,96,108,51,65,81,98,19,7,244,228,12,186,32,38,142,128,156,125,176,80
130,144,18,152,19,197,56,66,30,3,64,50,12,150,32,72,231,25,147,144,34,132,18,215,1,54,26,66,144,0,33,131
2,148,18,136,18,225,56,98,4,1,74,163,12,22,32,64,103,27,147,144,18,136,0,215,8,38,154,195,148,0,37,18
0,193,0,136,132,129,12,37,4,0,80,2,32,8,32,64,64,0,2,0,80,8,0,149,32,32,138,64,20,24,144,0
2,131,2,136,144,128,44,103,4,5,90,135,40,14,34,64,110,51,147,132,82,136,0,221,32,32,138,193,20,12,181,88
3,193,34,136,20,129,140,101,4,68,80,135,40,14,50,64,76,3,147,133,214,136,4,221,32,0,138,192,29,12,184,220
33,201,96,204,84,145,134,245,68,0,116,2,32,9,180,100,72,32,18,72,199,40,36,189,34,40,130,0,87,152,240,172
7,201,128,134,148,144,142,164,70,193,24,71,96,104,59,192,89,98,19,85,135,40,12,173,40,6,143,192,157,62,24,12
3,193,32,136,132,129,140,37,4,64,80,131,32,12,48,64,72,0,19,5,212,40,4,149,32,32,142,128,20,28,144,88
2,128,4,152,4,129,128,32,20,16,80,2,32,0,32,65,72,0,2,0,96,8,0,149,0,32,202,192,20,8,16,0
0,32,0,128,20,129,128,72,6,0,16,2,64,192,104,0,88,8,2,48,2,0,0,148,8,0,131,100,20,8,16,0
43,201,104,204,20,145,207,245,68,68,84,135,49,77,182,96,76,32,19,205,192,40,36,189,98,9,160,128,119,156,112,248
41,73,106,76,84,147,207,116,68,68,84,135,49,9,182,100,72,32,19,77,197,168,36,189,98,41,160,128,127,156,120,252
57,72,98,76,68,146,227,112,69,0,119,2,43,8,183,228,104,168,22,234,141,176,36,204,18,232,128,0,119,171,112,172
3,133,2,136,178,128,60,231,12,65,90,135,44,38,50,64,230,3,147,133,86,136,0,221,40,36,142,194,28,4,185,89
2,133,98,136,151,209,188,103,4,69,88,163,40,46,182,64,110,19,147,133,214,136,36,213,42,36,138,195,21,12,181,222
2,195,38,152,22,192,184,231,132,21,90,131,40,174,48,64,110,59,179,209,18,136,2,245,40,34,154,193,149,4,181,217
35,200,99,138,84,145,138,228,68,64,80,70,32,136,181,228,72,40,18,203,199,170,44,253,48,8,138,136,93,31,120,140
2,147,22,156,18,224,184,103,132,1,90,162,40,38,32,65,110,51,163,129,18,152,2,205,32,34,218,131,20,64,165,26
131,199,0,140,20,129,12,103,4,65,88,199,32,8,50,64,64,34,19,69,70,136,0,159,32,32,138,128,28,12,184,24
2,135,32,136,150,160,136,35,4,69,88,135,8,46,50,64,77,3,147,149,150,8,4,213,40,32,138,193,20,76,180,84
61,0,106,100,68,18,195,88,69,192,119,2,83,73,188,96,88,228,23,234,136,178,36,136,66,233,161,4,103,171,112,160
2,151,0,136,146,225,24,99,6,69,88,163,12,46,32,64,79,19,147,145,18,8,0,213,40,4,138,195,148,68,165,83
3,193,32,136,132,129,142,165,68,68,80,135,32,12,50,64,72,2,19,69,214,40,4,181,40,0,142,192,29,28,152,92
3,195,32,140,148,129,140,37,68,69,80,135,32,40,50,64,64,34,19,133,214,8,4,157,40,32,142,192,28,12,184,92
3,203,32,140,148,129,140,165,4,69,80,135,32,40,50,64,72,34,19,69,214,8,4,189,40,0,142,192,28,12,152,92
3,193,34,140,20,129,140,231,4,68,88,199,32,8,50,64,72,42,19,5,198,168,4,157,32,32,138,192,29,12,184,92
2,149,18,136,19,224,56,99,12,1,74,2,44,22,32,64,102,27,147,128,18,136,16,213,9,36,138,67,16,0,165,2
33,72,97,204,84,129,131,244,68,0,116,2,48,9,181,100,72,40,18,74,195,170,36,189,96,8,130,0,85,153,112,172
2,149,18,136,23,225,184,98,4,1,90,163,12,190,32,64,110,27,147,145,18,136,16,213,9,36,138,195,148,12,37,146
2,135,2,140,148,193,188,103,4,5,90,163,40,46,34,64,108,51,131,129,82,136,0,221,32,36,138,193,21,12,180,216
2,128,18,152,52,132,56,64,30,9,82,18,140,130,32,72,230,25,19,144,34,156,2,215,4,54,154,192,144,0,33,129
40,201,104,206,84,129,207,240,68,0,116,2,49,201,177,0,88,168,19,202,194,162,40,189,114,137,160,40,119,171,112,168
2,148,18,153,19,164,184,66,62,9,90,18,12,158,32,72,231,59,147,145,50,152,0,215,13,54,154,194,144,4,33,147
32,72,106,78,4,131,227,112,68,0,118,2,48,73,181,100,72,32,2,235,192,160,36,61,96,40,162,0,117,187,112,168
50,0,66,132,68,8,232,64,173,0,210,2,12,136,49,64,106,169,31,129,8,179,0,200,144,32,138,128,69,8,113,128
3,200,3,204,4,145,134,228,68,64,80,66,32,8,180,228,72,32,18,75,197,168,36,189,32,40,138,128,93,28,120,12
56,72,106,236,68,2,203,112,68,128,116,2,115,137,177,64,120,168,23,234,200,178,32,140,114,233,160,128,119,187,112,128
2,148,18,152,147,228,56,67,14,1,72,147,44,150,32,64,231,59,147,145,18,136,18,215,9,36,154,203,144,4,165,26
2,149,18,152,147,225,152,103,4,5,72,163,44,62,32,64,107,51,147,129,18,136,0,223,41,38,154,195,20,68,181,26
2,148,18,152,19,229,48,103,30,1,72,50,44,62,32,64,231,27,147,145,50,8,16,215,9,38,26,67,144,64,165,155
2,149,16,136,147,225,152,103,14,1,72,179,44,62,32,64,103,27,147,144,50,8,16,215,41,6,154,195,148,64,165,27
7,205,162,158,148,0,142,166,20,67,90,135,96,108,51,65,81,98,19,199,244,200,12,191,40,38,223,128,148,127,176,88
3,193,0,140,4,128,140,165,68,64,80,199,32,8,50,64,72,2,19,197,213,8,4,181,32,32,142,192,29,28,184,28
3,193,32,136,132,129,140,165,4,68,80,135,32,12,50,64,64,3,19,133,212,8,4,149,40,0,142,192,20,28,176,88
3,104,134,158,28,145,138,32,198,192,83,71,96,200,179,96,72,40,50,71,135,104,142,157,0,32,139,136,29,47,120,12
2,195,32,140,132,129,12,37,4,68,80,135,32,38,50,64,68,3,147,133,208,8,4,149,32,32,142,192,28,12,176,88
51,0,67,128,68,18,232,64,109,64,242,199,8,10,182,240,120,129,22,165,141,147,4,200,144,8,138,128,13,14,121,148
3,193,0,140,4,128,140,165,68,64,80,199,32,8,50,192,72,2,19,197,197,8,4,157,32,32,138,128,28,28,184,28
136,0,122,217,118,136,233,80,126,17,118,18,153,139,176,104,98,8,23,152,130,144,37,208,70,169,178,192,181,128,97,161
2,132,18,152,52,165,184,66,175,9,90,18,140,142,32,64,231,27,31,144,18,137,0,215,136,150,154,202,144,0,33,1
2,131,32,136,148,129,14,165,4,5,80,135,32,46,50,64,68,3,131,197,210,8,0,245,40,32,142,193,20,12,180,88
35,201,65,140,84,145,138,226,68,64,88,70,32,8,181,164,72,42,18,79,199,42,4,189,32,8,138,128,93,13,88,140
2,52,144,152,19,229,16,66,22,3,8,51,12,150,96,72,207,27,147,144,34,12,16,210,9,6,154,99,144,72,37,146
2,149,22,152,177,165,184,98,142,25,88,34,140,158,32,64,229,27,19,144,18,8,2,213,13,20,154,202,144,0,33,131
3,201,2,140,20,131,140,101,68,64,80,199,32,8,50,64,72,34,19,133,213,168,4,157,32,32,138,128,29,12,184,28
2,149,0,152,147,193,152,99,22,69,72,179,12,158,34,64,75,27,147,145,114,8,16,215,41,4,154,195,21,12,165,210
3,200,33,140,4,145,134,228,68,64,80,66,32,8,181,224,72,32,18,71,197,168,4,189,32,40,138,128,29,28,120,12
2,220,18,152,19,228,56,70,30,3,64,18,44,150,32,72,231,59,147,128,34,140,16,223,1,38,154,67,16,0,33,27
33,72,123,204,70,129,235,244,69,64,116,2,48,9,181,100,106,96,2,203,193,176,36,253,102,40,162,0,85,153,112,168
3,195,64,136,20,145,140,229,4,69,80,135,32,8,50,64,76,2,19,197,214,40,4,157,40,0,142,192,29,12,184,92
0,193,0,136,132,0,4,37,4,0,80,2,0,0,32,64,64,2,2,128,80,8,0,128,40,32,142,64,20,24,176,8
130,176,16,152,147,229,24,66,22,17,64,18,12,150,96,72,231,27,147,144,50,12,18,215,9,6,154,99,144,8,33,147
2,148,16,152,147,225,176,66,14,1,72,3,12,190,32,64,231,27,147,145,18,8,16,215,9,6,154,67,144,68,37,18
2,16,18,152,35,132,56,64,142,25,80,34,172,150,33,73,230,57,179,129,2,0,18,209,1,48,218,138,16,0,33,139
3,195,0,136,148,129,140,229,4,4,80,135,32,40,50,64,76,3,147,197,214,8,4,157,40,32,142,193,29,12,184,28
3,195,32,136,20,129,140,231,4,69,88,135,32,40,50,64,76,3,147,197,214,8,4,221,40,32,142,193,29,12,184,92
2,149,32,136,151,225,152,98,4,65,88,163,12,62,32,64,75,19,147,145,18,8,20,213,9,4,138,195,149,12,53,82
2,132,18,152,55,165,184,66,30,9,88,18,140,138,32,72,231,3,19,17,50,140,0,215,9,54,26,194,144,8,33,3
3,199,32,136,20,129,140,231,4,69,88,135,32,8,50,64,76,3,147,197,214,8,4,157,40,4,142,193,29,12,184,92
1,193,0,140,132,128,12,37,4,64,80,71,32,10,34,64,64,2,2,132,85,40,0,149,32,32,142,64,28,24,184,12
2,148,18,136,147,165,176,66,14,9,72,18,12,154,32,64,229,27,19,144,18,8,16,215,9,22,26,66,144,8,33,131
2,195,32,136,20,129,140,101,4,5,80,135,32,138,50,64,72,11,147,133,210,8,4,149,32,0,142,193,21,12,180,216
3,193,0,136,20,129,140,229,4,64,80,135,32,8,50,64,72,8,19,197,198,40,4,157,32,32,138,192,28,12,184,28
2,149,18,152,219,229,184,99,142,25,88,34,12,190,32,65,239,27,147,145,18,10,18,213,25,20,154,235,144,76,165,147
3,193,32,140,148,129,140,165,68,64,80,195,32,44,50,96,64,2,19,197,212,8,4,157,40,32,142,192,20,28,176,92
146,128,226,177,4,138,232,16,119,17,114,18,43,11,52,72,106,169,55,145,138,188,65,193,134,234,154,192,167,136,112,0
35,73,98,142,84,177,138,198,68,64,88,199,32,200,183,224,72,106,18,199,135,168,4,253,0,40,138,128,93,31,120,140
2,131,32,136,148,129,12,37,6,5,80,135,32,42,50,64,64,3,147,133,210,8,4,149,40,32,142,192,20,12,176,72
120,32,238,237,68,146,232,80,198,129,119,2,17,139,176,104,120,172,55,152,136,242,167,128,70,233,178,128,37,136,112,128
11,32,120,217,110,152,185,80,172,80,84,131,157,143,242,111,102,25,27,157,134,16,166,208,70,89,234,168,22,132,33,241
130,48,148,152,11,197,16,66,158,27,0,50,12,150,96,73,231,25,147,144,34,68,18,210,1,18,90,42,144,0,33,147
44,200,231,86,84,130,233,176,87,145,119,66,80,225,189,228,121,100,50,120,129,242,46,140,72,46,197,196,199,170,112,32
2,131,32,136,148,129,140,37,4,4,80,135,0,12,50,64,72,2,19,133,212,8,4,149,40,32,142,192,20,12,144,80
3,72,115,77,38,203,167,228,76,64,86,98,48,24,181,100,106,112,18,75,193,184,36,253,37,56,2,2,85,184,117,237
2,149,18,136,147,224,184,99,4,1,90,162,44,62,32,64,111,19,147,129,18,136,16,221,41,38,154,195,20,68,165,19
2,132,18,152,51,164,56,66,60,9,74,18,172,178,32,72,231,35,19,144,18,152,16,215,1,54,154,194,144,64,33,3
135,205,162,150,148,18,174,175,84,195,83,23,64,104,58,105,121,70,18,231,245,252,45,170,40,38,223,196,141,125,184,68
0,201,0,136,4,129,14,164,4,0,80,2,32,8,32,64,72,2,2,64,66,8,0,181,40,0,142,64,20,8,144,8
3,195,32,140,132,129,140,37,4,68,80,135,0,8,50,64,72,2,19,133,212,8,4,149,32,0,142,192,28,12,152,84
130,16,146,153,50,128,56,66,190,25,82,50,140,150,96,72,230,25,51,145,2,156,2,211,4,52,154,202,144,0,33,129
2,131,32,136,148,129,140,99,4,5,88,135,0,14,50,64,76,2,147,133,210,8,0,149,40,32,138,193,20,12,180,80
130,48,144,152,3,197,144,64,22,3,0,18,12,150,96,8,237,25,147,144,34,68,18,210,9,6,154,42,144,8,37,146
32,72,104,76,68,147,199,244,68,64,116,2,49,73,181,32,72,232,19,74,194,170,36,61,98,9,160,32,117,155,112,168
2,135,18,136,146,224,56,103,12,5,90,163,44,38,32,64,102,19,147,128,18,136,0,213,40,36,138,195,148,4,165,91
2,131,34,140,150,128,172,103,4,5,90,135,40,42,50,64,110,3,147,133,208,136,4,213,32,32,138,192,28,12,185,88
56,0,98,97,68,18,232,80,69,160,118,2,81,9,188,96,120,132,23,168,136,178,37,128,70,233,160,132,103,168,112,128
66,32,18,136,108,0,184,64,136,16,16,8,140,138,96,11,138,9,19,128,0,3,130,208,4,16,202,168,20,0,35,129
56,72,74,238,68,131,194,240,4,0,116,2,115,73,49,80,88,232,23,106,74,162,8,61,114,233,160,0,119,155,112,136
2,0,18,152,38,132,184,64,142,25,80,2,140,146,96,73,230,9,19,16,2,16,2,209,4,16,90,138,16,8,33,129
130,144,18,152,19,229,56,66,30,11,64,50,12,150,32,72,231,25,147,144,34,132,18,215,1,54,26,66,144,0,33,131
2,135,0,136,148,129,12,39,4,5,88,135,32,42,50,64,64,35,131,133,86,136,4,221,40,32,138,193,20,12,188,72
0,0,0,129,68,8,168,64,136,16,16,2,140,10,64,2,42,129,2,128,0,32,0,192,4,0,138,40,85,8,17,128
3,72,35,140,4,16,138,164,68,64,80,70,32,8,181,224,72,96,18,199,133,160,36,185,0,40,138,128,29,61,120,44
2,148,18,136,19,225,56,98,4,1,74,163,12,22,32,64,103,27,147,144,18,136,16,215,9,38,154,195,148,0,37,18
2,148,0,136,147,225,24,98,4,3,8,179,8,54,32,64,75,19,147,144,50,8,16,215,9,6,154,195,148,76,36,18
2,131,2,140,144,192,8,39,4,5,88,163,40,38,48,64,70,19,147,133,82,136,0,213,40,32,138,193,20,12,180,88
2,135,32,136,148,161,140,39,4,69,88,167,0,44,50,64,76,3,147,133,86,8,4,149,40,0,142,193,21,12,148,88
3,193,32,140,4,145,140,101,68,64,80,70,32,8,178,224,72,34,18,5,197,40,4,157,32,32,138,128,29,28,184,12
130,0,22,145,70,128,168,64,172,16,82,18,140,138,96,75,106,9,2,128,0,176,2,192,20,0,202,128,21,8,33,128
3,195,32,140,148,128,140,167,68,68,88,135,32,40,50,64,64,2,19,197,212,8,4,157,32,32,142,192,28,28,184,88
3,201,0,140,20,145,140,37,68,64,80,70,32,40,178,224,64,34,18,197,213,136,4,157,32,32,142,128,28,12,184,12
2,145,16,136,146,193,152,99,12,9,88,34,12,30,32,64,230,19,147,144,18,8,0,213,8,0,138,194,20,0,161,3
0,193,0,136,132,129,12,37,4,0,80,2,0,8,48,64,64,0,2,1,80,8,0,149,32,32,142,64,20,8,144,8
3,193,32,136,20,129,12,229,4,68,80,135,32,12,50,64,72,2,19,5,198,8,4,149,32,0,142,192,20,12,144,216
2,135,2,136,146,128,56,103,4,5,90,163,40,6,32,64,110,51,147,132,82,136,0,221,40,32,138,193,20,4,165,88
33,201,105,204,84,129,143,244,68,0,116,2,48,136,180,100,72,40,18,201,195,170,36,189,96,8,170,128,85,152,112,172
2,193,0,140,148,129,132,165,4,1,80,2,32,40,48,64,64,2,19,1,82,40,0,149,40,32,142,192,20,8,144,8
2,195,34,136,22,129,188,101,4,69,80,135,40,14,50,64,110,3,147,133,214,136,4,221,32,32,138,192,29,12,177,220
66,0,16,128,108,8,168,64,136,0,48,10,140,138,96,2,170,1,31,128,0,35,2,192,4,16,138,184,20,8,3,128
66,0,16,128,108,0,184,64,136,0,48,10,140,138,96,2,138,1,31,128,0,35,2,192,4,16,138,184,20,8,3,129
2,32,18,136,108,9,184,64,138,16,16,8,140,130,96,3,130,9,83,0,2,97,130,208,4,16,10,168,20,8,1,129
32,201,96,76,84,145,198,244,69,0,116,2,32,8,180,100,72,170,18,72,194,170,36,189,34,8,128,0,119,152,112,172
3,201,96,140,20,145,140,101,68,64,80,7,32,8,182,96,72,34,19,197,214,168,36,253,32,40,138,192,21,12,240,204
2,149,2,140,18,128,56,39,4,65,90,163,40,38,32,64,102,51,147,133,82,136,0,221,32,36,138,192,20,4,161,89
130,48,144,144,15,133,144,64,158,24,16,18,12,158,96,11,172,25,147,129,2,66,146,192,1,16,90,170,16,8,33,131
3,200,1,140,4,145,142,164,68,64,80,67,32,8,183,224,72,96,18,69,197,32,4,189,32,40,138,128,29,28,120,12
2,133,2,140,148,128,140,39,4,0,88,2,32,42,48,64,72,34,19,129,82,136,0,221,32,32,138,128,20,8,176,8
3,195,0,136,4,129,140,37,4,68,80,135,32,8,50,64,72,2,19,133,212,8,4,149,32,32,138,192,28,12,184,84
1,8,99,204,4,16,131,16,68,192,84,66,48,0,181,228,72,96,18,203,129,160,36,168,0,40,138,0,23,169,112,108
7,141,0,138,132,16,142,164,68,64,88,71,96,104,187,224,72,66,18,199,213,40,12,184,40,36,142,128,156,127,184,4
3,193,32,140,4,128,140,37,68,68,80,135,32,8,50,64,64,0,19,133,212,8,4,149,32,32,138,192,28,12,184,92
3,193,32,140,4,17,140,37,68,68,80,135,32,8,50,96,72,0,19,5,197,40,36,157,32,32,142,128,28,28,184,76
7,201,128,134,148,144,142,165,70,192,24,71,96,104,187,224,89,98,50,85,135,40,12,189,40,6,143,192,157,62,24,12
3,193,32,140,132,129,140,37,4,64,80,131,32,12,48,64,72,0,19,5,212,8,4,149,32,32,142,128,20,12,176,80
0,128,4,152,4,129,8,32,132,16,80,2,0,10,32,65,72,0,2,128,0,8,2,149,0,32,202,64,20,8,48,0
2,4,34,140,4,32,136,2,68,2,90,2,32,40,48,64,73,2,19,1,128,164,0,131,0,36,138,128,149,72,48,0
34,21,114,206,23,242,176,99,68,1,91,34,104,252,60,96,120,59,147,145,18,184,52,205,43,46,138,67,133,10,244,134
35,137,65,136,244,144,172,229,204,65,112,66,172,10,180,228,74,43,22,193,211,58,96,253,44,56,142,200,20,8,241,172
50,201,64,170,84,129,78,228,5,0,144,10,35,136,48,0,72,234,23,195,74,43,8,189,176,192,143,184,53,26,176,136
8,217,58,168,110,133,151,245,142,8,84,34,60,159,32,64,238,57,147,193,194,42,18,253,115,161,46,232,21,24,161,139
2,237,4,154,28,129,142,230,134,68,88,135,32,206,114,0,77,123,147,213,66,8,8,191,40,6,143,232,20,30,148,216
40,201,106,204,84,129,239,245,69,0,116,2,57,11,180,68,110,226,2,202,194,170,32,253,98,169,166,192,119,152,240,168
6,40,0,138,20,129,138,192,4,0,17,2,64,202,104,0,88,8,19,242,2,34,8,212,0,0,139,172,20,11,48,128
56,201,104,204,84,147,206,116,68,64,84,135,49,77,182,0,72,160,23,239,200,170,36,189,98,105,160,128,119,156,112,216
57,72,98,76,84,147,198,116,69,64,118,6,51,8,183,96,72,160,22,79,205,186,36,189,98,105,160,128,127,156,120,204
3,133,34,140,148,147,140,39,68,64,90,71,32,40,50,96,72,34,19,5,213,184,4,157,32,36,138,128,29,12,184,76
48,8,98,76,68,146,235,112,109,0,247,2,107,11,181,116,122,160,6,234,136,179,36,204,82,232,130,0,119,171,96,164
6,58,18,144,82,193,186,64,140,4,81,167,12,142,33,8,110,57,131,211,2,146,0,224,20,0,138,203,69,11,37,145
51,0,98,76,68,17,232,64,85,64,114,7,40,136,182,40,120,169,18,133,132,178,4,201,18,44,146,128,93,140,120,140
2,132,2,153,52,162,168,35,60,1,90,18,172,42,48,64,227,35,19,129,48,152,0,223,4,54,154,192,20,72,161,8
2,133,98,136,151,209,188,103,4,69,88,167,40,46,182,64,110,19,147,133,214,136,36,213,42,36,138,195,21,12,181,222
2,139,38,152,22,128,184,230,140,5,90,131,40,142,48,64,110,51,179,213,146,136,2,245,40,32,154,193,149,4,181,217
82,209,18,140,19,196,48,71,172,1,202,34,44,146,32,64,230,51,187,144,18,137,18,197,177,36,26,74,0,0,161,11
2,145,2,136,87,193,188,103,4,1,72,131,44,158,32,64,74,59,147,129,82,138,16,221,33,32,138,75,21,8,181,154
35,200,99,138,84,145,138,228,68,64,112,70,32,200,181,164,72,40,18,203,199,170,12,253,50,8,138,168,93,31,120,140
2,131,22,156,18,192,184,103,132,1,90,162,40,166,32,65,110,51,163,129,18,152,2,237,32,34,218,195,20,0,165,26
35,200,34,138,20,145,138,228,68,64,80,71,32,136,182,224,72,40,18,197,199,170,4,189,32,8,138,128,93,30,120,156
3,203,34,136,20,145,142,101,6,5,80,135,32,136,50,64,72,42,19,197,198,136,4,189,32,32,138,192,21,12,184,204
2,128,0,140,4,129,8,32,4,0,80,2,0,10,32,64,64,0,19,0,80,40,0,149,0,32,138,192,20,8,48,0
131,135,2,140,20,129,12,103,4,65,90,199,32,8,50,192,64,34,19,69,230,136,4,159,32,32,138,128,28,12,184,28
2,135,32,136,148,129,156,167,6,5,88,163,32,44,50,64,77,3,131,133,82,8,4,189,40,36,142,193,20,12,180,72
2,128,0,136,4,129,8,96,4,0,16,131,0,6,32,64,68,1,19,132,2,0,0,149,8,0,138,192,20,12,16,64
3,201,65,140,4,17,142,164,68,64,80,70,48,0,181,224,72,98,18,79,197,136,36,189,32,40,174,128,28,56,80,108
2,131,0,140,20,129,140,97,4,4,80,199,32,10,50,64,76,3,147,133,214,136,4,221,32,32,138,192,28,12,184,8
2,37,16,136,177,165,152,67,14,9,88,2,140,178,96,8,135,27,19,16,18,10,18,209,9,20,26,234,144,72,161,131
50,0,66,168,68,2,200,72,1,0,241,2,67,8,60,0,88,136,23,161,8,179,0,140,18,200,130,132,117,170,112,128
3,72,97,140,4,16,142,164,68,64,80,198,32,12,183,228,72,96,18,207,197,160,36,253,32,40,138,128,29,61,112,92
2,33,144,136,244,161,184,67,14,1,88,2,140,170,96,0,206,27,19,17,18,40,0,208,8,20,154,234,148,72,161,129
61,8,106,76,68,18,227,80,69,192,119,2,83,73,181,96,88,228,23,106,136,178,36,136,82,233,161,0,103,171,112,160
131,181,32,128,178,165,152,67,14,73,24,179,12,190,96,32,207,27,147,149,150,8,0,215,40,16,142,226,148,68,177,215
128,4,130,137,20,34,160,66,20,3,82,18,0,130,40,72,121,8,2,144,34,150,0,194,4,36,146,0,148,72,48,128
2,151,32,152,151,197,148,103,30,79,88,183,12,60,34,65,205,19,147,129,242,40,16,151,41,6,158,195,21,76,181,91
3,133,115,204,134,0,173,55,108,64,94,130,57,39,180,100,102,51,19,140,209,136,36,205,98,40,170,128,55,128,161,108
2,149,20,153,178,161,56,35,30,19,88,176,140,54,32,73,135,19,147,16,50,24,0,215,12,54,90,194,148,64,133,17
119,8,98,140,76,16,234,64,129,196,147,135,72,204,55,2,108,229,31,231,140,3,164,200,18,40,139,136,5,39,115,84
2,147,32,136,148,129,156,39,4,69,88,167,32,44,50,64,76,3,147,133,214,8,4,149,40,32,142,193,29,12,188,92
3,203,32,136,148,129,140,165,4,69,80,135,32,44,50,64,72,3,19,197,212,8,4,189,40,0,142,192,28,28,184,92
3,195,32,140,148,129,140,165,68,69,80,135,32,8,50,64,64,2,19,133,214,8,4,157,40,32,142,192,28,12,184,88
2,203,32,136,148,129,140,231,4,69,88,135,32,46,50,64,76,3,147,197,214,8,4,157,40,32,142,192,28,12,184,88
2,131,34,140,148,129,140,103,4,69,88,135,32,8,50,64,72,34,147,133,214,136,4,157,32,32,138,192,28,12,184,92
2,149,18,136,19,224,48,99,12,1,74,2,44,50,32,64,226,19,147,128,18,136,16,213,9,36,10,67,16,0,165,2
33,72,105,206,84,129,131,244,68,0,116,2,48,9,181,100,72,40,18,75,195,170,36,189,32,8,130,0,85,155,112,172
2,149,18,136,23,224,184,98,4,1,72,162,12,30,32,64,239,27,147,145,18,136,16,213,9,36,154,195,148,4,37,146
2,131,2,140,148,128,172,103,4,5,88,135,40,46,50,64,76,35,131,133,82,136,0,221,40,36,138,193,21,12,180,200
130,128,18,153,52,128,184,64,62,9,82,18,140,130,32,72,230,9,19,144,2,148,2,213,4,52,154,192,148,0,33,128
33,200,99,206,84,129,203,240,69,0,116,2,48,201,181,36,88,40,18,203,195,170,44,189,96,8,162,136,119,139,112,168
3,195,32,136,22,145,140,229,4,68,80,135,40,14,182,64,78,11,147,197,198,8,4,221,32,8,138,192,29,12,185,220
2,148,18,152,19,164,184,66,30,9,88,18,12,158,32,72,231,27,147,145,50,156,16,215,13,22,154,194,144,4,33,147
32,8,106,78,68,131,235,80,68,0,119,2,113,73,177,96,120,32,19,234,128,176,0,45,66,169,162,0,117,187,112,168
2,0,18,129,70,137,168,64,172,0,82,2,140,138,112,72,106,41,27,17,0,177,0,192,20,16,138,128,5,8,49,128
3,200,99,204,4,145,134,228,68,64,80,66,32,8,181,228,72,32,18,75,197,168,36,189,32,40,130,128,85,56,112,44
33,72,106,204,68,2,239,112,68,128,116,2,113,9,181,100,120,160,22,234,200,178,36,204,114,40,160,128,117,187,112,168
2,144,146,152,19,228,56,66,30,1,72,19,44,150,32,64,231,59,147,145,18,136,18,215,9,36,154,203,144,4,37,211
2,149,34,136,147,225,152,39,6,69,88,163,44,62,32,64,75,51,147,129,18,136,0,221,40,36,154,195,20,12,181,90
2,149,18,136,147,225,144,103,14,1,72,179,44,62,32,64,231,19,147,145,50,8,16,223,41,38,154,195,148,68,165,27
3,195,32,136,148,129,140,229,4,68,80,135,32,14,50,64,72,3,147,197,214,8,4,189,40,0,142,192,29,28,184,92
2,149,16,136,147,225,56,103,4,1,72,163,12,22,32,64,103,19,147,144,18,8,16,213,40,4,142,195,148,64,165,18
2,129,0,140,132,129,12,37,4,0,80,2,32,2,48,64,64,2,19,129,80,8,0,149,32,32,138,192,20,8,176,8
7,141,162,158,148,128,142,166,20,67,88,131,96,108,51,105,89,98,19,71,244,104,12,191,40,38,207,128,149,127,176,92
3,193,32,140,148,129,140,229,4,5,80,199,32,8,50,64,72,3,19,197,214,8,4,149,40,32,142,192,28,12,184,92
3,106,2,142,28,145,138,64,198,68,208,135,32,200,115,64,72,40,123,199,198,3,134,189,0,0,139,184,29,47,56,84
2,195,32,136,132,129,12,37,4,68,80,135,32,6,50,64,68,3,147,133,208,8,4,213,32,32,142,192,28,28,180,88
55,0,66,128,68,18,232,64,109,64,243,199,8,10,186,240,122,169,23,167,141,179,4,200,144,0,138,128,77,14,120,148
3,193,0,140,4,144,140,165,68,64,80,71,32,8,50,192,72,2,19,197,197,8,4,157,32,32,142,128,28,28,184,28
136,0,122,209,70,136,233,80,126,17,118,18,153,131,240,104,98,8,23,152,130,144,37,208,68,41,178,192,183,128,97,160
2,148,18,152,52,165,184,66,175,9,90,50,140,142,32,64,231,19,31,144,18,137,0,215,136,150,154,202,144,0,33,1
2,203,0,136,148,129,14,165,4,5,80,135,32,46,50,64,68,3,131,197,82,8,0,253,40,32,142,193,20,12,180,88
35,205,64,140,84,145,138,230,68,64,88,70,32,8,183,164,72,42,18,79,199,42,4,189,32,8,138,128,93,29,88,140
2,48,144,152,19,229,16,66,30,19,0,18,12,150,96,72,239,27,147,144,34,4,18,210,9,6,154,99,144,72,37,147
2,149,22,152,177,165,184,98,142,25,88,34,140,190,32,64,228,27,19,144,18,8,2,213,13,20,154,202,144,0,33,131
2,135,0,136,148,193,140,103,4,5,88,163,0,46,50,64,76,3,131,149,82,8,0,149,40,0,138,193,148,12,180,64
3,137,2,140,20,131,140,97,4,64,80,135,32,8,50,64,72,34,19,133,212,168,4,157,32,32,138,128,29,12,184,28
2,149,0,152,147,193,152,99,22,69,72,179,12,158,34,64,235,27,147,145,114,8,16,215,41,4,154,67,21,12,165,210
2,156,18,136,19,225,56,102,6,1,72,162,44,22,32,64,111,51,147,128,34,136,16,223,33,38,154,195,20,0,37,26
3,200,33,140,4,145,142,228,68,64,80,66,32,8,181,224,72,32,18,69,197,168,4,189,32,40,138,128,29,28,120,12
33,72,115,204,70,129,171,244,76,0,116,2,48,9,181,100,106,96,18,203,193,176,36,253,100,40,162,0,87,153,112,168
2,193,0,136,132,1,132,165,4,0,16,2,0,8,48,64,72,2,19,129,80,40,0,133,40,0,142,192,20,8,144,8
130,176,16,152,147,229,24,66,22,17,64,18,12,150,96,72,239,27,147,145,50,12,18,215,9,4,154,99,148,8,37,146
37,72,107,78,68,131,195,112,68,192,117,66,112,65,189,100,88,96,18,106,193,162,44,60,96,40,161,128,85,187,112,160
2,133,16,136,147,225,152,99,6,69,72,163,12,190,32,64,107,27,147,145,18,8,0,213,41,4,138,195,148,4,165,210
62,0,98,236,70,2,216,80,1,192,244,135,75,77,60,0,94,189,151,165,136,178,0,136,18,233,160,132,103,174,112,208
2,0,34,136,28,131,136,72,6,0,80,2,0,136,48,72,88,8,51,145,146,178,3,148,16,32,138,232,20,8,48,128
2,133,32,152,147,225,152,67,22,5,88,179,12,174,34,64,107,27,147,145,18,8,0,215,8,6,154,195,148,76,165,66
66,0,20,153,108,136,168,0,172,16,16,0,140,138,80,75,194,1,106,17,2,96,194,192,4,16,74,168,84,8,1,128
2,149,48,136,151,225,152,98,6,1,72,163,12,62,32,64,235,19,147,145,18,8,16,213,9,4,138,195,149,12,53,82
2,128,18,153,52,165,184,66,30,9,82,18,140,154,48,72,227,11,19,17,50,156,0,215,12,54,26,194,144,8,33,129
1,193,0,140,132,128,12,165,4,64,80,71,32,10,34,64,64,2,2,132,85,8,4,149,32,32,142,64,28,28,184,12
3,199,32,136,20,129,140,231,6,5,88,135,32,140,50,64,76,43,147,133,198,8,4,253,32,36,138,193,21,12,184,220
2,131,0,136,148,129,140,101,4,4,80,135,0,14,50,64,76,11,147,133,82,8,0,213,32,0,138,193,21,12,180,200
2,149,18,152,219,229,184,99,30,17,72,51,44,190,32,65,238,27,147,145,18,10,18,213,25,16,154,203,144,12,165,147
3,200,1,140,20,145,138,228,68,64,80,70,32,8,180,224,72,32,18,69,199,40,36,189,32,40,138,128,29,28,56,140
3,193,32,140,148,129,140,167,68,64,88,195,32,44,50,96,64,2,19,133,212,8,4,157,40,32,142,192,20,28,184,92
130,128,242,249,38,136,232,2,63,1,82,18,141,10,52,72,103,169,23,145,162,188,1,211,4,126,154,192,181,0,113,129
39,9,99,78,84,147,138,64,68,64,89,70,32,200,181,228,72,104,18,207,133,162,44,253,34,40,138,128,95,175,120,196
2,131,32,136,144,129,140,103,6,5,88,167,32,46,50,64,68,3,131,149,210,8,0,213,40,36,142,193,148,12,180,64
56,0,110,237,4,146,104,80,118,129,118,2,17,139,176,72,120,172,55,152,136,242,163,128,66,233,242,192,101,136,112,128
11,32,104,193,70,152,185,80,172,80,86,130,153,143,242,107,110,9,19,157,131,16,166,208,86,9,234,168,54,128,49,241
2,32,112,234,116,129,218,104,137,0,49,10,47,203,61,16,190,169,23,99,130,34,8,221,146,216,139,234,87,139,3,129
55,2,67,164,70,18,72,80,33,192,243,199,75,14,61,208,126,173,151,166,141,147,4,204,146,232,130,132,109,174,104,213
2,176,144,153,19,193,184,66,22,49,64,179,172,158,96,72,110,57,147,145,18,158,82,209,13,4,154,227,149,12,37,154
130,48,148,152,11,133,48,64,158,27,80,18,12,150,96,73,231,25,179,144,34,68,18,210,9,18,90,234,144,0,33,131
39,200,231,86,20,146,171,176,86,145,115,66,96,192,252,228,121,108,50,216,131,240,175,140,8,42,199,196,71,170,112,36
2,131,32,136,148,129,140,37,4,4,80,135,0,8,50,64,72,2,19,133,214,8,4,149,40,32,142,192,20,12,144,80
33,74,123,77,6,195,167,244,76,68,86,162,48,28,181,100,110,112,18,107,193,184,36,253,36,40,34,128,85,185,117,173
2,149,18,136,147,224,184,99,4,1,90,162,44,62,32,64,111,19,147,128,18,136,16,215,41,38,154,195,20,64,165,19
2,132,18,152,49,164,56,66,60,9,74,18,172,178,32,64,231,43,51,144,18,152,16,215,9,54,154,194,144,0,33,3
32,72,104,206,84,145,199,240,69,0,116,2,48,201,181,36,72,232,19,74,192,162,44,189,98,8,162,8,119,187,112,168
135,204,162,150,148,18,174,175,84,199,83,23,64,104,58,105,121,102,19,231,244,252,45,170,40,38,223,196,141,125,184,68
0,201,0,136,4,129,14,164,4,0,16,2,32,8,32,64,72,0,2,64,82,8,0,181,40,0,138,64,20,8,144,8
52,18,82,164,38,10,80,88,1,132,242,167,15,10,46,80,254,149,132,32,8,179,65,136,144,208,128,23,101,168,116,67
3,195,32,136,132,129,140,37,4,68,80,135,0,8,50,64,72,2,19,5,212,8,4,149,32,32,142,192,28,12,152,84
130,196,0,152,148,129,12,231,20,2,16,18,8,2,32,65,73,1,19,128,114,12,0,215,40,2,158,192,20,24,176,8
130,0,146,153,112,128,56,64,190,1,82,144,140,134,96,72,230,9,19,145,2,156,130,208,4,52,154,202,148,0,33,129
3,192,0,140,4,145,140,165,68,64,80,199,32,8,50,192,72,0,19,197,197,40,4,157,32,32,142,128,29,28,184,92
2,32,82,128,102,136,184,64,169,16,112,2,140,138,96,67,238,25,23,144,2,49,128,192,20,16,10,136,68,0,35,129
41,72,106,78,68,147,235,112,69,192,116,2,113,73,181,100,120,160,19,106,192,178,36,173,66,105,160,128,119,187,112,168
130,48,144,152,11,133,184,64,158,27,16,18,12,154,96,11,228,25,179,144,2,70,2,208,1,16,90,170,16,8,33,131
33,200,104,204,68,145,143,244,68,64,84,2,48,8,181,100,72,96,18,206,193,168,36,189,98,8,162,128,85,184,112,236
2,135,18,136,146,224,56,103,12,5,90,163,44,38,32,64,102,19,147,128,18,136,0,213,40,36,138,195,148,4,165,91
2,131,34,140,150,128,172,167,4,69,90,199,40,42,50,64,110,3,147,197,208,136,4,221,32,32,142,192,28,12,185,88
2,4,128,152,19,225,152,66,22,69,72,179,12,158,96,72,79,27,147,145,18,12,0,215,8,4,154,227,148,76,53,82
130,48,144,152,35,133,184,64,30,27,80,18,12,146,96,72,229,25,147,144,2,68,146,210,1,20,154,170,144,0,33,131
56,72,74,238,68,131,194,240,4,0,116,2,51,73,49,0,88,232,23,106,74,162,8,61,98,201,160,0,119,155,112,136
2,16,18,152,39,132,56,64,158,25,80,18,140,146,96,73,230,25,51,16,2,212,2,209,1,16,90,202,144,8,33,131
130,144,18,152,19,229,56,66,30,3,64,50,12,150,32,72,231,25,147,144,34,140,16,215,1,38,26,66,144,0,37,147
2,135,2,136,148,129,8,39,4,5,88,135,32,10,50,64,64,34,131,133,214,136,4,221,40,32,138,193,20,12,188,76
0,0,4,129,76,137,168,64,136,16,16,2,140,130,96,3,106,1,2,128,2,32,2,192,4,16,202,40,20,8,1,128
2,132,0,136,19,225,152,66,6,69,88,179,12,142,32,64,75,27,147,145,18,12,0,215,8,6,154,227,148,76,53,82
2,148,18,136,19,225,56,66,6,1,74,179,12,150,32,64,103,27,147,144,18,136,16,215,9,38,154,195,148,0,37,18
3,193,0,140,4,145,140,165,68,64,80,199,32,8,50,192,72,0,19,197,197,8,4,157,32,32,138,128,29,28,184,28
2,149,0,136,147,225,24,99,4,1,72,179,12,54,32,64,75,19,147,144,50,8,16,215,41,4,138,195,148,76,165,18
2,131,2,140,144,192,8,35,4,5,88,163,40,6,48,64,70,19,147,133,82,136,0,213,40,32,138,193,20,12,180,88
2,135,32,136,148,129,140,167,4,69,88,135,32,44,50,64,72,3,147,133,214,8,4,149,40,32,142,193,21,12,156,92
3,193,0,140,4,145,140,101,68,64,80,70,32,8,178,224,72,34,18,5,197,40,4,157,32,32,138,128,29,28,184,12
2,131,32,136,148,129,140,101,4,4,80,135,0,10,50,64,76,3,147,133,214,8,4,149,40,32,138,193,20,12,176,88
3,195,0,140,148,128,140,167,4,68,88,135,32,40,50,64,68,2,147,197,212,8,4,157,32,32,142,192,28,28,184,88
130,0,22,145,6,129,168,64,28,19,82,18,140,130,96,73,103,9,51,144,2,212,2,208,4,0,218,128,148,8,33,128
3,201,0,140,20,145,140,165,68,64,80,199,32,8,178,224,64,34,18,197,199,136,4,189,32,32,142,128,28,28,184,28
0,193,0,140,4,129,132,37,4,0,80,2,32,8,48,64,72,2,2,1,80,40,0,149,32,32,138,0,20,8,144,8
2,145,16,136,182,225,184,99,12,9,88,34,12,26,32,64,230,19,147,145,18,8,0,213,8,0,138,194,20,8,161,3
2,128,32,136,4,129,8,32,4,64,80,131,0,14,50,64,68,1,19,133,192,8,0,149,0,32,138,192,20,12,48,80
2,32,22,136,108,132,184,64,136,24,16,0,140,158,96,2,134,17,91,1,2,35,130,208,20,16,10,170,20,0,33,131
0,193,0,136,4,129,12,37,4,0,80,2,0,10,48,64,72,0,19,129,80,8,0,149,32,32,138,64,20,8,144,8
3,193,32,136,20,129,12,229,4,68,80,135,32,12,50,64,72,2,19,69,198,8,4,157,32,0,138,192,20,12,144,216
3,193,34,140,20,145,140,101,68,65,80,199,40,8,50,192,72,43,19,197,215,136,4,221,32,32,138,192,29,12,184,92
33,201,107,204,84,129,143,244,68,0,116,2,48,136,180,100,72,40,18,203,195,170,36,189,96,40,162,128,85,152,112,172
2,193,0,140,148,129,132,165,4,1,80,2,32,8,48,64,64,2,19,1,82,40,0,149,40,32,142,192,20,8,144,8
2,148,18,153,55,165,184,66,62,9,74,18,44,158,32,64,231,59,19,145,18,152,16,215,9,52,26,202,144,0,33,131
2,32,18,136,108,9,184,64,138,16,16,8,140,130,96,3,130,9,19,0,2,1,130,208,4,16,10,168,20,8,1,129
3,201,98,140,20,145,140,101,68,64,80,3,32,8,182,96,72,34,19,197,214,168,36,221,32,40,138,128,21,12,240,204
2,149,2,140,18,128,60,103,4,65,90,167,40,38,50,64,102,51,147,133,82,136,0,221,32,36,138,192,20,4,177,89
130,48,144,144,75,133,152,64,158,24,16,18,12,158,96,9,172,25,147,1,2,66,146,192,1,16,90,170,16,8,33,131
2,193,2,140,148,128,140,167,4,0,88,2,32,42,48,64,72,34,19,193,82,136,0,221,32,32,142,192,20,8,176,8
3,193,32,136,4,129,140,37,4,68,80,135,32,12,50,64,72,2,19,133,215,40,4,149,32,32,142,192,28,12,184,92
3,72,99,204,4,16,139,132,68,64,80,66,32,0,181,228,72,96,18,203,129,160,36,169,0,40,138,128,23,61,112,108
7,205,0,142,148,16,142,164,68,64,88,199,96,104,59,192,73,66,18,199,213,8,12,185,40,36,142,192,156,127,184,28
3,193,0,140,132,128,140,37,4,68,80,135,32,12,50,64,64,2,19,133,212,8,4,149,32,32,138,192,28,12,184,92
3,193,32,140,4,16,140,37,68,68,80,135,32,8,50,64,72,0,19,133,212,40,36,149,32,32,142,192,28,12,184,92
3,201,128,158,148,144,142,165,70,65,24,199,96,232,123,64,88,106,51,85,199,40,14,189,40,6,143,128,157,30,184,28
2,193,32,140,132,129,140,37,4,64,80,131,32,12,48,64,72,2,19,133,208,8,4,149,32,32,142,192,20,12,176,88
2,129,0,136,132,128,12,37,4,0,80,2,32,2,48,64,64,3,19,129,80,8,0,149,32,32,142,192,20,8,176,0
128,128,4,156,4,129,8,96,20,2,80,18,32,8,48,73,72,0,51,129,32,36,0,159,0,34,218,0,20,8,48,0
2,141,128,141,52,162,170,39,14,9,90,0,164,40,49,64,201,98,19,17,0,184,65,191,44,54,154,128,148,72,16,8
34,21,114,204,23,242,178,99,68,1,91,34,104,124,44,96,250,59,147,145,18,184,48,205,43,38,138,67,213,10,245,134
35,137,65,137,244,152,236,229,77,65,112,66,172,10,180,228,106,171,18,201,215,58,100,253,44,56,142,232,20,8,241,172
2,1,34,136,132,0,172,69,68,0,82,2,8,8,48,64,104,2,19,129,208,160,4,192,32,32,142,128,21,24,176,0
58,201,64,168,84,129,206,244,5,0,208,10,35,200,48,0,72,171,23,195,74,42,0,189,178,201,166,232,53,156,112,200
8,217,58,236,110,197,158,244,134,8,84,34,61,159,32,64,110,57,151,195,66,43,18,189,115,193,170,171,53,8,37,155
2,252,4,138,156,129,154,230,134,80,88,167,32,206,50,64,77,123,155,213,66,9,10,253,40,4,143,224,20,30,176,216
130,143,0,154,148,129,142,167,20,1,88,2,64,42,48,64,72,66,19,195,114,40,8,183,40,4,142,193,148,24,176,8
56,201,66,232,84,129,239,245,5,0,116,2,57,11,176,68,104,138,6,202,74,170,0,189,98,233,166,192,119,152,240,136
59,201,98,236,84,147,206,116,69,64,116,139,51,77,182,32,72,168,23,111,204,170,36,189,114,73,160,128,119,188,80,216
36,104,0,128,68,129,138,192,4,0,48,10,0,136,113,0,72,200,19,195,2,34,8,160,16,0,138,40,85,57,50,136
57,72,98,108,84,147,198,116,69,64,244,2,35,8,183,36,72,168,22,111,205,186,36,173,50,105,160,128,119,188,112,204
51,66,98,140,84,147,160,64,212,196,240,135,34,200,54,0,88,40,23,5,204,183,6,159,16,12,138,128,93,12,120,220
3,141,35,140,150,144,172,231,76,65,90,66,40,42,180,228,110,3,19,197,215,136,36,253,32,40,142,194,29,12,185,109
6,58,2,152,114,193,184,64,140,12,81,167,140,206,35,9,238,57,147,211,2,146,2,224,20,16,138,203,5,13,37,209
59,2,98,44,68,145,232,96,197,4,116,135,33,200,190,0,120,168,7,173,140,179,38,221,18,105,130,137,125,174,120,196
3,133,34,140,148,146,140,39,4,68,90,135,32,40,50,64,72,34,19,133,212,152,4,157,32,32,138,128,28,12,184,92
2,133,2,153,52,162,168,35,60,1,90,18,172,42,48,64,230,35,19,129,16,152,0,223,4,54,154,192,20,0,161,8
2,135,2,136,178,128,56,103,14,5,90,135,44,46,50,64,230,11,147,133,214,152,4,223,44,36,154,192,28,4,169,89
35,141,106,207,68,146,175,119,68,0,92,2,48,41,180,100,104,42,19,173,192,186,101,221,102,40,170,128,23,202,112,232
35,72,99,204,68,147,207,104,69,64,112,66,32,200,181,164,88,168,19,239,197,162,36,221,50,40,130,168,87,191,112,236
2,139,38,152,30,192,184,230,140,21,90,135,40,206,48,64,110,51,187,213,130,137,6,245,40,32,154,201,21,12,53,88
82,209,18,136,19,196,48,71,172,1,202,2,44,146,32,64,230,51,187,144,18,139,18,197,177,164,26,75,16,0,161,11
2,129,2,136,215,193,188,103,4,1,72,131,44,158,32,64,106,59,147,129,82,138,16,221,33,32,138,75,21,12,181,154
35,141,99,204,84,146,143,107,68,2,88,66,32,72,180,228,88,40,18,171,245,170,36,223,32,44,142,192,21,40,240,236
35,201,98,138,84,145,142,228,68,64,80,71,32,136,182,224,72,40,19,199,199,170,4,253,48,8,138,136,93,30,120,140
2,131,6,156,18,192,184,103,132,5,90,162,40,166,32,64,110,51,171,129,18,137,2,229,32,34,218,195,20,0,165,26
3,203,34,136,20,145,138,228,4,5,80,135,32,136,50,64,72,42,3,197,198,138,4,189,32,32,138,192,29,12,184,204
2,128,0,136,4,129,8,32,4,0,80,2,0,0,32,64,64,0,19,0,80,8,0,149,0,32,138,192,20,8,48,0
131,205,2,140,20,129,14,103,4,64,90,199,32,8,50,192,64,34,19,69,231,140,4,191,32,32,138,128,28,12,184,28
2,135,32,140,148,129,140,231,6,5,88,167,32,44,50,64,77,3,131,133,86,8,4,157,40,4,142,193,20,12,188,72
3,201,9,140,4,145,142,164,68,64,80,70,48,32,181,224,72,98,18,79,197,136,36,61,32,40,174,128,28,56,88,76
56,0,104,97,68,18,232,88,65,160,118,2,81,9,188,32,120,140,23,168,136,178,101,136,86,233,160,132,119,136,112,128
2,128,0,136,4,129,8,32,4,0,80,2,0,8,48,64,64,0,19,1,64,8,0,149,0,32,138,192,20,8,16,0
60,8,106,238,68,130,202,80,68,0,117,2,113,73,177,64,120,160,6,234,136,162,12,172,66,233,162,0,117,171,112,128
2,32,144,153,100,169,168,66,30,19,24,0,140,138,96,8,139,11,19,16,2,0,2,208,4,20,26,168,148,72,3,128
3,193,32,140,132,144,140,229,68,64,80,199,40,8,54,192,76,3,19,133,197,8,4,221,32,40,142,128,29,28,184,92
2,37,208,136,244,161,184,66,14,1,88,2,140,138,96,8,207,27,19,17,18,40,64,208,12,20,154,234,148,72,1,129
6,8,130,152,4,128,170,64,132,0,81,2,32,202,49,72,72,40,51,211,0,132,2,232,0,32,202,136,20,41,48,128
3,72,99,76,4,16,143,148,68,192,86,194,48,12,183,228,72,96,18,207,193,160,36,173,32,40,130,128,87,189,112,124
131,181,32,128,178,165,156,103,28,73,24,179,12,190,98,32,207,27,147,149,182,8,0,215,40,20,142,226,148,76,177,215
128,4,130,137,20,34,168,74,20,3,82,18,0,130,40,72,121,8,2,144,34,150,1,194,0,36,154,64,148,72,48,128
2,149,16,153,178,161,188,39,28,27,88,179,140,62,32,65,167,19,147,21,114,8,0,215,44,54,30,194,148,68,165,19
18,73,122,236,66,0,125,53,32,64,86,130,57,15,181,96,110,241,21,200,192,152,36,237,114,41,174,128,37,144,224,25
7,32,226,129,68,18,168,64,64,243,82,135,8,140,214,42,126,13,51,165,132,243,164,192,20,8,203,164,13,44,113,196
2,151,32,136,146,129,152,103,6,69,88,167,12,46,50,64,78,19,147,133,146,8,4,213,40,0,142,195,20,12,180,83
3,193,32,140,20,145,140,165,68,64,80,199,32,8,50,192,72,34,19,197,199,168,4,157,32,32,142,192,29,12,184,92
2,203,32,140,148,129,140,231,4,69,88,135,32,46,50,64,76,3,147,197,214,8,4,157,40,32,142,193,28,12,180,88
2,131,2,136,146,193,28,103,4,5,88,163,44,6,32,64,102,51,131,128,82,136,0,221,32,36,138,195,20,4,165,91
2,131,34,140,148,129,140,103,4,4,88,135,32,42,50,64,72,35,147,133,214,136,4,157,32,32,138,192,28,12,184,92
35,72,99,204,84,145,139,244,68,64,80,66,48,8,181,100,72,40,18,203,195,170,36,189,32,40,138,128,87,156,112,172
2,131,2,136,148,192,188,103,4,5,88,135,40,14,50,64,108,35,131,133,82,136,0,221,40,36,138,193,21,12,180,216
130,128,18,153,52,132,184,64,30,9,82,18,140,142,48,72,230,9,19,145,34,156,2,215,4,52,154,194,148,0,33,129
33,200,99,206,84,131,203,240,69,0,116,2,48,201,181,36,72,40,19,235,195,170,44,189,96,8,162,168,119,139,112,168
2,148,18,152,147,228,184,66,62,9,90,19,12,158,32,64,239,27,147,145,50,152,16,215,9,22,154,195,145,4,33,147
56,0,106,236,68,131,194,112,68,128,119,2,115,73,49,64,120,160,6,234,136,178,4,12,82,233,160,0,119,171,112,128
33,72,99,204,4,131,199,112,68,0,116,66,112,65,181,100,88,96,18,106,193,168,36,189,32,40,162,0,87,185,112,172
58,0,66,172,68,2,200,80,1,128,242,2,11,8,49,80,120,173,23,161,8,179,0,136,146,233,162,128,101,168,112,128
2,176,146,152,83,229,184,66,30,9,80,19,44,150,96,72,231,27,147,145,18,10,18,211,17,20,154,202,144,0,37,147
2,131,32,136,148,129,140,231,4,5,88,135,32,8,50,64,72,34,131,133,214,8,4,221,40,32,142,192,28,12,184,76
2,149,0,136,147,224,152,35,4,69,88,163,44,62,32,64,107,51,147,129,18,136,0,221,41,38,154,195,148,4,181,90
2,149,18,136,147,225,176,103,14,1,72,163,44,62,32,64,231,19,147,129,18,8,16,223,41,38,154,195,148,68,165,27
3,195,32,136,148,129,140,229,4,69,80,135,32,14,50,64,76,3,147,197,214,8,4,189,40,0,142,192,29,12,184,220
2,149,18,136,147,225,56,103,12,1,72,163,12,54,32,64,103,19,147,144,18,8,16,215,41,4,138,195,148,0,165,18
2,193,0,136,132,129,140,37,4,0,80,2,32,8,48,64,72,0,19,1,80,40,0,149,32,32,142,192,20,24,176,8
6,201,166,158,148,128,138,162,22,81,88,135,96,238,51,66,69,99,179,215,210,200,14,249,40,38,223,192,148,63,48,88
130,205,0,138,132,161,142,167,20,2,88,18,32,40,48,64,73,98,19,67,96,44,8,191,32,0,142,128,20,89,176,8
3,195,0,140,148,128,140,165,4,64,80,199,32,8,50,64,72,3,19,197,214,8,4,189,32,32,142,192,29,28,184,28
3,104,2,140,28,145,138,64,198,192,209,199,32,200,243,64,72,40,123,199,199,35,134,157,16,0,139,184,29,47,120,212
2,193,32,136,132,129,12,37,4,68,80,135,32,14,50,64,68,3,147,133,208,8,4,213,32,32,142,192,20,28,176,88
63,10,98,172,68,2,202,80,5,132,243,135,75,73,55,64,124,160,151,230,140,178,4,136,18,233,130,128,127,175,120,192
3,131,0,140,148,129,140,37,4,4,80,135,32,42,50,64,72,3,147,133,214,8,4,149,32,32,138,192,28,12,184,88
136,0,122,249,118,128,121,16,62,17,118,18,157,139,176,72,103,9,23,152,130,148,5,213,70,237,178,192,183,128,97,129
2,203,32,136,144,129,142,165,4,5,80,135,32,46,50,64,68,3,147,197,210,8,0,253,40,32,142,193,20,12,180,88
2,135,32,136,150,225,152,99,6,5,88,163,0,46,50,64,77,27,131,149,18,8,0,213,40,4,138,193,148,76,180,82
2,199,32,136,148,193,156,103,6,5,88,179,40,12,50,64,79,27,131,149,118,8,4,215,40,4,158,195,21,12,180,202
3,137,2,140,20,147,140,97,4,64,82,199,32,8,50,64,72,34,19,133,212,168,4,157,32,32,138,192,29,12,184,28
2,135,32,136,148,193,136,103,6,5,88,163,0,46,50,64,77,27,131,149,18,8,0,213,40,4,138,193,20,12,180,64
2,156,18,136,19,225,56,102,6,1,74,162,44,22,32,64,111,51,147,128,2,136,16,223,33,38,154,195,20,0,37,26
3,131,32,140,20,129,140,101,4,4,80,135,32,8,50,64,72,34,147,133,214,8,4,221,32,32,138,192,29,12,184,76
33,72,123,204,70,129,235,244,69,0,116,2,48,9,181,100,106,96,18,203,193,176,36,253,98,40,162,0,117,153,113,168
2,193,0,140,132,0,12,37,4,0,16,2,32,2,48,64,64,2,19,129,80,8,0,197,40,32,142,128,20,8,176,8
2,149,146,136,147,229,176,67,14,1,72,19,12,190,96,64,225,27,147,145,18,8,16,215,9,4,154,67,144,64,165,146
2,0,2,136,28,131,136,72,6,0,80,2,0,136,48,72,88,8,51,145,18,178,3,148,16,32,138,232,20,8,48,128
3,135,32,136,148,129,140,231,4,5,88,199,40,8,50,64,76,3,147,133,214,8,4,221,40,32,142,193,29,12,184,12
2,149,32,136,151,225,152,98,6,69,88,163,12,62,32,64,75,19,147,145,18,8,20,213,9,4,138,195,149,12,53,82
2,195,32,136,20,129,140,229,6,5,80,135,32,140,50,64,72,10,147,133,214,10,6,149,40,32,138,200,28,12,188,216
2,199,32,136,20,129,156,231,6,5,88,135,32,142,50,64,76,11,147,133,214,8,4,221,32,36,154,193,21,28,188,220
3,193,0,140,132,128,140,165,4,64,80,71,32,40,50,64,72,2,18,197,85,8,0,149,32,32,142,192,28,24,184,12
3,195,32,136,20,129,140,101,4,4,80,135,32,8,50,64,72,11,147,133,214,8,4,157,32,0,138,192,29,12,184,220
2,149,18,136,147,225,176,99,14,1,72,2,12,150,32,64,231,27,147,144,18,8,16,213,9,4,138,67,144,0,165,146
3,195,32,140,20,145,140,229,68,64,80,199,32,8,178,64,72,32,19,197,198,40,4,157,32,32,138,192,29,28,184,28
2,149,50,152,219,229,184,99,158,17,72,179,12,190,32,65,239,27,147,145,18,10,18,213,25,16,154,235,149,12,165,211
3,193,32,140,148,129,140,165,68,64,80,195,32,44,48,224,72,2,19,197,214,40,4,157,40,32,142,192,29,28,184,92
130,0,242,249,52,161,248,66,63,27,82,146,140,142,116,72,231,25,55,145,162,172,2,211,14,30,154,194,148,4,33,1
35,77,98,142,84,177,138,194,68,64,88,70,32,200,183,228,72,106,18,207,135,170,4,253,34,40,138,128,93,31,120,140
3,195,32,136,148,129,140,165,4,5,80,135,32,8,50,64,76,3,147,133,214,8,4,157,40,32,142,193,28,12,184,76
2,199,32,140,132,129,140,167,4,4,88,135,32,42,50,64,72,2,19,133,212,8,4,149,32,32,142,192,20,12,176,88
56,0,110,233,68,146,104,80,100,32,118,2,17,139,48,104,120,140,55,152,136,176,165,128,70,233,178,192,101,136,112,128
6,32,114,234,116,133,218,104,137,8,49,10,172,202,60,0,190,185,23,35,130,35,10,221,146,216,11,170,84,138,3,129
55,0,67,160,66,18,72,64,33,192,243,199,75,14,53,148,126,165,151,164,141,179,4,204,146,232,138,132,109,174,104,213
2,151,2,140,146,193,28,99,4,5,88,163,44,6,32,64,78,51,147,128,82,136,0,221,32,32,138,195,20,4,165,27
33,201,97,200,20,145,135,228,68,64,116,66,32,8,180,228,72,40,18,73,199,168,36,189,32,40,130,0,87,28,240,236
130,176,144,153,19,193,184,66,22,53,64,179,172,158,96,72,110,57,147,145,2,158,82,209,13,4,154,227,149,12,37,218
2,135,0,136,146,225,152,99,6,5,88,163,8,46,34,64,79,19,131,149,18,8,0,213,8,6,154,195,148,76,181,82
2,131,32,136,148,129,140,37,4,4,80,135,0,8,50,64,72,2,19,133,214,8,4,149,40,32,142,192,20,12,152,80
39,168,231,86,28,146,168,16,214,208,115,66,96,200,245,229,120,44,50,217,131,240,175,205,8,40,195,192,71,174,112,36
2,149,18,136,147,224,184,99,4,1,90,162,44,62,32,64,110,19,147,129,18,136,0,221,41,38,154,195,148,4,165,19
35,201,99,204,84,145,143,228,68,64,80,66,48,8,181,228,72,104,18,203,199,42,36,189,32,40,138,128,87,156,112,172
2,135,32,137,148,163,168,39,14,37,90,135,160,46,50,64,77,43,147,149,150,152,69,223,44,20,154,193,148,76,180,72
135,204,166,158,148,18,174,172,84,211,83,23,64,104,190,105,121,102,18,247,245,248,45,174,40,46,223,196,141,125,248,68
0,201,0,136,20,129,134,228,4,0,80,2,32,8,32,64,72,2,2,66,66,40,0,181,40,0,142,64,20,8,144,8
3,195,0,140,132,129,140,37,4,68,80,135,0,8,50,64,72,2,19,5,212,8,4,149,32,32,142,192,28,12,152,92
130,196,0,152,20,161,140,231,20,2,88,18,0,10,32,65,73,3,19,128,98,76,0,247,32,2,154,192,20,92,176,8
66,18,16,129,109,136,176,0,168,24,144,103,140,10,66,203,238,17,206,144,6,35,194,192,132,16,138,175,24,12,41,147
2,32,146,152,98,128,184,64,190,25,80,16,140,130,96,72,230,25,19,145,2,148,2,208,4,16,154,202,144,0,33,129
2,131,32,136,148,129,136,99,4,5,88,135,0,14,50,64,76,3,147,133,214,8,4,213,40,32,138,193,20,12,180,64
2,32,18,128,100,136,184,64,169,17,112,2,140,138,96,8,238,41,19,144,2,50,0,192,4,16,10,232,20,0,35,129
2,48,147,152,19,165,56,66,30,25,64,18,140,150,96,200,229,27,147,144,22,12,18,211,9,22,26,74,152,0,41,135
2,148,18,152,147,225,56,66,14,1,72,179,12,158,32,64,231,27,147,145,18,136,18,215,9,4,154,195,148,4,37,147
56,0,66,225,4,2,232,80,1,0,114,2,3,9,20,64,104,132,21,160,8,176,1,128,146,201,128,0,103,136,112,0
35,200,107,204,68,129,143,244,68,64,84,130,48,12,181,100,72,96,18,207,193,168,36,253,96,40,170,128,85,152,112,236
2,135,34,136,148,128,188,103,4,5,90,135,40,42,50,64,110,3,147,133,214,136,0,221,40,32,142,192,20,12,185,72
60,0,106,101,68,18,233,80,68,160,118,2,81,9,188,96,120,132,23,168,136,176,37,136,66,233,162,132,103,170,112,160
130,32,16,152,108,132,184,64,154,24,80,16,140,138,96,11,198,9,19,16,2,66,130,208,4,16,90,170,16,0,33,129
56,72,106,110,68,131,202,240,68,0,116,2,51,73,177,64,88,232,23,234,200,162,12,61,98,233,160,0,119,187,112,136
2,135,2,136,146,225,56,99,4,5,90,163,40,38,34,64,107,51,131,128,18,136,0,223,40,38,154,193,20,68,165,74
130,16,146,152,3,196,184,66,62,27,64,50,12,158,32,72,231,25,147,145,34,132,18,211,1,22,154,75,144,0,37,147
3,72,3,140,4,146,174,36,68,64,82,70,32,8,180,228,72,32,18,205,197,168,4,253,32,40,138,128,31,28,120,12
3,131,32,136,148,129,140,101,4,4,80,135,32,10,50,64,76,3,147,133,214,8,4,149,32,32,138,193,21,12,176,88
130,48,148,152,108,133,184,64,158,25,16,50,140,158,96,11,134,25,51,1,2,64,2,208,0,16,90,170,20,8,1,129
60,8,74,238,68,130,194,112,5,0,117,2,115,73,177,64,88,168,6,106,8,162,8,189,82,233,160,8,119,171,112,128
2,148,18,136,19,225,184,98,4,5,74,179,12,22,32,64,111,27,147,145,18,136,0,215,8,38,154,195,148,4,37,210
2,131,32,136,132,129,140,103,4,4,88,135,0,46,50,64,76,3,147,133,208,8,4,149,40,0,142,193,20,12,180,64
3,201,99,140,20,145,140,229,68,64,80,70,32,8,182,224,72,32,18,69,199,168,4,157,32,40,138,128,29,28,248,140
2,131,34,140,148,128,136,103,4,5,88,163,40,46,50,64,76,19,147,133,82,136,0,221,40,32,138,193,20,12,180,72
2,135,32,136,150,225,156,103,4,69,88,167,40,44,50,64,77,19,147,133,86,8,4,213,40,4,138,195,149,76,180,90
3,195,32,140,148,128,140,167,4,68,88,135,32,40,50,64,68,2,147,197,214,8,4,157,32,32,142,192,28,28,184,88
3,200,0,140,4,145,140,164,68,64,80,71,32,8,178,224,72,32,19,197,197,8,4,189,32,32,142,128,29,28,184,12
39,72,97,142,68,147,130,224,68,64,81,66,96,72,183,228,88,96,18,99,197,32,44,189,2,40,130,128,93,191,120,140
2,147,32,136,150,193,156,101,4,69,80,163,8,14,50,64,76,27,147,129,210,8,4,213,40,0,138,195,21,12,180,211
3,201,0,140,20,145,140,165,68,64,80,199,32,8,50,224,64,34,18,197,199,136,4,157,32,32,142,128,28,12,184,28
0,129,0,140,4,129,140,37,4,0,80,2,32,10,48,64,72,0,2,129,64,40,0,149,32,32,138,64,20,8,176,8
2,147,16,136,146,193,152,97,12,1,80,162,12,30,32,64,102,19,147,129,82,8,0,213,40,32,138,194,20,12,165,19
2,128,32,136,4,129,136,32,4,64,80,131,32,12,48,64,72,0,19,133,194,8,0,149,0,32,138,192,20,12,48,88
2,131,32,136,148,129,140,103,4,5,88,135,0,10,50,64,76,3,147,133,214,8,4,149,40,32,138,193,20,12,188,80
0,193,0,136,4,129,4,101,4,0,80,2,32,0,32,64,72,2,2,0,80,8,0,149,32,32,138,64,20,8,144,8
3,193,32,136,20,145,142,229,4,64,80,135,32,12,50,64,72,0,19,69,198,40,36,189,32,0,138,192,21,12,144,204
3,193,34,140,20,145,140,101,68,65,80,199,40,10,50,192,72,43,19,197,215,136,4,221,32,32,138,192,28,12,184,28
33,201,99,204,20,129,143,244,68,0,84,2,48,8,180,100,72,40,18,203,195,170,36,189,32,40,162,128,85,152,112,172
33,200,106,206,84,129,139,244,68,64,116,2,48,136,180,100,72,40,19,203,195,170,36,189,98,40,162,128,117,154,112,172
0,193,0,140,148,129,12,165,4,1,80,2,32,10,48,64,64,2,19,129,82,8,0,149,40,32,142,64,20,8,176,8
56,0,98,225,68,18,232,80,69,160,118,2,25,9,184,64,120,132,23,168,136,176,33,128,70,233,160,132,103,136,112,128
2,128,18,153,55,164,184,66,62,9,80,18,172,154,32,72,230,41,19,145,2,152,18,215,5,20,154,194,144,0,33,131
2,48,18,152,111,133,184,64,142,24,16,34,140,154,96,11,166,25,19,17,2,65,130,208,1,16,90,170,16,8,1,131
3,137,34,140,20,145,140,101,68,64,80,135,40,12,178,96,72,35,19,133,214,136,36,221,32,32,138,192,21,12,176,92
2,133,2,140,146,128,60,103,4,65,90,135,40,38,50,64,102,51,147,133,82,136,0,221,32,36,138,192,20,4,177,88
50,0,64,225,68,10,200,0,9,32,114,10,11,8,20,16,104,128,21,128,8,178,1,192,150,200,130,128,101,136,80,0
2,129,2,140,148,128,140,167,4,1,88,2,32,42,48,64,72,34,19,193,82,136,0,221,32,32,142,192,20,8,176,8
3,193,32,136,4,129,140,37,4,68,80,135,32,12,50,64,72,2,19,5,212,8,4,149,32,32,138,192,28,12,184,92
1,72,99,204,4,16,139,16,68,64,84,66,32,0,181,228,72,96,18,203,129,160,36,185,0,40,138,0,23,189,112,108
7,207,128,142,148,128,142,164,70,65,88,199,96,104,59,64,73,66,19,199,212,8,12,189,40,38,158,192,156,94,184,92
3,193,32,140,132,144,140,37,68,68,80,135,32,8,50,64,72,2,19,133,212,8,36,149,32,32,138,192,28,12,184,92
3,193,32,140,4,145,140,37,68,64,80,135,32,8,50,96,72,2,19,133,197,40,36,157,32,32,138,128,29,12,184,92
3,233,128,142,148,128,142,173,6,65,88,199,96,232,122,64,88,106,51,85,199,40,142,189,40,4,143,128,29,30,152,28
2,129,32,140,132,128,140,37,4,64,80,135,32,12,50,64,64,3,19,133,208,8,4,149,32,32,142,192,20,12,176,88
2,193,32,140,132,129,140,37,4,64,80,131,32,12,48,64,72,2,19,133,208,8,4,149,32,32,142,128,20,12,176,72
2,193,0,140,132,129,12,37,4,0,80,2,32,2,48,64,64,2,19,129,80,8,0,149,32,32,142,192,20,8,176,8
2,1,34,136,132,0,172,1,68,0,82,2,8,10,48,64,104,3,19,129,208,136,0,192,32,32,142,128,21,72,176,0
2,141,128,141,52,162,170,39,28,129,90,0,164,42,48,64,200,98,19,145,2,152,64,255,44,54,138,192,148,10,48,8
2,21,114,200,23,242,178,67,68,1,91,34,104,220,52,96,250,59,147,145,150,184,52,205,41,36,138,67,149,14,245,70
34,135,98,201,212,130,232,103,69,5,122,135,40,9,182,64,120,139,3,149,210,184,5,221,62,44,138,192,95,140,248,136
58,201,64,174,84,129,78,244,5,0,208,10,35,200,48,64,72,169,23,195,74,42,0,189,178,201,166,184,53,154,112,136
35,201,19,200,118,129,169,229,13,8,80,66,172,146,180,228,206,59,23,73,195,10,32,253,44,56,138,202,20,12,177,173
2,205,4,154,28,129,154,230,134,16,88,131,40,206,48,64,77,99,147,213,66,8,10,253,40,4,143,224,20,30,176,88
130,143,0,154,148,129,142,231,22,5,88,2,96,34,48,65,73,66,19,209,114,8,8,183,40,6,142,193,148,25,180,8
56,201,66,200,84,129,207,245,5,0,116,2,57,11,176,68,104,138,6,202,74,170,0,189,98,233,166,192,119,152,240,136
59,73,98,236,84,147,206,116,69,64,116,139,35,13,55,32,72,168,23,109,204,170,36,189,50,201,160,136,119,156,112,216
36,104,0,136,68,129,138,196,4,0,48,2,0,136,113,0,72,200,19,195,2,34,0,176,48,0,142,40,85,25,112,136
49,72,98,108,84,147,194,112,69,64,246,2,35,8,183,96,104,168,22,107,205,187,36,189,50,104,128,0,119,190,112,236
2,40,2,153,48,129,56,64,60,65,80,135,172,134,33,8,238,57,147,212,2,154,2,253,4,16,154,200,20,5,33,217
3,201,35,136,150,144,172,231,76,65,90,66,40,42,180,228,110,3,19,205,215,168,36,253,32,40,142,192,29,12,185,109
58,10,106,142,68,193,187,96,196,68,213,175,97,204,182,64,104,168,151,199,204,163,38,253,82,33,170,137,117,143,116,210
3,133,34,140,148,146,172,39,4,69,90,135,32,40,50,64,72,34,19,133,212,152,4,221,32,36,138,192,28,12,184,92
2,133,22,153,52,162,168,35,60,1,90,18,172,42,48,64,230,43,19,129,18,152,0,223,12,54,154,192,148,0,161,9
6,122,82,136,118,193,186,64,140,0,80,163,44,158,33,0,110,57,147,211,2,163,0,236,20,16,10,139,21,25,37,155
2,135,2,136,50,128,56,231,14,69,90,199,44,142,50,64,230,11,147,133,214,152,4,221,40,36,154,192,28,4,169,89
3,64,102,141,4,147,168,68,20,64,82,199,8,142,182,96,110,45,179,197,133,156,7,213,0,42,154,192,29,4,57,220
2,48,50,232,119,133,184,64,13,9,112,2,12,158,116,0,174,25,23,145,130,48,16,213,31,88,10,238,21,8,33,131
56,73,98,237,84,131,70,117,69,32,112,2,35,137,49,64,120,168,6,65,200,186,64,157,182,201,160,0,119,154,112,136
2,203,38,152,30,192,184,230,132,21,218,163,40,142,48,64,110,51,187,209,2,137,2,245,56,32,154,201,21,4,53,217
2,133,2,136,215,193,156,103,4,5,88,163,40,142,48,64,106,59,147,129,82,138,16,221,33,0,138,203,21,12,181,218
35,203,98,138,84,145,142,228,68,64,80,199,32,136,182,64,72,42,19,199,198,170,4,253,32,8,138,200,93,30,248,140
3,203,2,136,20,145,138,228,70,0,80,71,32,136,54,192,72,40,19,69,198,168,4,189,32,40,138,136,29,12,248,140
2,135,32,136,148,129,156,231,6,5,88,167,32,44,50,64,76,3,131,133,82,8,4,189,40,36,158,193,20,12,180,72
2,128,0,136,4,129,136,32,4,0,80,2,0,8,48,64,72,0,19,1,64,40,0,149,0,32,138,192,20,8,48,0
131,205,2,140,20,145,14,103,20,64,90,199,32,8,50,192,64,34,19,197,231,140,4,191,32,32,138,128,28,12,184,28
3,201,1,140,20,129,142,164,68,64,80,199,48,8,177,224,64,98,18,197,197,8,4,189,32,32,174,128,28,24,56,28
3,195,32,136,132,145,142,229,68,68,80,135,32,8,182,64,72,3,19,197,214,8,4,253,40,8,142,192,29,28,184,92
2,128,0,136,4,129,8,32,4,0,80,2,0,2,48,64,64,0,19,129,0,8,0,149,0,32,138,192,20,8,48,0
60,0,106,238,4,2,202,80,69,0,247,2,91,73,57,64,120,160,6,170,136,178,0,136,210,233,162,0,119,171,112,128
2,32,208,145,100,169,232,74,11,19,120,26,140,138,80,8,43,137,51,145,2,116,194,210,4,22,218,168,213,72,67,128
3,193,32,140,4,144,140,229,68,64,80,199,40,8,54,224,72,3,19,197,197,8,4,221,32,40,142,128,29,28,184,92
2,36,240,129,244,161,184,66,14,1,88,146,140,142,116,64,207,11,19,145,146,40,64,210,12,28,138,232,148,72,17,129
6,8,130,154,12,129,170,64,132,0,81,130,32,206,49,72,104,104,51,211,0,135,2,248,0,32,202,136,21,59,48,128
39,72,107,76,4,18,235,80,69,192,86,66,112,72,181,100,88,100,19,239,129,160,36,232,34,40,162,128,119,187,112,236
131,151,32,152,179,165,156,103,28,73,24,183,12,62,34,32,207,27,147,149,182,8,0,215,41,20,158,226,148,76,181,215
22,32,134,128,2,0,186,64,164,128,147,131,8,206,113,74,110,57,155,215,0,131,130,192,144,32,139,140,4,35,33,128
2,4,130,137,20,162,168,66,22,3,90,18,8,10,48,72,107,11,19,145,50,188,1,194,12,4,154,192,149,72,49,128
2,151,36,152,147,197,148,103,30,93,80,183,44,62,34,65,197,19,147,129,242,72,16,223,41,22,222,195,29,12,181,91
94,88,106,228,66,2,154,80,33,192,210,163,57,79,55,80,110,245,149,199,136,131,132,232,242,233,170,136,37,181,50,89
131,32,224,81,118,185,168,2,90,115,80,146,136,12,212,40,175,11,19,149,182,252,100,210,14,28,154,224,197,76,81,197
