2,131,2,140,144,193,12,101,4,5,80,163,32,46,32,64,76,19,147,132,82,8,0,221,40,32,138,193,20,12,180,88
2,149,16,136,147,225,144,98,4,1,88,34,12,54,32,64,75,27,147,144,18,8,16,213,9,4,138,195,149,8,37,147
2,148,16,136,147,225,152,66,6,1,72,34,12,62,32,64,107,19,147,145,18,8,16,213,9,4,138,195,149,12,37,146
128,197,0,136,132,129,4,167,4,2,88,18,32,0,32,64,64,2,2,64,112,12,0,151,32,32,142,64,20,24,176,0
48,0,64,225,4,2,72,80,1,32,178,10,11,10,28,80,120,133,21,161,8,178,65,192,146,233,130,4,101,136,112,0
2,148,18,136,243,165,176,66,14,9,88,18,140,182,32,64,229,27,147,144,18,8,18,215,25,20,26,234,144,64,33,147
24,128,194,181,20,170,104,18,53,3,82,18,41,3,0,72,97,174,55,144,50,156,65,207,206,238,146,64,166,128,48,8
10,148,50,184,51,229,184,82,31,77,88,55,12,159,34,72,231,27,151,145,150,136,16,215,137,87,58,195,146,4,37,211
6,141,128,150,148,34,134,175,20,130,25,18,96,96,41,64,81,102,2,98,112,12,8,170,40,6,143,132,148,123,144,0
56,1,106,236,68,35,97,80,69,128,253,2,83,201,177,112,120,172,6,168,136,179,36,12,82,169,160,4,119,234,112,160
2,64,146,153,102,136,168,68,172,17,48,2,140,138,112,74,230,161,31,145,2,57,128,192,148,20,154,200,148,8,161,129
2,128,22,153,100,168,184,134,174,25,80,0,140,130,96,72,230,11,51,144,18,24,2,241,4,16,90,202,144,1,33,129
2,131,0,136,132,129,12,37,4,4,80,135,0,8,50,64,68,2,131,5,80,8,0,149,40,32,142,192,20,12,144,88
130,16,144,144,3,133,24,64,30,26,16,18,12,150,96,73,196,25,179,144,2,68,2,208,1,16,90,170,16,8,33,131
3,195,32,136,132,129,12,37,4,68,80,135,0,8,50,64,72,0,19,133,212,8,4,149,40,32,142,192,28,12,152,80
2,131,0,136,148,129,12,33,4,4,80,135,0,14,50,64,68,3,147,133,82,8,0,149,40,0,142,193,20,12,180,80
3,195,0,140,132,129,140,37,4,68,80,135,0,12,50,64,72,0,147,133,84,8,0,149,32,32,142,192,28,12,144,80
33,72,97,204,4,145,131,228,68,64,112,66,32,8,181,228,72,96,18,75,197,160,36,189,32,40,130,0,87,25,112,172
36,8,106,78,68,131,195,80,68,0,117,2,113,73,181,64,88,32,19,106,128,160,44,60,66,169,162,0,117,171,112,128
2,193,0,140,132,129,132,37,4,0,80,2,32,0,32,64,64,0,19,0,80,8,0,149,32,32,142,192,28,8,184,8
2,131,0,136,148,129,12,37,4,4,80,135,0,8,50,64,64,3,131,5,80,8,0,149,40,32,142,192,20,12,144,80
3,192,0,140,4,145,12,165,68,64,80,199,32,8,50,192,64,0,18,133,197,8,4,149,32,32,142,128,28,28,184,12
3,193,32,140,4,16,132,165,68,64,80,67,32,8,176,224,64,2,19,69,197,40,4,157,32,32,142,128,28,28,184,12
2,203,0,136,144,129,14,229,4,4,80,131,40,14,32,64,76,51,147,196,82,8,0,253,40,32,142,193,20,12,180,72
33,201,99,76,4,145,172,228,68,64,114,66,40,8,180,228,106,34,18,201,197,176,36,253,34,40,138,0,95,28,249,172
3,150,18,153,51,173,184,66,30,71,88,183,172,158,34,64,167,59,147,21,6,156,18,215,4,54,26,202,156,12,45,219
45,72,98,78,76,144,234,112,197,64,245,2,97,200,183,113,120,168,6,234,205,163,38,205,18,105,162,8,119,171,112,132
2,32,96,201,68,153,168,64,206,81,80,2,136,136,116,104,106,41,19,145,130,48,102,208,4,24,154,164,21,12,81,132
52,0,66,140,52,2,202,104,9,0,241,10,66,74,40,80,216,160,6,162,72,163,64,221,144,176,138,28,117,10,114,0
35,205,97,76,20,145,142,230,68,0,124,66,32,8,180,228,104,98,18,203,199,40,44,253,34,8,138,128,87,152,112,172
51,72,98,142,68,147,202,96,69,64,240,71,34,8,183,96,120,168,22,231,205,179,36,253,18,40,138,128,125,159,120,204
36,0,122,200,102,3,233,88,77,0,117,2,24,203,188,60,122,136,19,186,128,178,36,216,86,24,162,12,119,170,98,160
2,135,34,136,20,128,8,103,4,5,88,135,32,138,50,64,76,43,131,133,150,136,4,221,40,36,138,193,20,12,180,216
2,135,34,140,148,128,44,39,4,69,90,135,32,46,50,64,68,35,147,133,208,136,0,221,40,38,154,193,20,12,180,80
2,135,34,140,148,129,12,39,4,64,90,135,32,46,50,64,76,35,147,133,208,136,0,221,32,32,138,192,20,12,180,88
2,137,0,140,4,129,12,101,4,64,80,131,32,14,48,64,72,34,19,133,80,8,0,157,32,32,138,128,20,12,176,88
2,201,0,140,4,129,140,229,4,0,80,130,32,14,48,64,72,34,19,193,82,8,0,189,40,32,142,192,20,8,144,8
2,193,0,136,148,129,132,229,4,0,80,2,0,0,32,64,72,2,2,64,82,8,0,181,40,32,142,192,20,8,144,8
3,200,96,140,4,144,142,228,68,64,80,198,32,8,183,228,72,96,18,207,197,40,36,189,34,40,138,128,31,156,120,12
37,8,99,206,68,147,203,80,69,192,113,66,112,72,181,228,88,96,18,235,129,162,44,168,0,40,130,0,87,187,112,164
130,0,4,145,108,129,184,0,142,17,80,146,140,142,96,75,206,9,51,16,2,80,2,208,4,16,218,168,20,8,49,129
3,193,1,140,4,145,140,165,4,64,80,199,40,12,178,192,76,35,147,197,197,8,4,253,32,32,142,128,29,28,184,92
3,203,1,140,4,145,142,165,68,64,80,199,32,8,182,224,72,96,146,205,197,168,4,189,32,40,142,128,29,28,248,92
0,149,16,156,147,197,20,231,28,3,72,2,44,52,32,64,197,83,147,0,112,8,16,255,41,6,30,66,16,88,161,11
2,157,16,156,23,132,22,167,6,1,72,2,36,58,32,64,200,114,147,65,82,8,16,253,41,38,158,66,16,8,177,10
18,137,16,136,94,129,186,228,142,0,208,2,45,130,32,64,110,43,23,192,66,11,2,253,176,192,138,234,21,8,33,137
2,148,18,152,23,224,56,66,20,1,74,178,8,150,32,72,111,27,147,144,50,156,16,215,9,38,154,195,148,0,37,18
2,195,0,136,148,129,12,165,6,5,80,135,32,10,50,64,68,2,147,197,82,8,0,149,40,32,142,192,28,28,180,88
2,131,2,140,146,193,28,103,4,5,88,163,40,6,32,64,78,51,147,128,82,8,0,221,40,32,138,193,20,12,165,88
3,193,32,140,148,129,12,167,68,64,88,131,32,44,50,96,64,2,19,133,212,8,4,157,40,32,142,192,20,12,176,92
2,148,18,152,51,165,184,66,12,9,90,51,44,158,32,64,231,27,147,145,18,136,16,215,9,52,154,194,144,4,37,19
2,195,0,136,20,129,12,101,4,69,80,135,32,14,50,64,76,11,131,133,82,8,0,157,32,32,138,192,28,12,176,88
35,200,97,140,68,145,142,228,68,64,80,70,32,8,181,224,72,104,19,195,199,34,36,189,32,40,138,128,93,28,120,140
2,128,18,152,52,164,56,66,62,11,82,18,140,138,32,72,231,9,19,145,34,156,0,215,12,54,154,194,144,0,33,1
130,16,146,152,35,132,56,66,62,25,80,51,140,150,96,72,231,25,147,149,34,132,2,211,5,22,154,194,144,4,33,19
2,152,18,138,123,133,178,192,142,8,144,2,44,218,97,64,228,57,10,194,2,3,26,245,145,16,10,122,16,3,33,131
130,196,0,156,132,161,12,167,20,2,88,18,32,32,32,64,65,2,19,0,112,12,0,151,32,34,158,192,20,88,176,8
131,205,32,156,148,1,142,167,84,66,88,19,32,40,50,97,65,98,19,69,228,8,12,191,40,38,222,128,20,124,176,76
3,200,166,158,20,147,138,32,86,64,81,7,96,232,182,96,88,96,51,71,165,232,46,189,0,46,218,128,28,44,56,76
3,0,99,201,4,18,169,64,84,81,82,66,8,128,180,237,104,8,18,153,131,176,37,192,4,40,154,128,21,12,113,164
7,8,103,142,12,16,139,0,196,192,210,66,32,72,181,230,72,96,58,203,133,161,38,169,0,40,138,128,29,63,112,108
3,206,0,136,20,145,138,230,6,69,88,199,32,136,50,64,73,43,147,197,198,44,4,191,32,4,154,192,29,28,56,220
3,193,32,140,4,145,140,37,68,64,80,7,32,8,50,96,72,0,19,5,196,40,36,149,32,32,138,128,21,12,144,76
2,129,0,136,148,129,12,33,4,64,80,131,0,6,50,64,68,19,19,133,80,8,0,213,40,32,138,192,20,12,176,80
3,199,0,136,20,129,136,230,6,5,88,135,32,8,50,64,76,11,147,197,214,8,4,255,40,4,138,193,29,12,184,92
2,135,32,136,148,129,140,231,4,5,88,135,40,40,50,64,76,3,147,133,214,8,4,221,40,36,142,193,21,12,188,92
2,135,0,137,148,161,136,35,4,5,88,135,128,44,50,64,76,3,131,149,18,8,68,213,44,0,138,193,148,76,180,64
3,131,32,136,148,129,140,103,4,5,88,135,32,40,50,64,76,2,147,133,214,8,4,157,32,32,142,192,29,12,184,76
98,0,64,129,68,8,232,0,169,0,176,10,142,10,84,2,106,129,31,129,10,35,64,192,148,24,138,184,37,8,81,128
3,195,0,140,133,133,140,37,4,68,80,135,32,8,50,64,72,2,19,5,212,40,20,157,32,32,142,192,28,12,184,92
3,199,32,136,148,129,140,231,4,69,88,135,32,8,50,64,76,2,147,197,214,8,4,253,40,4,142,192,28,12,184,92
2,193,32,136,148,129,140,37,4,0,80,2,0,8,48,64,72,2,19,129,208,40,0,213,32,32,142,192,20,8,176,0
2,148,18,136,211,165,176,66,14,9,88,18,140,190,32,64,229,27,147,144,18,8,16,215,9,20,26,234,144,64,33,147
2,132,18,153,52,168,184,2,190,9,88,16,172,170,32,64,227,11,23,16,50,188,0,215,140,54,26,192,148,64,33,129
2,148,18,136,211,229,184,99,142,9,88,18,12,190,32,64,229,27,147,145,18,11,16,215,9,20,154,234,144,64,161,147
2,193,32,140,4,145,140,229,68,64,80,2,32,8,182,96,72,0,19,193,194,40,36,149,32,40,142,192,21,28,240,76
3,193,32,136,4,145,140,37,4,68,80,135,32,12,50,96,76,3,19,133,212,8,36,213,32,32,138,192,20,12,176,92
18,128,194,245,20,170,104,18,53,1,86,18,41,3,0,76,97,174,55,152,50,156,65,199,14,238,146,192,166,128,112,8
2,132,50,185,48,160,184,3,63,9,90,16,172,190,48,64,231,27,23,17,178,156,2,215,140,246,26,194,148,4,161,1
10,148,178,184,51,165,184,82,31,73,92,51,156,159,34,72,231,27,151,145,146,140,2,215,207,87,58,202,146,4,37,211
6,141,128,150,148,35,134,175,22,130,25,18,96,96,33,65,89,102,2,50,112,232,8,174,40,6,159,132,148,123,144,8
36,5,107,76,68,34,235,80,65,128,125,2,81,201,181,100,120,172,22,234,137,178,36,140,82,44,160,128,119,235,112,160
3,48,82,137,98,153,184,64,44,65,112,230,140,26,98,216,238,9,82,144,7,18,4,208,20,16,26,234,28,8,41,133
2,96,18,136,100,136,184,196,174,17,16,2,140,138,112,72,230,9,31,209,2,41,130,241,132,16,26,234,148,25,161,137
2,152,150,153,97,165,184,198,174,25,80,32,140,158,96,72,230,27,19,17,18,152,2,241,13,16,26,202,144,1,33,129
6,156,18,152,147,229,184,195,30,3,64,51,12,222,32,72,231,27,147,144,50,140,18,247,9,6,154,67,144,5,165,147
2,131,32,136,148,129,140,101,4,5,80,135,0,14,50,64,72,2,131,133,210,8,4,149,40,0,138,193,20,12,180,72
3,201,0,140,20,144,140,229,68,64,80,71,32,8,182,224,72,2,18,197,197,168,4,157,32,40,142,128,29,28,184,76
2,4,0,136,147,225,24,66,6,5,72,163,8,54,32,64,75,19,147,145,18,8,0,212,9,4,138,195,148,76,52,82
2,195,32,136,148,129,140,37,4,68,80,135,0,8,50,64,76,2,131,5,214,8,4,149,40,32,142,192,28,12,152,88
2,32,22,152,108,129,56,64,142,16,16,0,140,130,96,75,134,9,59,16,2,65,130,208,4,16,74,168,20,8,33,129
2,133,16,152,19,224,24,67,6,5,72,179,44,182,32,64,67,27,147,144,18,8,0,215,8,38,154,195,148,4,165,146
3,201,3,142,4,144,142,229,68,64,80,198,96,72,178,224,88,34,18,197,197,168,4,189,32,32,138,128,29,30,248,12
2,52,16,152,19,225,144,66,22,3,0,178,12,150,96,72,207,25,147,144,2,4,16,214,9,6,154,227,148,76,37,19
130,48,144,152,19,229,16,66,30,11,16,50,12,150,96,72,231,25,147,144,34,4,18,210,9,6,26,227,144,8,37,147
130,0,146,153,36,128,184,0,158,19,82,18,140,138,112,73,231,9,51,145,2,212,2,209,4,18,90,192,148,8,33,129
2,135,0,136,148,193,24,35,4,5,88,167,0,14,50,64,76,19,147,149,18,8,0,213,8,0,138,193,148,12,180,80
60,0,98,225,4,2,72,88,65,160,246,2,75,9,156,16,120,132,21,168,136,178,5,128,210,233,160,132,103,170,112,128
2,131,0,136,148,193,8,33,4,5,80,163,0,46,50,64,68,19,147,149,18,8,0,213,40,32,138,193,20,12,180,80
2,193,0,140,4,129,140,37,4,0,80,2,32,10,48,64,72,2,19,129,80,8,0,149,32,32,138,192,20,8,176,8
2,131,0,136,148,193,12,33,4,4,80,167,0,46,48,64,68,19,147,133,82,8,0,213,40,32,138,193,20,12,180,80
2,131,32,136,132,129,12,37,4,68,80,135,0,14,50,64,76,3,147,133,208,8,0,149,32,32,138,192,20,12,180,88
3,193,32,136,132,129,140,101,4,68,80,135,32,12,50,64,72,2,19,133,212,8,4,149,32,32,138,192,20,12,144,88
2,193,32,136,4,129,140,37,4,64,80,3,32,8,48,64,72,0,19,133,208,8,4,149,32,32,138,192,20,12,176,72
37,8,106,78,4,131,139,80,68,64,117,2,112,73,181,100,88,96,18,234,129,160,44,61,64,40,162,128,85,187,112,168
2,193,0,136,4,128,132,37,4,0,80,2,32,2,32,64,64,0,19,0,80,8,0,149,32,32,142,192,28,8,184,8
2,195,32,136,20,129,140,101,4,68,80,135,32,12,50,64,72,2,147,133,214,8,4,157,32,32,138,193,20,12,180,88
44,8,106,110,68,130,227,80,68,0,119,2,115,73,185,64,88,160,6,234,136,178,44,12,66,169,160,0,117,171,112,160
2,195,0,136,148,193,12,165,4,4,80,131,32,14,50,64,76,3,147,133,82,8,0,157,40,32,142,193,20,12,180,72
0,131,0,136,4,129,8,37,4,4,80,2,0,10,32,64,64,0,2,0,80,8,0,149,40,0,138,65,20,8,144,0
2,131,0,136,144,129,12,37,4,4,80,135,0,14,34,64,76,3,131,132,80,8,0,213,40,0,142,193,20,12,180,64
130,20,162,152,51,164,56,66,30,79,90,183,140,190,34,72,231,27,147,149,178,140,0,215,9,54,154,194,148,68,33,83
2,38,0,136,18,225,24,66,6,5,24,163,8,38,32,64,67,27,131,144,2,8,0,212,8,6,154,227,148,76,36,19
2,149,50,136,183,224,184,99,4,73,88,162,12,62,36,96,239,19,147,145,146,136,0,213,8,32,138,195,149,76,165,23
2,132,2,153,52,160,168,2,60,1,90,18,172,8,48,64,227,35,19,145,50,156,0,223,4,54,154,192,148,8,49,0
2,131,32,136,148,129,12,33,4,4,80,135,0,14,50,64,76,2,131,133,210,8,4,149,40,0,142,193,20,12,148,64
2,145,18,136,146,129,188,97,4,0,80,162,44,30,32,64,110,19,147,128,82,138,0,213,32,32,138,194,21,8,165,145
2,131,32,136,132,129,12,37,4,4,16,135,0,14,50,64,72,2,19,133,208,8,4,149,40,0,142,193,20,12,148,64
3,193,0,136,20,129,12,101,4,64,80,131,32,142,50,64,76,41,19,133,70,10,4,157,32,32,138,200,20,12,176,216
3,193,32,140,132,16,140,37,68,64,80,71,32,8,178,224,64,2,19,197,213,40,4,157,32,32,142,128,28,28,184,12
0,193,0,140,148,129,12,167,6,1,88,2,32,42,32,64,64,2,2,128,82,8,0,157,40,36,142,64,20,8,176,8
0,205,128,156,148,128,14,167,6,1,88,2,32,42,32,64,65,98,2,0,66,40,0,191,40,6,158,0,20,120,176,8
3,201,0,136,148,129,142,165,68,65,80,71,32,8,50,64,64,2,18,197,215,8,4,181,40,32,142,192,28,12,184,12
2,131,0,136,148,193,8,33,4,68,16,131,0,6,50,64,76,19,147,133,82,8,0,149,40,0,138,193,20,12,148,80
2,139,2,136,146,193,30,229,4,4,80,163,40,14,32,64,78,51,147,192,82,8,0,253,40,32,138,193,20,12,165,8
3,201,32,136,20,129,142,229,4,64,80,135,32,8,50,64,72,34,19,197,214,8,4,189,40,0,142,192,29,12,184,156
35,201,34,136,20,131,140,101,68,64,80,71,32,8,54,192,72,32,19,197,197,168,4,157,32,8,138,128,93,28,248,220
2,151,82,205,214,194,180,103,44,1,122,162,40,62,36,64,106,51,131,129,82,186,0,205,46,36,142,195,69,8,229,155
3,149,34,197,151,214,184,103,108,9,90,34,40,184,52,96,226,59,147,129,214,184,49,205,45,44,154,194,133,12,241,15
50,0,66,225,4,2,104,80,33,32,242,2,11,11,52,80,104,132,21,161,8,178,1,192,146,232,130,132,39,136,112,128
35,193,98,140,4,145,172,101,68,64,82,199,40,8,182,224,104,35,18,197,197,184,4,221,34,40,138,128,93,28,249,140
130,205,0,158,148,128,14,167,20,3,88,18,32,40,48,65,65,66,19,195,114,8,8,191,40,38,158,192,20,24,176,8
44,72,106,206,70,130,239,208,69,0,116,130,120,77,181,100,126,232,23,202,192,162,44,237,114,41,162,128,119,187,112,184
54,72,66,168,92,129,74,72,133,0,209,10,43,202,41,80,88,169,23,226,8,3,2,156,144,224,138,168,53,11,48,128
41,72,106,78,68,144,234,112,197,64,245,2,113,200,183,96,120,168,22,207,205,163,46,189,82,105,162,136,119,175,112,236
2,205,36,154,148,129,142,228,22,81,80,131,96,108,56,65,89,66,19,69,242,40,14,189,40,38,158,192,20,28,176,88
130,146,146,153,51,173,184,66,30,7,80,183,172,142,34,72,167,57,147,21,54,156,18,215,5,22,26,203,28,12,5,211
3,131,0,140,132,129,12,37,4,68,80,135,32,8,50,64,64,2,19,133,212,8,4,149,32,32,142,192,28,12,184,88
2,32,96,129,100,153,168,64,206,64,16,2,136,136,116,40,104,41,19,145,130,48,102,208,4,24,154,168,85,12,113,196
3,201,36,154,28,131,138,228,134,80,80,135,96,204,50,64,72,34,51,197,198,8,14,189,40,6,143,192,20,30,48,88
3,193,32,140,132,129,140,37,68,68,80,135,32,12,50,64,64,0,19,133,212,8,4,149,32,32,142,192,28,12,184,88
112,0,66,140,76,3,72,66,5,32,240,10,2,10,32,88,104,164,14,128,8,47,65,220,146,164,146,24,53,136,112,8
43,9,97,76,84,147,203,112,69,64,116,2,112,73,181,36,88,32,19,110,193,168,36,189,98,40,160,128,119,175,80,236
48,0,66,140,60,3,202,104,13,0,241,10,194,74,40,80,216,128,14,162,72,35,64,221,144,176,138,28,21,42,114,128
2,0,18,152,108,169,168,2,140,1,90,2,172,136,48,72,202,35,31,17,2,45,2,209,4,52,154,200,148,8,81,128
50,202,32,140,28,129,202,108,133,4,208,135,32,204,50,64,92,185,159,231,202,11,4,253,176,0,138,185,53,30,52,216
3,201,3,136,20,147,174,237,68,64,80,198,104,76,180,228,120,41,18,239,199,136,4,253,32,40,138,128,29,30,184,140
40,201,104,78,84,129,207,240,69,0,116,10,113,73,180,4,72,234,19,202,194,42,40,189,114,9,161,160,119,139,82,168
0,128,22,152,108,169,184,66,172,25,112,16,172,136,48,8,194,33,27,17,18,172,2,213,4,16,26,72,212,8,81,129
35,201,97,200,20,145,142,230,68,64,88,66,40,40,182,228,104,99,18,201,199,40,36,253,42,12,142,192,93,28,120,76
1,137,115,201,244,149,173,247,77,8,124,66,40,3,180,228,106,42,2,200,211,184,36,253,38,56,2,66,83,136,225,173
60,0,98,239,68,18,234,112,69,0,119,2,121,73,185,100,120,164,23,234,136,176,37,140,66,233,162,128,103,171,112,128
44,0,115,72,102,131,233,88,77,0,117,2,24,193,188,52,122,168,2,42,128,178,36,220,86,24,2,12,119,170,98,160
2,176,22,152,113,165,184,66,174,27,112,16,140,154,96,73,135,9,2,17,18,45,2,209,5,16,26,234,144,0,35,131
3,133,2,137,52,176,168,103,76,65,90,70,172,42,182,224,234,35,18,133,151,184,36,221,44,60,138,192,29,12,249,140
51,74,98,172,68,147,202,240,69,68,240,135,43,8,183,96,104,232,23,231,204,178,4,189,50,104,138,128,125,191,120,220
82,48,18,137,18,161,56,66,47,33,218,178,141,134,96,64,110,153,159,144,26,158,65,215,148,228,154,226,180,8,33,145
3,201,2,142,20,144,138,101,4,64,82,199,32,8,50,192,72,43,19,197,215,136,4,253,32,32,138,192,28,14,184,220
33,201,98,72,84,145,134,229,68,0,116,2,32,8,182,164,72,66,2,203,199,170,36,189,34,8,134,0,87,152,240,172
2,135,2,140,16,163,8,35,20,69,90,151,96,110,50,64,84,51,147,165,48,152,1,223,32,38,138,192,20,12,180,88
2,178,32,153,116,169,184,66,174,69,88,183,140,142,112,64,231,27,159,21,130,28,2,211,140,20,26,234,148,12,21,209
2,135,0,152,146,225,24,99,6,5,88,179,44,134,32,64,71,27,131,145,18,8,0,215,8,36,154,203,148,4,165,219
3,197,34,136,148,128,172,103,4,69,90,135,32,44,50,64,72,34,19,133,212,168,4,157,32,32,142,192,29,12,176,92
2,146,2,153,18,194,56,99,52,5,82,179,8,6,32,72,119,27,147,144,50,156,1,223,12,38,154,195,20,4,165,219
34,143,96,152,86,145,138,230,4,5,92,167,40,44,182,68,76,42,131,133,246,138,36,255,42,38,154,193,23,140,60,220
3,145,54,152,179,245,184,67,94,89,88,51,172,158,38,96,231,27,147,145,150,136,50,213,9,22,26,194,144,4,165,215
33,73,107,78,4,147,199,244,68,64,118,2,112,72,181,100,72,96,18,106,193,168,36,189,96,40,166,0,87,186,112,172
2,129,32,140,132,129,140,101,4,64,80,131,32,12,50,64,72,34,19,133,208,136,4,157,32,32,138,192,21,12,144,88
2,137,0,140,4,129,142,229,4,0,80,130,32,14,48,64,72,34,19,193,82,8,0,253,32,32,138,128,20,12,176,8
2,149,18,136,211,228,184,67,14,1,72,18,44,182,32,64,231,27,147,145,18,10,18,215,25,52,26,74,144,64,161,147
2,201,0,136,148,129,140,229,4,0,80,2,32,2,32,64,72,2,2,192,82,8,0,189,32,32,142,192,20,8,176,8
3,203,96,136,92,145,142,229,134,69,80,135,32,136,54,64,76,43,147,197,198,42,6,245,56,36,142,232,29,28,184,220
2,135,4,152,146,225,152,99,22,21,88,163,12,174,34,64,79,27,131,145,18,8,2,213,8,6,154,195,148,12,181,194
3,73,99,142,4,146,142,160,68,64,82,194,96,72,181,228,72,96,18,207,197,160,44,189,32,40,138,128,31,191,112,108
3,201,32,140,4,145,142,164,68,64,80,199,32,8,182,228,72,96,19,207,199,168,4,253,32,40,138,128,29,28,248,92
3,193,32,140,4,145,140,165,68,64,80,71,32,8,50,96,72,2,19,5,196,40,4,157,32,32,142,192,28,28,152,76
35,72,99,206,68,145,142,228,68,64,80,70,32,8,181,228,72,96,18,79,197,160,36,189,34,40,130,128,93,191,120,140
2,32,20,145,108,129,184,64,142,17,16,130,140,142,96,75,206,9,59,144,2,64,2,208,4,16,218,168,20,8,1,128
50,0,66,128,68,2,232,64,1,32,176,10,8,8,52,0,120,129,23,161,8,179,65,192,144,8,138,144,5,8,112,128
130,48,146,152,3,192,56,66,30,19,64,147,12,150,96,73,239,25,147,144,34,68,18,211,1,2,218,107,144,0,37,146
3,201,1,140,4,145,140,165,4,64,80,199,32,12,178,224,76,33,147,197,197,8,4,253,32,32,142,128,29,28,184,92
3,200,1,140,4,145,142,164,68,64,80,198,32,12,183,228,72,96,18,207,197,168,36,189,32,40,142,128,29,60,120,92
2,157,16,156,147,133,22,231,28,11,72,2,44,54,32,64,229,83,147,0,112,8,16,255,41,38,30,66,16,88,161,11
2,157,16,156,151,133,22,167,14,9,72,2,44,58,32,64,196,115,147,65,82,136,16,253,41,54,158,66,16,8,177,11
39,72,106,78,68,18,195,80,68,192,87,2,112,72,191,100,88,96,18,235,133,160,44,168,66,40,162,128,87,191,112,228
3,129,98,136,148,147,168,103,68,5,90,2,0,138,182,96,120,42,18,149,214,184,37,221,42,44,138,192,29,12,248,132
2,135,32,136,150,161,152,99,4,5,88,135,12,46,50,64,79,3,147,149,146,8,4,213,40,4,138,193,149,76,181,80
130,148,18,152,23,228,56,66,30,17,66,18,12,150,32,72,231,25,147,144,50,140,18,215,9,38,154,67,144,0,33,19
35,2,98,136,68,147,168,97,196,68,209,135,8,140,54,1,120,168,147,165,196,179,36,204,20,8,138,128,85,14,245,212
2,193,32,140,132,129,140,165,68,0,80,2,32,40,48,64,72,2,19,193,208,40,0,149,32,32,142,192,20,24,176,8
2,149,18,136,51,164,48,35,44,9,90,2,44,50,32,64,231,35,19,128,18,136,16,221,41,52,26,194,144,0,161,11
3,193,32,140,148,129,140,165,68,65,80,131,32,44,50,96,72,2,19,197,212,8,4,157,40,32,142,192,20,12,176,92
2,148,18,136,51,165,184,66,14,9,90,19,44,158,32,64,231,27,147,145,18,140,16,215,9,52,154,194,144,4,33,19
3,195,0,136,20,129,140,101,4,69,80,135,32,8,50,64,76,43,19,133,214,8,4,157,32,32,138,192,28,12,184,92
2,148,18,152,53,164,184,66,30,9,90,18,140,158,32,72,229,27,19,145,50,140,16,215,9,54,154,194,144,0,33,3
2,135,32,136,150,193,152,99,4,5,88,163,8,14,50,64,78,19,147,149,150,8,4,213,40,0,138,193,21,12,181,80
130,0,146,153,32,128,56,64,62,25,82,18,140,134,32,72,231,25,147,145,2,148,2,211,4,52,154,194,148,0,33,145
35,72,97,204,4,144,142,228,68,64,80,66,32,8,181,228,72,96,18,207,197,168,36,189,32,40,138,128,87,61,112,108
3,200,3,140,4,144,140,228,68,64,80,70,33,8,183,228,72,96,18,197,197,168,4,189,32,105,138,128,29,28,120,12
2,152,18,138,107,133,178,192,140,8,144,2,172,218,97,64,230,57,14,194,66,11,10,253,145,16,10,250,16,3,33,139
128,197,0,156,132,161,12,167,20,2,88,18,32,42,32,64,65,2,2,0,112,44,0,151,32,34,158,0,20,88,176,8
130,205,32,156,148,129,142,167,84,67,88,19,32,40,48,97,65,98,19,69,224,40,12,191,40,38,222,128,20,92,176,76
1,200,166,158,20,147,138,32,86,64,81,2,96,232,182,96,88,96,50,69,165,232,46,189,0,46,218,0,28,12,56,76
3,0,227,201,4,18,169,64,84,81,86,66,136,128,180,237,104,8,18,153,131,176,37,192,4,40,218,132,21,12,113,164
130,194,32,152,20,129,156,228,22,5,80,167,40,142,50,64,77,9,131,197,230,14,6,247,32,6,154,201,21,28,188,204
165,0,238,94,68,2,201,80,84,130,119,18,81,73,189,111,88,36,50,170,160,244,45,72,66,43,227,128,117,171,112,160
2,193,0,140,132,129,140,37,4,0,80,2,32,8,48,64,72,2,19,1,82,40,0,149,32,32,142,192,20,8,176,8
134,78,32,154,132,32,142,135,20,6,89,151,64,42,51,73,77,67,147,135,244,76,12,162,32,38,222,128,148,93,184,88
2,193,32,140,4,129,140,37,4,64,80,131,32,12,48,64,76,0,19,133,208,8,4,149,32,32,138,192,20,12,176,88
3,192,32,140,4,145,140,101,68,64,80,3,32,8,182,96,72,0,18,5,196,40,36,157,32,40,138,128,21,12,48,76
3,199,32,136,20,129,136,230,6,5,88,135,40,8,50,64,76,11,147,197,198,8,4,255,40,4,138,193,29,12,184,92
2,148,128,136,19,227,152,74,22,7,72,179,12,158,104,72,91,27,147,145,50,12,17,214,9,6,154,231,148,76,53,82
2,0,16,144,108,137,168,0,172,16,16,0,140,138,112,75,198,1,91,145,2,1,194,192,4,16,74,168,20,0,1,129
3,131,32,140,149,133,140,101,4,12,80,135,32,42,50,64,76,3,147,133,212,8,4,149,32,32,138,192,28,12,184,92
3,199,32,136,148,129,142,231,6,69,88,135,32,8,50,64,76,2,147,197,214,8,4,253,40,4,142,192,28,12,184,92
2,129,34,140,132,128,140,37,4,0,80,2,32,10,48,64,72,2,19,129,208,136,0,213,32,32,138,192,20,8,176,8
2,148,18,136,211,229,176,66,142,9,88,18,140,190,32,64,229,27,147,144,18,8,16,215,9,20,26,234,144,64,33,147
130,131,32,152,150,193,156,103,22,5,88,179,8,142,34,64,78,27,147,145,114,10,2,215,40,4,142,235,21,12,181,218
2,132,18,153,52,168,184,2,62,1,90,16,172,170,32,64,227,11,23,16,50,188,0,215,140,54,26,192,148,0,33,129
2,148,50,136,219,229,184,67,142,25,88,18,12,190,32,64,229,27,147,145,18,11,16,215,9,20,154,234,144,76,161,147
34,193,96,200,20,145,140,229,68,64,80,2,32,8,52,96,72,0,19,193,192,40,36,189,32,8,142,192,85,28,240,204
2,132,194,249,20,170,104,18,53,1,86,18,168,43,16,64,99,174,6,152,50,156,65,199,14,174,146,192,166,136,49,8
2,132,50,185,48,160,184,18,63,9,90,16,140,142,48,72,231,27,23,17,146,156,2,215,142,246,26,194,148,132,33,1
35,204,98,140,84,145,142,230,68,64,88,70,32,136,183,228,72,104,18,71,199,174,4,191,34,12,138,136,93,29,120,140
35,200,96,204,4,145,142,228,68,64,84,2,32,8,182,100,72,0,18,77,199,40,36,189,34,40,138,128,87,156,80,236
6,141,130,150,148,2,142,175,22,163,26,2,96,96,33,65,81,102,2,178,112,200,8,174,40,6,207,132,148,122,176,8
131,176,19,217,98,153,185,0,174,17,84,240,140,134,228,236,166,25,179,156,19,28,38,209,4,24,26,202,150,4,41,181
39,76,99,78,68,178,235,112,69,194,125,66,112,200,181,228,120,168,22,234,137,178,36,236,18,44,130,136,119,255,112,164
3,195,0,140,132,145,140,101,4,68,80,199,32,8,50,64,76,2,147,133,214,8,4,157,32,32,142,128,29,12,184,92
18,64,66,160,116,136,232,69,45,1,242,2,140,138,112,88,106,137,31,145,2,50,64,192,180,180,138,200,229,24,161,128
3,195,0,140,4,145,140,229,68,64,80,199,32,8,182,192,72,34,19,197,197,40,4,157,32,40,142,128,29,28,248,28
6,152,146,153,163,165,184,194,174,25,80,18,140,158,96,72,231,27,179,145,18,24,18,241,13,16,26,234,144,1,33,139
6,156,18,152,147,225,186,195,30,1,73,179,12,222,32,64,247,27,147,145,50,140,24,247,9,6,154,195,149,68,165,210
33,72,99,76,4,129,199,244,69,64,112,66,48,8,181,100,72,96,18,75,193,168,36,189,32,40,130,0,87,185,112,172
2,131,32,136,148,129,140,101,4,5,80,135,0,14,50,64,72,2,131,133,210,8,4,149,40,0,138,193,20,12,180,72
3,201,99,140,4,145,142,228,68,64,80,66,32,8,180,228,72,96,18,205,197,40,36,189,32,40,138,128,29,28,248,12
3,201,3,140,20,145,142,237,68,64,80,199,96,8,180,224,88,34,18,231,199,168,5,253,32,40,138,128,29,28,248,12
3,193,0,140,20,145,140,229,4,64,80,199,32,8,178,192,72,35,19,197,215,8,4,221,32,32,138,128,28,12,184,92
2,195,32,136,148,129,140,37,4,68,80,135,0,12,50,64,72,2,147,5,214,8,4,149,40,32,142,192,28,12,152,88
3,72,99,78,4,130,143,244,68,64,82,66,112,64,181,100,72,96,18,207,193,160,36,237,32,40,170,128,93,187,112,236
2,135,32,136,150,225,152,99,6,5,88,163,8,14,50,64,78,27,147,145,82,8,4,213,40,0,138,193,21,12,181,208
2,131,32,136,148,129,140,97,4,4,80,135,0,12,50,64,76,3,131,133,210,8,4,149,40,0,138,193,20,12,180,80
130,0,146,153,36,132,184,2,62,27,82,18,140,142,96,72,231,25,51,145,34,212,2,209,5,18,90,202,144,0,33,129
2,151,0,136,146,225,152,99,6,5,88,163,8,6,32,64,79,19,147,145,18,8,0,213,8,4,138,195,148,12,181,82
3,200,3,140,4,144,142,164,68,64,80,198,32,8,183,228,72,96,18,207,197,136,36,253,32,40,138,128,29,60,120,92
3,193,32,136,132,129,140,37,4,64,80,135,0,12,50,64,72,2,19,133,212,8,4,149,32,32,138,192,20,12,176,84
3,195,32,136,148,129,140,101,4,68,80,135,32,8,50,64,72,3,147,133,214,8,4,149,32,32,142,192,28,12,184,92
2,193,0,140,4,129,140,37,4,0,80,2,32,10,48,64,72,2,19,129,80,8,0,149,32,32,138,192,20,8,176,0
2,147,0,136,148,193,28,33,4,4,80,167,8,46,32,64,68,19,147,129,82,8,0,213,40,32,138,193,20,12,180,80
2,131,0,136,132,129,12,37,4,68,80,135,32,46,50,64,76,3,147,133,80,8,0,213,32,32,138,192,20,12,180,80
35,72,99,204,4,145,143,228,68,64,84,66,32,8,181,228,72,96,18,207,197,160,36,189,32,40,138,128,87,189,112,236
3,193,0,136,4,129,12,101,4,64,80,135,32,14,50,64,72,2,19,133,84,8,0,149,32,32,142,192,20,12,176,88
2,193,32,136,4,129,140,165,4,64,80,3,32,8,48,64,64,0,19,133,208,8,0,157,32,32,138,192,20,12,144,72
2,131,34,136,148,128,140,103,4,68,88,135,32,12,50,64,76,3,147,133,214,8,4,221,32,32,138,193,21,12,180,88
35,72,99,206,4,145,139,244,68,64,80,66,48,8,181,100,72,96,18,203,193,160,36,189,32,40,138,128,85,187,112,236
2,193,0,136,20,129,132,37,4,0,80,2,32,0,48,64,64,2,19,1,80,8,0,149,32,32,142,192,28,8,184,8
2,195,32,136,20,129,140,101,4,4,80,167,32,12,50,64,76,3,147,133,210,136,0,221,32,32,138,193,20,12,180,88
3,72,67,142,4,144,142,228,68,64,80,198,96,72,183,228,72,96,18,207,197,160,36,189,32,40,138,128,29,62,120,92
2,195,32,136,148,129,140,229,4,5,80,131,32,12,50,64,76,3,147,197,82,8,4,157,40,0,142,193,20,12,180,72
2,195,32,136,148,129,12,229,4,4,80,135,32,44,50,64,72,2,131,197,210,8,4,149,40,32,142,193,20,28,148,88
0,131,0,136,4,129,8,33,4,4,80,2,0,10,32,64,64,2,3,0,80,8,0,149,40,32,138,65,20,8,148,0
2,131,0,136,146,193,28,39,4,5,88,163,8,38,32,64,68,19,131,128,82,8,0,213,40,32,142,193,20,12,180,64
2,131,0,136,148,129,12,99,4,5,88,135,0,42,50,64,68,3,131,133,82,8,4,213,40,0,142,193,20,12,180,64
2,147,32,200,150,209,188,99,4,65,88,163,8,46,52,96,110,19,147,129,214,8,36,213,40,32,138,195,21,12,181,151
2,129,0,136,132,129,12,37,4,68,80,135,0,14,50,64,64,2,19,133,80,8,0,149,40,32,142,192,20,12,176,80
35,200,32,136,68,145,142,228,68,68,80,135,32,136,50,64,72,168,19,197,199,42,36,253,32,0,138,136,29,28,120,204
2,132,2,137,52,168,168,34,44,1,90,18,172,40,48,64,99,35,19,1,50,188,0,223,4,54,154,192,148,8,49,0
2,145,18,136,146,129,188,97,4,1,80,162,44,14,32,64,110,27,147,128,82,136,0,213,32,32,138,194,21,0,161,145
2,195,32,136,132,129,12,101,4,4,80,135,0,10,50,64,72,3,147,133,208,8,4,149,40,32,142,193,20,12,148,64
3,192,34,136,20,129,140,228,4,64,80,131,32,140,50,96,72,40,19,197,198,10,4,189,32,32,138,136,21,28,176,220
3,193,32,140,132,16,140,165,68,64,80,71,32,8,50,96,64,2,19,197,213,40,4,157,32,32,142,128,28,28,152,12
2,195,32,136,148,129,140,37,4,4,80,135,0,12,50,64,76,3,147,133,210,8,0,149,40,0,142,193,20,12,148,80
0,193,0,140,20,129,12,165,6,1,80,2,32,42,32,64,64,34,2,192,82,8,0,157,40,36,142,64,20,8,176,8
0,201,128,140,20,128,14,167,6,1,88,2,32,42,32,64,64,98,34,128,66,8,0,189,40,38,158,0,20,24,176,8
3,201,0,136,148,129,142,229,6,65,80,199,32,8,50,64,64,2,18,197,215,8,4,189,40,32,142,192,28,12,184,28
2,131,0,136,148,193,136,33,4,69,16,163,0,14,50,64,76,19,147,133,82,8,0,149,40,0,138,193,20,12,148,80
3,201,32,136,148,129,142,229,4,64,80,135,32,8,50,64,72,35,19,197,198,136,4,189,32,0,142,192,29,12,184,216
3,201,34,204,92,145,174,229,68,64,84,2,40,138,182,228,72,42,18,201,199,10,38,253,48,40,142,168,21,28,184,236
2,159,34,140,22,195,156,103,4,4,90,163,40,46,48,64,76,51,147,129,80,136,4,221,32,38,154,193,21,12,180,88
2,13,2,141,180,162,174,39,12,129,90,2,160,40,48,64,217,38,19,1,16,184,65,206,44,54,158,192,148,104,176,8
2,151,114,205,87,210,184,103,108,1,90,162,40,62,180,96,106,51,147,129,82,184,36,205,44,36,142,195,5,0,245,159
50,0,66,225,68,2,104,80,33,0,242,2,11,11,52,80,104,133,21,129,8,178,1,192,18,232,138,132,39,136,112,128
3,197,98,140,4,147,172,103,68,64,90,199,40,40,182,96,104,35,19,133,212,184,4,221,32,40,138,192,93,12,248,220
33,200,99,76,68,145,239,244,69,0,116,2,48,9,181,100,104,104,18,202,193,186,36,253,50,40,130,0,119,153,112,172
2,205,0,158,148,128,14,167,20,3,88,18,96,42,48,65,65,66,19,195,114,8,8,191,40,38,158,192,20,24,176,8
2,132,34,145,48,134,40,99,62,105,74,151,172,142,48,64,229,47,147,149,178,156,1,215,12,54,154,192,0,4,161,217
35,72,99,78,68,145,239,244,69,64,116,66,56,72,181,100,110,224,18,202,193,162,36,253,34,40,130,128,119,155,112,172
51,203,99,140,84,144,238,244,5,68,86,199,41,12,182,196,76,160,151,205,205,170,36,253,50,104,138,128,63,156,248,220
41,72,106,78,76,144,235,240,196,64,245,2,113,200,183,96,120,168,18,239,197,163,46,253,82,41,162,136,117,171,112,236
2,201,36,154,20,129,142,229,150,81,80,131,96,236,56,65,73,98,51,197,226,40,14,189,40,38,158,192,20,30,176,88
130,146,18,153,51,173,184,66,62,71,80,151,172,142,34,72,167,59,147,5,54,156,16,215,5,54,26,195,156,12,5,211
50,0,98,168,68,3,200,64,69,192,240,131,3,12,53,64,120,169,23,229,136,179,4,204,146,72,138,140,53,172,112,208
50,32,2,136,92,129,138,72,134,0,208,2,0,200,49,64,88,168,27,113,2,35,2,145,144,36,138,188,21,11,48,128
3,131,0,140,132,128,12,37,4,68,80,135,32,12,50,64,68,2,19,133,212,8,4,149,32,32,138,192,28,12,176,88
59,0,98,76,76,146,200,120,197,0,245,2,105,201,189,117,120,168,22,170,200,35,38,221,82,233,160,136,119,170,112,164
3,201,36,154,28,129,138,236,134,80,80,135,96,204,50,64,72,33,59,197,198,9,14,189,40,4,139,200,20,14,48,88
2,148,114,152,83,225,176,66,30,1,88,179,12,158,36,0,239,27,147,145,50,26,16,215,29,4,154,235,149,12,37,147
3,193,32,136,132,129,140,37,4,68,80,135,32,12,50,64,64,0,19,133,212,8,4,149,32,32,142,192,28,12,176,88
112,0,66,172,76,3,72,66,5,32,240,10,3,10,36,80,120,140,6,128,72,191,65,220,146,236,146,24,53,136,112,8
59,0,102,192,68,18,233,80,69,64,214,130,25,13,178,100,126,148,23,173,137,179,37,140,86,105,170,132,39,172,112,96
42,9,106,78,84,147,203,112,69,64,116,2,113,73,181,36,88,168,19,110,193,170,36,189,98,40,161,128,119,171,80,172
2,0,0,152,100,169,232,2,141,3,82,18,172,136,48,72,202,35,31,1,2,36,66,193,132,20,154,200,85,8,81,0
50,218,98,172,94,129,222,228,5,4,208,167,41,206,50,64,92,185,151,229,74,11,4,253,176,64,138,185,53,158,52,216
60,0,66,236,68,2,74,120,5,0,241,10,75,73,61,80,120,161,21,227,8,178,64,157,146,249,128,128,119,170,112,0
40,233,96,78,84,129,207,240,69,0,116,10,51,73,180,20,72,234,6,74,202,42,40,189,114,201,165,168,119,138,82,168
2,144,22,153,101,173,184,66,174,25,120,16,172,154,48,8,135,43,19,17,18,60,2,213,5,16,26,202,16,8,33,131
3,201,98,140,20,145,174,231,70,65,88,199,40,8,182,224,104,3,19,197,199,40,36,253,40,12,142,192,29,28,249,76
2,145,18,136,147,192,56,103,38,5,90,163,44,150,32,64,102,27,147,144,82,152,0,213,40,36,138,195,20,4,165,83
1,129,115,201,116,145,173,119,76,73,126,2,168,8,180,228,106,42,2,200,215,184,36,253,38,56,130,64,87,136,249,173
60,8,106,205,68,18,235,112,69,0,119,2,121,73,177,100,120,164,23,234,200,178,37,173,82,233,160,128,119,171,112,160
51,72,98,142,68,147,202,96,69,64,240,71,43,8,183,96,120,168,23,231,205,179,36,253,16,104,138,136,125,191,120,204
44,0,115,200,102,19,233,88,77,0,117,2,24,201,188,36,122,168,18,42,129,179,36,216,86,24,130,140,119,170,98,161
2,193,0,140,4,129,12,37,4,0,80,2,32,10,48,64,64,2,19,129,80,8,0,149,32,32,138,192,20,8,176,0
33,201,99,204,84,145,134,230,68,64,124,66,32,8,182,228,72,66,18,201,199,170,36,253,34,8,134,64,87,156,248,236
3,133,2,137,52,176,168,103,76,65,90,198,172,10,182,224,230,43,19,133,151,152,4,223,36,60,138,192,28,12,185,141
18,50,96,169,118,169,120,66,31,1,80,179,141,142,96,72,111,153,151,145,154,158,64,211,148,212,154,234,180,12,53,209
2,132,6,133,20,163,168,35,60,161,90,18,168,42,16,64,104,46,19,145,16,152,65,205,12,38,154,192,132,8,144,8
3,197,34,140,148,128,172,103,4,69,90,135,32,44,50,64,76,34,19,197,212,136,4,221,40,32,142,192,29,12,176,92
2,134,2,153,22,162,184,103,52,5,90,183,40,14,50,64,111,27,147,133,50,156,1,223,12,38,154,193,148,12,181,88
2,145,48,152,155,213,176,67,142,93,88,39,12,158,102,96,238,27,147,145,151,11,50,213,9,16,154,235,157,12,173,215
41,72,106,78,68,147,199,244,68,0,118,2,113,73,181,100,88,224,18,106,192,162,36,173,98,41,160,0,119,187,112,168
2,145,50,216,147,245,176,99,30,89,88,51,44,190,38,96,231,27,147,145,182,8,50,213,11,22,26,195,144,4,165,223
2,193,32,140,132,129,140,103,4,64,88,135,32,12,50,64,72,34,19,133,208,136,4,221,32,32,138,192,21,12,176,88
3,137,0,140,148,145,140,103,4,64,88,199,32,44,178,192,76,35,19,197,215,8,4,253,32,32,142,128,29,12,184,92
2,137,32,136,148,129,140,101,4,0,80,3,32,8,48,64,72,34,19,197,210,8,0,157,32,32,138,192,21,12,176,8
34,203,96,136,212,129,142,231,6,5,88,135,32,140,54,64,76,171,147,197,214,10,4,253,56,32,142,233,21,12,188,220
2,201,0,136,20,129,134,229,4,0,80,2,32,8,48,64,72,34,19,65,82,40,0,189,32,0,142,192,20,8,176,8
3,193,32,140,20,145,140,231,4,64,88,199,32,8,50,64,72,2,19,197,214,8,4,221,32,32,138,192,29,28,184,92
2,135,0,152,148,129,140,103,4,5,88,167,32,10,50,64,77,11,131,133,214,8,4,221,40,38,154,193,20,12,188,88
3,193,32,140,20,145,140,229,68,64,80,71,32,8,50,96,72,2,19,5,214,40,4,157,32,32,142,192,29,12,152,76
3,201,32,140,4,145,142,229,68,64,84,199,32,8,182,228,72,98,19,205,199,40,4,189,34,40,142,128,29,28,248,220
61,0,98,238,4,18,67,16,68,128,215,2,67,65,185,100,88,164,12,170,137,177,44,136,194,233,163,4,39,171,112,36
62,0,98,236,68,2,202,88,65,128,241,10,67,72,61,0,88,140,21,163,136,179,0,136,146,232,129,148,117,170,114,128
3,200,1,140,4,145,142,164,68,64,80,198,32,12,183,228,72,96,18,207,197,168,36,189,32,40,138,128,29,60,112,92
2,157,16,156,147,133,22,231,14,9,72,2,44,54,32,64,229,115,147,0,112,8,16,255,41,54,30,66,16,72,161,11
2,157,16,156,23,196,22,167,14,9,72,2,44,186,32,64,196,115,147,65,82,136,16,253,41,54,154,66,16,8,177,11
35,72,97,140,4,145,142,228,68,64,80,198,32,12,183,228,72,96,18,207,197,40,36,189,32,40,138,128,29,61,112,220
3,129,98,136,148,147,168,103,68,5,90,6,0,138,182,96,120,43,18,149,214,152,37,221,42,44,138,192,29,12,248,132
18,201,90,168,22,131,251,116,12,0,80,2,61,10,48,64,110,171,23,193,66,137,0,253,240,137,170,136,53,136,49,137
2,173,2,136,20,131,138,101,22,128,88,2,32,200,48,0,88,42,19,81,66,168,8,159,40,4,143,224,21,10,16,136
2,193,32,140,132,129,140,167,68,0,88,2,32,40,48,64,72,2,19,193,208,40,0,149,32,32,142,192,20,24,176,8
2,149,18,136,19,228,184,99,44,9,74,2,44,58,32,64,230,59,147,129,18,136,16,221,41,52,26,66,16,0,161,11
35,201,98,140,84,145,142,228,68,64,80,199,32,8,182,224,72,40,19,197,199,170,4,253,32,40,138,128,29,28,248,140
3,193,32,140,148,129,140,165,68,65,80,131,32,44,50,96,72,2,19,197,212,8,4,157,40,32,142,192,20,12,176,92
3,195,0,136,20,129,140,101,4,68,80,135,32,12,50,64,76,43,147,133,198,8,4,157,32,32,138,192,28,12,184,220
3,195,32,140,4,145,140,229,68,64,80,199,32,8,50,64,72,9,19,197,198,40,4,221,32,32,138,128,29,28,184,156
3,203,34,140,20,145,140,229,4,68,80,199,32,8,50,64,72,35,19,197,214,136,4,253,32,32,138,192,29,12,184,92
130,0,18,153,32,128,56,64,190,17,82,144,140,134,96,72,230,9,51,144,2,148,2,209,4,16,154,192,148,0,33,129
3,195,32,140,132,145,140,37,4,64,80,199,32,8,50,64,72,3,19,197,212,8,4,221,32,32,142,192,28,12,184,92
3,200,3,140,4,144,142,228,68,64,80,70,33,8,180,228,72,96,18,205,197,168,36,189,32,104,170,128,29,28,120,12
130,205,0,156,132,160,14,167,20,2,88,18,32,42,48,65,65,66,19,129,96,12,0,191,32,38,158,128,20,88,176,8
2,204,160,158,148,128,142,166,86,67,80,3,32,40,48,65,65,98,19,197,224,72,12,191,40,38,222,128,20,124,176,72
3,72,166,158,20,147,136,32,86,64,83,7,96,232,182,96,88,40,51,197,135,232,46,189,0,46,218,128,28,46,56,76
3,0,99,201,68,16,169,64,76,81,82,66,136,138,244,239,104,8,50,153,135,146,37,192,4,40,218,132,21,12,113,228
172,0,238,76,68,18,233,88,84,130,119,18,81,73,189,105,88,164,50,170,160,246,37,10,66,43,227,132,101,170,112,160
2,193,32,136,4,129,140,37,4,0,80,2,32,8,48,64,72,2,19,1,210,40,0,149,32,32,142,192,20,8,176,8
134,78,32,154,132,32,142,135,20,70,89,151,64,106,51,73,77,67,19,199,244,12,12,178,32,6,158,128,156,95,184,92
2,193,32,140,4,129,140,37,4,0,80,195,32,12,48,64,72,0,19,133,192,8,4,149,32,32,138,192,20,12,176,8
3,192,32,140,4,145,140,101,68,64,80,3,32,8,182,96,72,0,19,5,196,40,36,157,32,40,138,128,21,12,112,76
2,20,128,137,19,227,152,74,22,3,72,179,12,158,104,72,91,25,147,145,34,4,17,210,9,6,154,103,148,76,37,210
2,135,32,136,150,129,156,103,6,5,88,163,40,46,50,64,77,3,131,149,82,8,4,213,40,36,138,193,20,12,180,72
66,0,64,129,108,136,232,0,169,16,144,10,140,10,84,66,106,129,95,145,2,33,192,192,132,152,138,184,84,8,81,128
3,131,32,140,149,133,140,101,4,76,80,135,32,10,50,64,204,3,147,133,212,8,4,149,40,32,142,192,28,12,184,92
3,203,0,140,20,145,142,231,4,64,88,199,32,8,182,192,76,35,19,197,199,8,4,253,32,8,142,192,29,28,184,28
2,129,2,140,132,128,140,37,4,0,80,2,32,42,48,64,72,2,19,129,80,136,0,213,32,32,138,192,20,8,176,0
130,195,32,136,148,129,156,229,22,5,80,167,32,142,50,64,76,11,131,197,246,8,4,215,40,4,142,201,21,12,180,200
2,149,22,136,219,229,184,99,142,17,72,3,12,190,36,64,237,27,147,145,18,11,16,213,41,20,154,75,145,76,165,147
34,193,96,200,20,145,140,229,68,64,80,2,32,8,182,96,72,0,19,193,192,40,36,157,32,8,142,128,85,28,240,204
2,131,32,136,148,129,136,97,4,5,80,135,32,10,50,64,76,3,147,133,214,8,4,213,40,32,138,193,20,12,184,64
2,128,66,185,116,170,104,18,61,1,82,18,168,11,16,72,99,171,38,144,50,156,65,215,134,190,146,192,166,128,49,0
2,148,50,152,179,164,184,67,142,9,88,19,172,190,36,64,231,27,159,145,146,9,16,215,137,54,26,194,144,68,161,147
2,128,178,217,50,160,56,18,63,17,86,144,173,143,48,76,231,27,23,152,146,156,2,215,14,126,26,194,150,132,33,145
4,141,130,150,148,131,134,171,22,163,90,2,96,96,41,65,89,102,2,34,112,232,8,174,40,6,223,4,148,122,144,8
131,176,19,217,98,153,185,0,174,17,84,242,140,134,228,236,166,25,147,156,3,20,38,209,4,24,26,234,150,4,41,245
3,195,32,136,4,129,140,101,4,68,80,135,32,8,50,64,72,3,19,133,214,40,4,149,32,0,138,192,29,12,184,84
3,195,0,136,132,145,140,101,4,68,80,199,32,8,50,64,76,2,147,133,214,8,4,157,32,32,142,128,29,12,184,92
2,152,150,153,33,165,184,198,174,25,80,0,172,158,96,72,230,27,147,17,18,152,2,241,13,16,26,202,144,1,33,139
2,131,32,136,148,129,136,97,4,5,80,131,0,14,50,64,76,3,131,133,82,8,0,213,40,0,138,193,20,12,180,64
3,201,99,140,4,145,142,229,68,64,80,70,32,8,182,228,72,32,18,207,197,168,36,189,34,40,138,128,29,28,248,12
2,131,32,136,148,129,140,37,4,4,80,135,32,12,50,64,76,2,147,133,214,8,4,149,40,32,142,192,28,12,184,88
2,132,16,152,19,225,24,71,6,5,88,179,44,182,32,64,99,27,147,145,18,8,0,215,9,38,154,195,148,4,165,211
3,72,99,206,4,130,143,244,68,64,82,66,112,64,181,228,72,96,18,239,193,160,36,237,32,40,170,128,29,187,112,236
2,135,32,136,146,225,152,99,6,5,88,163,8,46,32,64,79,27,147,145,18,8,0,213,40,4,138,195,149,76,181,210
130,0,146,153,36,132,184,2,62,27,82,18,140,142,96,72,231,25,51,145,2,156,2,209,5,22,26,202,144,0,33,129
3,193,32,136,132,129,140,37,4,68,80,135,32,12,50,64,72,2,19,133,212,8,4,149,32,32,142,192,20,12,176,92
45,8,106,78,68,18,203,80,68,192,119,2,81,73,181,100,120,228,22,234,137,176,44,136,66,41,161,128,119,187,112,224
2,135,32,136,150,225,152,99,6,69,88,163,8,46,50,64,79,27,147,149,22,8,4,213,40,4,138,195,149,12,181,215
2,195,32,136,148,129,140,37,4,68,80,135,32,14,50,64,76,3,147,133,208,8,4,213,40,32,142,193,28,12,180,88
39,72,99,206,4,18,139,208,68,64,86,66,48,72,181,228,72,96,18,207,193,160,36,233,0,40,138,128,87,191,112,236
2,193,0,140,4,129,140,37,4,0,80,2,32,10,48,64,72,2,19,129,80,8,0,149,32,32,138,192,20,8,176,8
3,195,0,136,132,129,140,101,4,68,80,135,32,12,50,64,72,2,19,133,214,8,4,149,32,32,138,192,29,12,176,88
3,201,32,140,4,145,140,229,4,64,80,199,32,8,182,224,76,35,19,197,199,8,4,253,32,40,142,128,29,28,184,92
2,135,34,136,148,129,140,103,4,69,88,135,32,46,50,64,76,3,147,133,214,8,4,221,32,32,138,193,21,12,180,88
3,201,32,140,4,145,142,229,68,64,80,199,32,8,182,224,72,97,19,197,197,168,4,253,32,40,142,128,29,28,184,156
2,195,0,136,148,128,140,37,4,4,80,2,32,2,48,64,64,2,19,129,82,8,0,149,40,32,142,192,28,8,176,8
2,131,0,136,148,129,140,101,4,4,80,167,32,14,50,64,76,19,147,133,82,136,0,221,32,32,138,193,20,12,180,88
2,135,32,136,150,161,156,103,6,5,88,167,8,46,50,64,77,3,147,149,150,8,4,213,40,4,142,193,149,12,180,84
2,195,32,136,148,129,140,229,4,5,80,131,32,12,50,64,76,3,147,133,210,8,4,157,40,0,142,193,20,12,180,72
2,131,32,136,148,129,12,229,4,4,80,135,32,14,50,64,76,2,131,133,210,8,0,149,40,0,142,193,20,12,180,72
2,131,0,136,144,193,28,39,4,5,88,163,8,38,32,64,68,19,131,128,82,8,0,213,40,32,142,193,20,12,180,64
3,195,96,136,148,145,140,165,4,69,80,135,32,44,182,64,76,3,147,133,214,8,36,221,40,0,142,193,21,12,188,92
2,195,0,136,4,129,12,37,4,4,80,2,32,8,48,64,64,2,19,1,80,8,0,149,32,0,138,193,20,8,144,8
2,151,32,136,150,208,156,103,4,69,88,163,40,46,52,96,78,19,147,129,210,8,36,213,40,32,138,195,21,12,181,215
130,48,144,152,3,229,16,66,30,19,0,18,12,150,96,72,231,25,147,144,34,68,18,210,9,6,218,107,144,64,37,146
3,193,0,136,132,129,12,37,4,64,80,135,32,14,50,64,64,2,19,133,84,8,0,149,32,32,142,128,20,12,176,88
2,132,18,153,54,168,168,34,60,1,90,18,172,40,48,64,99,35,19,1,50,156,0,223,4,54,154,192,148,72,49,1
2,145,18,136,146,129,188,103,4,1,88,162,44,30,32,64,110,27,147,128,82,136,0,213,32,32,138,194,21,0,161,153
2,131,0,136,148,129,12,101,4,4,80,135,0,14,50,64,76,3,147,133,80,8,4,149,40,0,142,193,20,12,180,64
34,193,32,136,84,129,12,101,4,64,80,131,32,142,50,64,76,11,147,133,210,10,0,221,32,32,138,192,20,12,176,216
3,193,32,140,132,16,140,165,68,64,80,71,32,40,50,96,64,2,19,197,213,40,4,157,32,32,142,128,28,28,152,76
2,131,32,136,148,129,140,37,4,4,80,135,0,12,50,64,76,3,147,133,82,8,0,149,40,0,142,193,20,12,180,80
2,193,0,140,20,129,12,165,6,1,80,2,32,138,48,64,72,10,19,193,66,8,0,157,40,36,142,192,20,8,176,8
2,201,128,140,20,128,12,167,6,1,88,2,32,170,48,64,64,34,51,129,66,8,2,189,40,38,158,128,20,24,176,8
3,201,0,140,148,128,142,165,6,65,80,199,32,10,50,64,64,2,19,197,214,8,4,189,40,32,142,192,28,12,184,92
2,131,0,136,148,193,140,97,4,4,80,163,0,14,50,64,76,19,147,149,82,8,0,149,40,0,138,193,20,12,180,80
3,201,34,136,20,129,140,101,4,64,80,135,32,8,50,64,72,35,19,197,198,136,4,189,32,0,142,128,29,12,248,216
2,13,2,141,180,170,174,39,12,129,90,2,160,40,48,64,208,38,19,1,16,184,65,206,44,54,142,128,148,104,176,8
35,201,67,204,92,145,143,229,68,64,84,66,40,136,180,228,104,42,18,201,199,43,38,253,50,40,142,168,21,28,248,172
2,135,34,140,20,195,188,103,4,4,90,163,40,46,50,64,76,51,147,133,208,136,4,221,32,38,154,129,21,12,180,88
2,151,114,205,87,194,184,103,108,1,90,162,40,62,180,96,106,59,147,129,210,184,4,221,44,36,138,195,21,0,245,159
66,32,16,128,110,0,184,64,136,16,16,2,140,138,112,2,102,1,19,129,2,2,130,192,4,16,138,168,20,0,35,129
33,73,99,76,68,145,239,228,69,0,116,66,32,8,181,100,104,168,18,202,193,186,36,253,48,40,130,0,87,152,112,172
2,205,0,158,148,128,14,167,20,19,88,2,96,42,32,65,65,66,19,194,114,8,8,191,40,38,222,192,20,24,176,8
2,132,34,145,48,134,40,99,60,73,74,151,172,142,48,64,231,43,147,149,178,156,1,223,12,54,154,192,128,4,177,217
35,201,99,76,68,145,239,244,69,64,116,66,40,8,181,228,110,224,18,203,193,170,36,253,34,40,130,128,119,157,112,172
62,72,66,168,84,129,74,80,5,0,241,10,43,203,49,64,88,169,23,227,8,131,0,157,178,201,138,168,55,187,114,128
41,72,106,78,76,144,234,112,196,64,245,2,113,200,183,96,120,168,18,239,196,163,46,189,82,105,162,136,119,171,112,236
2,150,18,153,51,165,184,66,30,71,88,151,172,158,34,72,167,59,147,21,54,156,16,215,5,54,26,194,156,4,37,219
2,211,98,136,146,145,189,117,4,69,84,167,40,14,182,196,110,59,147,133,215,136,36,221,42,32,138,195,31,140,188,253
50,0,98,168,68,3,200,64,69,224,208,131,9,12,53,96,120,137,23,165,136,179,4,200,144,72,138,164,53,12,112,204
50,96,2,136,28,129,136,72,134,0,208,10,0,200,49,64,88,168,31,113,10,35,2,153,144,4,138,188,21,11,48,128
3,201,36,154,28,129,138,236,134,80,80,131,96,204,50,64,72,33,59,197,198,9,14,189,40,4,138,200,20,14,48,88
3,195,32,136,4,129,140,37,4,68,80,135,32,12,50,64,76,2,19,133,212,8,4,149,32,32,142,192,28,12,184,88
57,0,98,204,76,146,202,120,197,0,245,2,105,201,189,116,120,168,22,234,200,35,38,221,82,233,160,136,119,171,112,164
0,0,98,137,84,137,160,64,78,1,114,2,136,136,116,72,104,40,19,145,130,184,65,208,4,24,154,64,213,8,81,136
3,193,32,140,132,129,140,37,68,68,80,135,32,12,50,64,72,2,19,133,212,8,4,149,32,32,142,192,20,12,176,92
48,0,66,172,68,3,72,90,5,0,240,10,3,139,32,80,120,136,6,160,72,183,0,220,146,232,128,56,55,136,112,0
43,9,99,76,84,147,203,112,69,64,116,66,48,73,181,100,88,32,19,110,193,170,36,189,34,40,160,128,119,175,112,236
2,151,32,136,211,193,184,99,14,69,88,163,12,142,32,64,110,27,147,145,82,10,0,213,40,4,138,235,21,12,165,211
58,0,98,233,68,1,72,80,69,0,246,10,11,9,52,72,104,136,23,137,136,178,65,192,150,233,144,128,119,136,112,0
114,0,66,172,36,2,202,104,9,0,241,10,75,10,60,80,248,129,23,35,8,163,64,204,144,248,138,156,85,43,112,0
58,219,98,172,86,193,222,117,5,4,212,167,41,207,48,64,94,185,151,227,202,138,0,253,178,193,138,171,55,158,180,219
41,201,97,78,84,145,207,244,69,0,124,2,48,73,180,164,72,234,18,202,195,42,44,253,34,8,128,160,119,154,112,172
56,72,106,77,84,18,235,112,68,0,118,2,113,73,181,96,120,228,23,234,200,176,37,173,66,41,160,128,119,171,112,160
3,201,98,136,20,145,174,231,70,65,88,199,40,8,182,224,104,3,19,197,215,40,36,253,40,44,142,192,29,28,248,204
2,147,18,136,146,192,56,103,38,5,90,163,44,134,32,64,102,27,147,145,82,152,0,213,40,36,158,195,20,4,165,91
51,72,98,172,68,147,202,96,69,64,208,199,43,8,183,96,120,232,23,231,204,179,4,189,50,104,138,128,125,31,120,220
39,0,115,72,70,147,233,80,205,0,117,2,24,201,189,172,122,168,2,234,129,178,38,220,22,24,130,136,119,171,96,164
2,144,18,152,83,229,176,66,158,17,64,50,44,158,32,72,231,27,147,144,18,136,18,213,1,22,26,107,144,0,37,147
3,141,35,137,52,144,170,231,76,73,90,70,172,42,182,228,230,43,19,141,215,184,36,253,36,60,138,194,28,12,185,205
2,193,0,140,4,129,12,37,4,0,80,2,32,10,48,64,64,2,19,129,80,8,0,149,32,32,138,192,20,8,176,8
33,201,98,72,84,145,134,230,68,64,124,2,32,8,182,164,72,66,18,201,199,170,36,189,34,8,134,64,87,156,248,236
2,133,6,133,20,171,168,35,60,161,90,2,168,34,16,64,104,46,19,129,16,152,65,205,12,38,154,192,132,8,144,8
2,176,32,185,118,169,184,66,15,69,80,183,141,142,114,72,239,27,151,149,130,28,0,211,132,212,154,234,148,12,53,209
2,150,2,153,18,226,56,103,52,5,82,183,8,6,32,64,119,59,147,145,50,156,1,223,4,38,154,195,20,4,165,91
2,147,176,153,98,193,184,65,142,29,80,179,172,142,98,73,230,25,179,145,82,8,2,209,4,16,154,235,20,4,165,219
40,72,106,78,68,146,231,112,68,128,118,2,115,73,181,96,88,224,6,106,200,178,36,173,98,169,160,0,119,187,112,168
2,145,50,152,147,213,184,103,94,89,80,19,172,158,38,96,231,27,147,145,150,136,50,213,9,22,26,195,144,4,165,223
2,149,50,217,241,164,184,99,60,9,122,16,172,186,36,64,167,59,19,17,178,184,0,215,13,62,26,194,208,0,161,131
3,201,0,140,148,145,140,231,4,64,88,199,32,40,50,192,76,35,19,197,215,8,4,253,32,32,142,128,29,28,184,92
2,137,0,140,148,129,140,103,4,0,88,130,32,14,48,64,72,34,19,129,82,8,0,221,32,32,138,128,20,12,176,8
34,207,96,136,212,129,142,231,6,69,88,167,40,142,54,64,76,171,147,197,214,10,4,253,56,32,142,233,21,12,180,204
2,201,0,136,148,129,140,229,4,0,80,2,32,10,48,64,72,34,19,193,66,8,0,189,32,32,138,192,20,8,176,8
3,197,32,140,20,145,140,231,4,64,88,199,32,8,50,64,72,2,19,197,214,8,4,221,32,32,138,192,29,28,184,92
3,207,0,140,20,145,142,230,68,65,88,199,32,40,182,192,72,99,19,199,199,136,4,253,32,44,138,128,29,28,184,28
3,193,32,140,20,145,140,229,68,64,80,71,32,8,50,96,72,2,19,5,214,40,4,157,32,32,142,192,29,12,152,12
2,135,32,136,148,225,152,99,6,69,88,163,8,46,50,64,73,19,147,149,22,8,4,215,40,4,138,193,149,12,180,214
50,0,98,224,4,2,200,72,1,32,176,10,11,8,60,0,120,133,23,161,136,179,1,192,146,200,138,148,101,40,112,128
80,0,102,197,4,18,72,88,101,160,182,2,67,11,188,70,120,132,76,168,136,161,33,200,146,232,130,20,39,168,112,0
3,200,3,140,4,144,142,164,68,64,80,198,32,12,183,228,72,96,18,207,197,168,36,189,32,40,138,128,29,60,120,92
2,157,16,156,147,133,54,231,14,9,72,2,44,50,32,64,165,83,147,0,82,8,16,253,41,54,30,66,16,8,161,11
2,157,16,140,23,133,18,166,14,9,72,2,44,190,32,64,196,115,179,65,18,136,16,255,41,52,154,66,16,8,49,11
3,129,98,137,20,147,168,103,68,5,90,6,8,138,182,96,104,43,19,133,214,152,37,213,42,44,138,192,29,12,249,140
2,233,2,154,20,131,138,97,22,128,80,2,32,200,48,64,88,40,19,209,66,168,0,255,40,4,143,192,20,10,48,136
