48,0,66,193,68,2,160,64,0,32,112,2,0,8,52,0,104,136,2,129,0,178,0,192,20,8,130,4,69,8,114,128
8,72,3,172,4,0,11,148,4,128,84,2,48,2,33,68,64,96,19,202,1,128,0,105,64,32,170,0,20,57,48,40
56,0,98,164,68,2,168,72,68,128,82,2,65,8,56,64,120,4,23,161,136,176,5,128,0,201,170,132,117,40,112,128
54,8,98,204,68,147,202,80,65,192,117,10,67,201,55,0,88,168,23,43,136,162,36,140,18,73,128,136,119,175,112,192
3,193,32,136,5,133,140,165,4,64,0,135,0,12,50,64,64,0,19,133,214,8,20,149,41,32,142,64,20,12,144,78
2,149,16,136,147,229,24,67,6,1,72,162,12,150,96,64,231,27,147,144,18,10,18,213,41,4,138,235,144,0,165,147
2,149,16,136,147,225,144,67,6,1,24,162,12,22,32,0,78,19,147,145,18,8,0,212,8,0,10,195,148,72,133,19
2,195,32,128,132,0,4,165,0,4,16,135,0,32,34,64,72,2,3,4,208,8,4,133,40,0,142,192,28,12,144,72
1,193,32,140,4,145,4,37,68,64,80,7,0,0,50,96,64,0,18,133,196,8,36,149,32,32,138,64,20,12,176,76
2,195,0,128,132,192,12,167,0,4,24,131,0,46,50,64,76,67,131,213,80,8,0,132,40,0,142,193,148,92,148,72
131,205,32,142,132,17,142,165,68,64,88,23,64,40,58,96,64,66,18,71,213,40,44,183,40,32,142,192,28,30,184,76
3,193,32,140,4,129,140,37,68,64,80,131,32,12,50,96,72,0,19,5,212,8,4,149,32,32,142,128,21,12,144,76
43,72,97,78,84,147,203,240,69,64,116,198,112,200,183,164,88,40,18,111,199,162,44,189,34,8,160,160,127,191,112,236
131,141,0,158,148,128,142,175,84,66,88,215,96,104,58,64,81,98,18,167,247,8,12,191,40,38,143,196,28,12,184,28
45,64,99,76,68,19,235,112,68,192,116,66,81,72,181,228,88,108,18,110,193,178,36,140,50,40,160,128,127,187,112,228
163,201,97,140,20,145,142,228,68,64,84,135,32,12,182,100,72,34,19,79,198,40,36,191,34,8,138,128,85,28,240,220
2,32,82,160,116,137,120,80,169,9,48,8,143,10,32,16,166,137,6,48,2,3,0,192,146,217,10,234,20,128,35,1
54,0,106,192,68,18,232,80,105,32,183,2,27,9,188,32,122,132,23,168,136,179,36,192,82,8,162,148,101,138,112,160
63,0,99,225,4,18,202,80,69,224,243,194,75,76,191,228,120,140,21,175,141,178,36,136,146,233,131,132,103,175,112,228
169,76,99,94,68,147,199,244,85,66,124,66,112,72,181,228,88,96,18,106,229,166,44,191,34,44,128,128,119,191,120,172
3,192,0,140,4,128,140,165,4,64,80,199,32,8,50,64,64,0,19,5,197,8,4,149,32,32,142,128,28,28,184,28
33,72,111,77,84,130,235,112,84,0,118,2,113,193,181,101,120,232,18,238,193,178,36,236,64,42,162,128,119,187,112,168
6,152,146,154,139,193,48,194,158,25,65,50,12,150,96,72,227,27,179,144,18,78,26,241,9,22,26,107,144,1,165,147
1,72,99,204,4,0,131,144,68,64,80,66,48,0,181,100,72,96,18,75,129,160,36,169,0,40,130,0,23,185,112,108
114,0,96,161,4,2,200,0,65,32,178,2,11,8,20,16,104,133,4,129,136,178,1,192,146,200,130,128,37,136,112,0
114,0,64,128,4,0,200,0,9,0,176,10,14,10,0,16,106,129,21,128,8,34,64,192,144,0,138,176,5,8,115,0
35,205,97,206,68,145,135,229,68,64,124,66,112,72,189,100,88,98,18,107,195,32,44,189,32,40,134,128,87,154,240,172
2,143,6,156,146,128,60,167,20,7,90,135,40,46,50,65,102,51,147,133,112,136,2,253,32,38,222,129,20,84,181,88
2,144,146,141,19,227,48,78,22,33,66,163,44,158,32,64,248,29,163,144,2,152,81,149,29,38,26,67,16,8,36,154
2,135,2,156,144,160,60,39,20,7,88,151,40,38,32,65,70,19,147,133,114,136,0,223,32,38,218,193,20,76,165,88
186,20,114,232,23,23,216,80,93,8,242,18,15,24,52,96,252,137,23,161,168,183,48,206,147,253,130,130,117,8,112,135
3,193,0,140,4,145,132,37,68,64,80,7,32,8,50,64,64,0,19,133,197,40,4,149,32,32,142,192,29,28,184,28
3,193,0,140,4,145,140,165,68,64,80,71,32,8,50,64,72,0,19,133,197,8,4,157,32,32,142,192,28,28,184,28
3,193,0,140,132,145,140,165,4,64,80,199,32,8,50,64,72,0,19,133,213,8,4,149,32,32,142,192,28,28,184,12
35,201,102,76,94,147,174,236,196,64,244,70,104,200,182,228,122,32,18,237,199,171,38,253,34,44,138,128,95,158,121,140
3,193,0,140,132,129,140,165,4,64,80,199,32,8,50,192,72,2,19,133,197,8,4,157,32,32,142,192,28,28,184,28
26,149,19,200,211,164,57,119,47,9,92,34,60,183,32,68,230,59,23,136,19,136,48,223,121,188,58,202,18,0,161,187
35,201,102,142,28,145,174,228,196,64,210,199,96,72,182,96,104,98,19,71,199,169,6,253,32,40,142,136,93,30,248,220
90,157,26,172,147,196,24,119,7,1,206,35,60,183,32,64,230,187,155,128,82,139,18,221,251,229,154,203,50,0,165,27
3,193,0,140,132,145,140,165,68,64,80,71,32,40,50,64,64,2,19,5,213,8,4,157,32,32,142,128,28,28,152,12
56,232,98,172,84,129,74,244,5,64,80,11,51,137,49,80,72,232,23,199,202,10,0,189,242,233,170,168,55,157,114,200
18,157,22,168,155,193,28,167,133,1,200,162,44,182,32,64,102,179,155,128,90,9,18,253,176,230,142,203,52,0,165,27
2,131,2,141,148,131,172,101,4,4,82,135,32,8,50,64,104,34,147,133,82,152,0,157,44,32,142,192,20,12,180,88
3,193,0,140,132,129,140,165,4,64,80,199,32,40,50,64,72,2,19,133,212,8,4,157,32,32,142,192,28,12,184,92
2,149,18,136,147,224,56,99,12,1,74,2,12,50,32,64,227,27,147,144,18,136,16,215,41,36,138,67,20,0,165,2
3,193,32,140,20,129,140,165,68,64,80,199,32,8,50,64,72,2,19,133,212,40,4,221,32,32,142,192,28,12,184,76
2,149,18,136,147,228,56,99,28,1,74,18,12,54,32,64,231,19,19,144,50,136,16,215,41,38,154,66,144,64,161,19
2,139,2,136,148,131,12,165,4,4,80,135,32,8,50,64,64,34,147,197,80,136,4,157,40,0,142,192,20,12,144,72
3,193,0,140,20,145,140,229,68,64,80,199,32,8,50,96,72,2,19,197,199,40,4,157,32,32,142,192,29,28,184,12
3,193,0,140,4,129,140,37,4,68,80,135,32,8,50,64,64,2,19,5,212,8,4,149,32,32,138,192,28,12,184,84
2,145,2,136,147,193,56,231,6,1,72,163,12,158,32,64,102,27,147,145,18,8,2,213,40,36,154,195,20,4,165,27
61,8,106,78,84,147,203,112,69,192,117,2,115,200,183,164,88,168,22,111,141,162,44,188,82,73,161,128,119,175,120,228
2,141,2,157,52,170,162,39,12,0,90,2,172,32,32,64,98,38,2,0,112,152,1,191,36,54,154,128,20,72,17,8
3,195,66,140,84,128,172,101,4,68,112,135,40,14,54,64,108,162,147,133,214,186,4,221,50,40,138,192,93,12,248,220
2,133,18,140,18,226,56,99,44,1,90,162,44,182,32,64,102,59,147,128,18,152,0,221,32,36,154,195,20,0,37,24
35,129,99,204,20,145,172,103,68,65,88,66,32,8,180,228,104,42,18,193,215,168,36,221,32,40,138,192,85,12,240,236
2,143,2,140,22,131,44,39,4,4,90,131,40,34,34,64,100,35,147,132,80,152,0,221,32,36,138,129,20,8,180,8
2,193,0,136,148,193,12,37,4,64,16,131,0,14,32,64,72,19,147,132,82,8,0,213,40,0,142,193,20,12,144,64
1,205,0,140,148,129,4,231,68,64,88,7,32,0,50,64,72,34,18,197,198,8,4,189,40,32,142,0,28,12,184,76
0,5,0,128,148,225,16,66,6,1,24,162,0,60,32,64,64,18,130,16,18,8,0,148,8,4,138,67,148,72,20,3
2,193,0,140,132,128,140,165,0,64,80,2,32,40,48,64,64,66,19,193,80,8,0,189,40,32,142,192,20,28,144,8
33,5,99,136,84,179,136,104,68,64,121,66,64,72,188,224,88,40,18,37,151,162,4,157,2,40,138,64,93,14,120,132
0,193,0,140,132,1,4,165,4,0,80,2,32,0,48,64,64,2,2,129,80,8,0,153,32,32,142,0,20,24,176,8
0,0,0,136,4,129,0,0,4,0,80,2,0,0,48,64,64,0,2,129,0,0,0,149,0,32,138,0,20,8,48,0
40,192,74,201,84,137,237,117,12,0,116,2,49,11,180,64,104,136,2,136,82,184,64,213,102,9,162,64,117,136,240,128
0,193,0,140,4,129,12,37,4,0,16,2,0,8,32,64,72,0,2,0,80,8,0,149,32,0,138,64,20,8,144,0
2,143,32,142,148,129,14,167,6,5,88,135,104,110,58,64,84,35,147,197,242,8,8,255,40,36,138,193,20,14,180,88
8,209,122,204,87,132,245,117,68,0,116,2,56,27,32,64,106,178,2,136,192,168,48,221,99,169,34,0,115,136,224,170
1,4,99,220,20,163,161,99,84,64,87,18,112,96,180,100,120,36,2,41,161,188,36,159,0,46,146,64,21,8,112,44
3,192,1,140,4,144,140,165,68,64,80,70,32,8,176,224,72,0,18,69,197,40,4,149,32,32,142,128,28,28,184,12
2,148,18,136,23,229,48,66,14,1,72,2,12,150,32,64,233,27,147,144,18,136,16,215,9,6,154,66,144,8,33,2
2,193,0,136,132,129,132,37,4,0,80,2,0,0,32,64,64,0,2,0,80,8,0,149,32,32,142,192,20,8,144,8
0,193,0,140,132,129,12,37,4,0,80,2,0,8,32,64,64,0,2,0,80,8,0,149,32,32,138,64,20,8,144,8
130,16,162,153,2,192,184,0,62,83,82,179,140,158,112,73,103,25,179,149,130,212,6,192,4,50,218,195,148,4,53,209
1,72,104,204,4,128,131,244,68,64,84,2,48,8,181,96,72,96,19,75,192,32,36,185,96,40,170,128,85,25,80,168
60,8,106,236,68,2,67,88,65,128,119,2,83,73,177,0,88,164,6,106,136,178,76,136,82,233,161,4,119,171,112,128
2,131,32,136,132,129,12,37,4,4,16,135,0,46,50,64,68,2,19,133,208,8,4,149,40,0,142,193,20,12,148,64
3,192,33,140,4,145,140,164,68,64,80,66,32,8,180,228,72,0,18,77,197,40,36,189,32,40,138,128,29,28,240,108
3,193,0,140,132,129,140,165,4,64,80,199,32,40,50,64,64,2,19,133,212,8,4,149,32,32,142,192,28,28,184,28
2,131,32,136,148,129,140,35,4,4,88,135,0,8,50,64,72,2,3,133,210,8,4,149,40,0,138,193,20,12,148,64
2,135,32,136,148,225,136,35,4,5,24,163,0,46,48,64,76,19,131,145,18,8,0,149,8,0,138,193,148,76,148,80
1,201,0,140,4,129,4,37,4,64,80,66,32,0,48,192,64,32,2,129,69,136,0,157,32,32,142,0,28,24,152,8
2,20,144,152,19,225,16,66,22,3,8,178,12,182,96,72,199,27,147,145,34,12,16,214,9,6,154,195,148,64,37,19
2,131,32,136,148,129,140,97,4,4,16,135,0,14,50,64,76,3,147,133,210,8,0,149,40,0,138,193,20,12,148,64
33,200,97,76,68,145,134,228,68,64,112,66,32,8,181,224,72,96,18,75,197,34,36,189,34,8,136,0,85,157,120,172
3,193,32,136,132,129,140,165,4,64,80,135,32,12,50,64,72,2,19,197,212,8,4,149,40,32,142,192,20,12,176,88
3,201,0,140,148,128,142,165,4,5,80,135,32,42,50,64,64,66,3,197,214,8,4,245,40,36,142,192,28,12,184,12
2,131,32,136,20,129,140,165,4,68,80,135,32,14,50,64,68,2,147,133,208,8,4,149,40,32,142,192,28,12,180,88
38,8,106,204,68,2,139,64,68,192,87,2,113,72,53,96,72,96,19,235,128,160,36,168,64,41,170,128,85,171,112,192
2,135,2,140,148,131,140,103,4,4,90,135,40,14,50,64,76,35,131,133,80,136,0,221,32,32,138,193,21,12,181,216
33,200,106,200,84,145,237,244,69,0,116,2,48,137,180,100,104,40,2,200,195,170,36,253,34,8,130,8,87,152,240,172
60,8,66,238,84,129,202,80,5,0,241,10,35,200,49,0,88,168,23,227,10,162,8,189,16,201,170,184,117,171,112,136
2,131,0,140,148,129,140,97,4,4,80,135,0,42,50,64,72,2,3,133,80,8,0,149,32,32,138,192,20,8,180,64
3,131,34,136,150,144,168,35,12,5,90,135,40,46,54,64,110,3,147,133,214,152,4,213,40,32,138,192,29,12,185,84
54,0,98,204,68,3,192,64,69,64,241,10,3,200,53,32,88,168,23,35,136,179,4,136,18,72,128,136,119,174,114,132
2,129,0,136,149,133,12,101,4,73,16,131,0,14,50,64,196,3,19,149,82,8,16,149,41,0,142,192,20,12,144,80
2,149,0,136,147,193,152,103,6,5,72,163,8,158,32,64,79,27,147,145,82,8,18,213,41,4,138,235,20,12,165,90
2,151,16,136,146,225,144,99,4,1,88,162,12,22,32,0,78,19,147,145,18,8,0,213,8,0,10,195,148,8,165,19
2,131,32,128,148,128,12,37,0,5,16,135,0,34,34,64,72,2,3,132,208,8,4,149,40,0,142,192,20,12,144,72
2,133,0,136,145,193,140,231,6,69,72,163,32,46,50,64,73,19,147,133,82,8,0,213,41,38,158,195,20,12,180,90
32,32,4,129,76,0,168,64,0,48,144,2,8,10,64,3,104,0,2,128,0,50,195,192,20,0,202,40,21,8,49,128
1,193,33,140,4,145,4,37,68,64,80,71,32,8,50,96,64,2,18,5,212,8,36,149,32,32,138,64,20,12,176,76
2,149,0,136,151,229,24,34,6,1,8,131,8,62,32,64,205,19,147,145,18,8,16,213,9,4,138,195,144,76,53,82
130,52,144,152,49,165,152,66,30,11,16,48,140,158,96,72,199,27,147,17,34,4,2,210,9,22,26,234,144,72,33,131
3,193,0,140,4,145,140,37,4,64,80,199,32,8,50,64,64,0,19,5,213,8,4,149,32,32,138,128,28,12,184,28
2,131,32,136,132,129,140,33,4,68,80,135,32,42,50,64,68,2,19,133,212,8,4,213,40,32,138,193,20,12,180,80
3,195,0,140,132,129,140,37,4,68,80,135,32,8,50,64,64,2,19,133,212,8,4,149,32,32,142,192,28,12,184,84
2,32,144,145,39,165,184,66,62,11,16,18,140,142,96,72,135,25,19,145,2,84,146,210,5,22,154,170,144,68,33,131
2,131,0,136,20,129,8,33,4,68,80,135,0,14,50,64,68,3,147,133,80,8,0,213,8,0,138,192,20,12,180,80
118,0,66,204,4,2,72,72,1,0,179,2,74,8,60,64,120,132,31,161,8,163,65,200,146,168,138,148,37,170,112,0
3,193,32,140,4,129,140,37,4,64,80,135,0,12,50,64,72,0,19,5,212,8,4,149,32,32,138,192,20,12,176,92
3,201,1,140,20,145,142,229,4,64,80,199,32,12,176,192,76,99,19,197,199,136,4,253,32,32,142,128,29,28,184,92
2,192,33,140,4,128,140,165,4,64,80,195,32,12,48,64,64,0,19,197,192,8,4,157,32,32,138,128,28,28,176,24
2,200,0,136,20,129,10,228,6,0,80,2,32,136,48,64,72,8,19,65,66,8,0,189,32,32,138,192,21,8,48,136
2,149,18,136,147,225,176,103,12,13,90,163,44,62,32,64,110,51,131,129,18,136,0,221,41,38,154,195,20,12,165,91
2,195,32,128,148,128,140,167,0,5,24,135,32,44,50,64,76,66,131,213,208,8,0,132,40,0,142,193,20,92,148,72
35,200,96,140,68,129,138,228,68,64,80,131,32,12,54,64,72,32,19,71,198,42,4,189,32,40,138,128,21,29,112,216
2,133,2,136,22,161,40,98,12,1,90,2,12,10,48,64,98,3,19,129,18,136,0,213,4,32,138,192,20,8,33,0
2,133,2,136,151,224,184,99,14,5,90,163,44,190,32,64,98,59,147,145,18,152,0,213,41,36,138,195,149,12,181,82
3,201,66,140,20,145,174,229,68,64,80,71,40,8,182,224,104,35,18,197,199,168,4,253,32,40,142,128,29,28,185,140
56,72,74,238,84,129,75,240,4,0,116,2,115,193,177,64,88,232,23,234,74,162,40,61,114,233,160,136,55,155,112,168
0,193,8,140,132,129,132,101,4,0,80,2,32,8,48,64,72,2,2,129,80,40,0,149,32,32,142,64,20,8,176,0
2,22,32,136,54,161,184,66,14,65,88,167,12,142,34,72,231,27,147,149,146,8,0,214,8,22,154,194,148,76,49,211
2,149,18,152,179,225,184,99,30,69,72,179,172,190,34,64,239,27,147,145,50,136,16,215,41,22,154,195,148,4,165,211
35,200,99,206,84,129,203,240,69,64,116,66,112,73,183,100,88,224,23,239,201,162,44,189,112,40,160,136,117,139,112,236
131,205,32,138,148,145,142,165,68,65,88,23,64,104,186,96,73,66,18,71,245,44,44,183,40,0,142,192,29,30,184,76
2,131,2,136,144,129,12,101,4,4,80,135,32,14,50,64,76,2,147,133,82,8,0,157,32,32,138,192,20,12,180,88
130,128,150,153,52,168,184,2,62,27,82,18,172,138,48,72,227,11,51,17,18,156,3,211,12,54,26,194,148,8,33,129
41,8,106,76,4,2,235,16,68,192,118,2,49,1,177,96,120,100,18,234,129,176,37,8,66,41,162,0,117,185,112,40
3,192,32,140,4,145,140,165,68,64,80,131,32,12,54,96,72,0,19,69,196,40,36,149,32,40,138,128,21,28,240,76
34,201,1,136,84,129,143,245,4,0,80,2,48,9,176,68,72,40,19,201,66,42,0,189,96,0,174,160,21,24,240,168
35,72,97,78,84,147,207,240,69,64,116,198,48,200,183,36,88,40,18,111,197,162,44,189,34,8,161,160,127,191,112,236
131,141,0,156,148,147,142,175,84,66,88,87,96,104,50,192,89,34,18,165,247,44,12,159,40,38,143,196,28,44,184,28
130,135,2,140,148,128,172,103,20,5,90,22,40,42,48,64,106,3,19,129,114,136,0,223,32,32,138,192,20,8,177,8
3,200,1,136,4,145,140,228,68,64,80,66,32,8,180,224,72,0,18,193,199,40,36,189,32,8,138,128,93,28,248,204
18,32,82,161,70,0,104,64,37,17,242,2,13,138,116,90,110,153,6,145,10,146,129,192,148,200,154,132,37,128,34,128
1,72,96,76,4,16,130,164,68,64,84,2,32,8,183,100,72,96,18,75,197,160,36,189,2,40,130,0,21,61,120,108
112,0,100,225,4,10,72,0,97,160,178,10,75,9,28,18,122,132,29,160,136,179,65,192,146,200,128,20,103,136,82,0
2,149,2,136,146,224,184,35,4,1,88,163,12,62,32,64,98,19,147,144,18,136,0,213,8,32,138,195,20,0,181,19
41,64,107,77,68,18,235,112,69,192,118,66,81,1,181,164,120,172,18,234,129,178,36,140,86,40,160,128,119,187,112,228
35,201,104,204,84,129,207,244,69,64,84,3,48,72,182,32,72,96,19,79,198,170,36,189,34,8,136,160,85,157,112,204
2,48,144,136,107,133,184,64,10,8,16,2,140,158,96,8,230,25,19,144,2,3,130,208,17,16,10,170,16,0,33,131
55,0,122,192,70,18,235,80,73,160,183,2,83,9,189,36,122,132,23,170,136,179,36,200,82,8,162,132,101,170,112,164
2,32,82,168,116,137,120,80,173,1,48,8,143,138,32,16,226,137,14,49,2,3,0,192,148,216,10,136,20,128,35,129
3,200,7,157,20,144,168,166,92,65,82,71,168,136,50,224,104,42,51,197,199,152,5,245,36,54,218,192,28,28,184,92
163,205,96,156,20,145,143,230,84,70,92,135,32,8,182,229,72,34,18,79,231,172,36,191,34,14,158,128,95,156,248,220
3,131,32,136,132,129,140,37,4,4,80,135,32,10,50,64,76,2,19,133,212,8,4,213,40,32,142,192,28,12,184,84
2,206,32,156,20,129,142,230,22,7,88,131,96,110,50,64,93,99,147,133,98,12,12,191,40,38,159,193,20,28,52,72
98,0,99,200,76,3,137,88,196,64,209,66,136,137,188,228,120,132,95,169,137,179,100,196,20,40,138,156,87,142,112,164
61,8,106,239,68,18,234,80,69,192,119,199,89,77,179,96,124,164,23,238,140,178,45,140,82,233,161,128,127,175,120,208
1,133,115,73,244,190,235,115,109,9,123,66,72,104,180,228,122,42,18,169,145,184,37,204,46,60,2,64,215,206,241,164
3,216,49,218,119,133,187,228,94,25,84,66,60,218,180,100,239,59,18,203,195,44,42,255,41,30,154,194,81,9,49,173
35,205,99,94,84,147,206,244,85,66,92,70,112,104,183,165,88,98,18,207,229,172,44,191,34,14,134,128,95,191,120,172
2,131,0,136,148,129,12,33,4,4,80,135,0,46,50,64,68,3,131,133,80,8,0,213,40,0,138,193,20,12,180,64
1,96,103,204,12,147,168,72,198,192,83,66,96,202,246,224,112,44,42,224,135,211,166,217,0,40,139,8,21,46,120,164
60,2,98,238,68,18,74,112,5,132,119,135,75,75,183,80,126,168,151,238,136,178,12,140,82,233,161,128,127,175,120,128
7,132,51,129,182,182,168,66,108,73,91,86,140,186,190,228,247,43,18,157,151,184,37,198,14,62,154,194,157,6,57,213
22,175,0,138,156,193,10,232,135,4,152,131,97,198,120,64,92,187,159,247,90,11,10,189,184,68,143,253,53,15,20,208
45,76,99,92,84,147,239,240,84,194,116,66,112,96,181,228,88,224,18,234,225,166,36,239,32,46,224,128,119,187,112,236
3,32,2,140,76,19,168,72,228,96,211,70,8,130,186,227,122,173,90,161,197,131,132,192,16,32,138,168,12,6,57,132
34,24,99,206,77,209,137,64,196,196,81,163,32,204,183,36,76,57,147,199,133,163,54,152,19,8,139,171,87,47,116,246
7,143,4,154,156,129,14,165,134,21,25,135,64,104,58,64,89,66,51,247,86,8,14,181,40,6,143,192,148,15,144,64
2,106,2,136,66,192,184,68,132,132,210,163,44,142,97,74,110,185,147,209,0,147,130,192,20,32,154,139,5,21,37,219
131,205,0,158,132,145,142,165,84,66,89,199,96,104,58,64,65,66,19,199,245,40,12,183,32,32,142,128,28,30,184,92
41,4,226,65,84,187,224,82,125,65,126,86,9,8,182,172,107,170,6,153,151,188,36,198,14,93,176,64,239,204,120,132
3,193,0,140,4,129,140,37,4,64,80,199,32,8,50,64,64,0,19,133,196,8,4,149,32,32,142,192,28,28,152,92
0,232,18,136,109,141,186,196,174,25,48,0,140,138,112,82,194,9,78,81,18,41,130,241,13,16,26,106,16,1,35,137
33,72,111,79,68,130,235,112,84,192,119,66,113,193,181,101,120,236,18,234,193,178,37,236,68,42,162,128,119,187,112,232
3,144,51,217,117,189,184,67,254,73,112,80,172,154,180,236,231,59,146,17,183,188,34,215,15,62,26,194,216,4,169,165
56,4,98,236,84,186,106,80,85,0,126,2,91,9,49,80,122,168,23,233,168,182,32,142,210,237,160,128,119,171,112,128
130,36,148,152,108,165,184,66,158,26,16,16,140,146,96,11,135,27,19,128,34,68,130,210,0,16,90,170,16,64,33,129
134,207,0,138,148,225,14,164,20,5,25,179,64,108,58,64,77,83,131,215,50,8,8,183,40,4,142,193,148,95,180,64
3,193,33,140,4,145,140,165,68,64,80,66,32,8,176,224,72,0,18,193,197,40,36,189,32,32,138,128,29,28,184,12
2,152,146,152,203,229,176,198,158,17,64,50,140,150,96,72,231,27,179,144,18,73,18,241,9,16,90,107,144,1,165,155
134,143,4,154,148,225,14,239,22,87,89,179,104,102,57,65,85,115,131,243,114,72,8,255,40,6,207,197,148,127,180,80
50,4,50,168,53,39,218,66,77,8,250,2,15,8,53,64,254,153,23,161,168,183,0,206,147,252,130,130,117,137,97,9
36,8,106,206,4,2,227,16,68,128,87,2,81,65,181,100,88,100,19,234,128,160,44,8,66,41,163,128,117,171,112,32
33,197,98,204,68,19,199,127,69,2,124,2,112,104,180,36,88,32,18,43,225,170,36,159,32,8,133,0,87,250,240,172
2,3,0,153,116,169,168,3,46,21,82,151,172,142,114,72,110,171,135,149,18,152,66,213,132,48,154,193,148,12,53,216
130,48,144,152,3,197,144,66,30,27,0,19,12,150,96,72,205,25,147,145,34,4,18,210,9,6,154,227,144,8,37,147
163,205,97,206,68,145,135,237,68,66,124,66,112,72,189,100,88,34,18,107,227,32,44,191,32,40,134,128,87,154,240,172
2,143,6,156,146,128,62,167,20,5,90,135,40,46,50,64,102,115,179,133,80,136,2,253,32,38,222,129,20,84,181,88
34,28,66,137,95,233,184,66,141,1,120,131,172,30,37,64,106,187,147,145,2,26,80,213,21,16,138,203,21,12,37,218
130,144,150,152,163,225,56,70,190,27,64,179,140,150,32,72,231,27,147,144,50,140,2,215,9,22,26,203,144,4,165,19
2,144,146,141,19,199,48,78,30,41,66,35,44,150,32,64,244,29,163,144,18,154,81,221,13,38,26,195,16,8,37,27
2,199,2,156,146,128,44,39,20,7,90,151,40,46,34,65,102,35,147,132,112,136,0,255,32,38,222,129,20,92,164,88
18,17,82,200,95,197,176,67,44,0,250,34,12,154,36,64,238,185,202,160,2,171,17,221,23,40,10,75,81,8,35,139
186,20,114,232,23,23,216,66,85,8,242,18,11,24,52,121,254,153,23,161,168,183,48,206,147,253,130,2,117,8,97,135
3,193,32,140,4,145,140,37,4,64,80,199,32,8,50,64,64,0,19,133,212,40,4,149,32,32,142,192,29,12,184,92
37,8,99,78,4,2,131,16,68,192,87,2,112,65,181,100,88,100,18,234,129,160,44,40,0,40,163,0,71,187,112,36
3,144,18,152,243,181,184,67,30,73,88,118,172,158,166,224,231,59,147,17,151,156,2,215,12,20,26,202,152,12,169,151
3,193,0,140,4,145,140,37,4,64,80,199,32,8,50,64,64,0,19,133,212,8,4,149,32,32,142,192,28,28,184,92
1,201,33,204,4,145,134,229,68,64,80,66,32,8,180,228,72,32,18,75,199,40,36,189,32,40,138,0,85,28,240,172
43,72,103,207,84,147,235,112,197,64,244,194,56,4,181,228,108,168,18,238,193,179,101,253,54,40,130,128,119,159,112,188
6,157,128,158,146,163,158,171,22,130,24,162,108,254,41,64,119,123,147,177,50,72,8,255,40,6,143,162,148,110,161,25
3,151,34,142,150,144,190,39,4,65,89,231,44,46,178,64,110,3,147,133,214,8,12,253,40,32,138,195,29,14,185,95
55,8,99,238,68,147,202,80,69,192,245,10,67,200,181,228,88,168,22,107,141,179,44,156,146,233,128,136,119,171,112,164
3,193,0,140,132,145,140,165,4,64,80,199,32,8,50,64,72,0,19,133,197,8,4,149,32,32,142,192,28,28,184,28
40,72,111,78,84,131,203,112,85,0,116,130,113,71,181,117,88,168,23,234,233,186,100,253,118,170,160,128,119,139,112,168
3,149,19,216,242,182,184,119,44,9,92,96,172,182,164,228,166,59,146,24,147,152,32,223,46,60,26,194,154,0,169,173
51,201,102,76,94,147,174,236,196,64,212,70,40,200,183,228,122,32,18,239,199,171,38,253,50,44,138,136,95,30,121,140
3,193,0,140,132,145,140,165,4,64,80,199,32,8,50,64,72,2,19,133,197,8,4,149,32,32,142,192,28,28,184,28
10,149,19,200,211,164,57,119,45,9,94,98,60,183,36,228,230,59,151,136,19,136,32,221,43,60,26,202,18,0,161,187
3,193,1,140,4,145,132,165,68,64,80,66,32,8,176,228,72,32,18,71,199,40,4,189,32,32,142,128,29,28,176,12
51,201,102,142,28,145,174,228,196,64,210,199,96,200,182,96,104,98,27,71,199,169,6,253,48,40,138,136,93,30,120,220
4,109,0,138,148,161,142,198,6,3,24,2,0,136,97,0,73,74,2,82,66,40,8,178,40,4,158,96,148,91,144,136
57,72,106,174,84,129,74,244,5,64,116,11,51,137,51,112,72,232,23,207,206,170,4,189,114,73,160,168,55,159,114,200
3,193,0,140,132,145,140,37,4,64,80,199,32,8,50,192,72,2,19,133,213,8,4,157,32,32,142,192,28,28,184,28
90,157,18,236,211,196,61,119,39,1,78,2,60,183,32,68,230,187,147,128,82,139,18,221,251,229,158,202,50,0,161,27
2,135,34,136,150,129,172,103,12,5,90,135,172,44,50,64,102,35,147,133,210,152,4,221,36,32,138,193,21,12,181,88
3,193,32,140,132,145,140,165,68,64,80,71,32,40,50,64,64,2,19,5,213,8,4,157,32,32,142,128,28,28,152,12
56,200,106,236,84,129,74,244,5,0,116,11,49,137,49,80,72,232,23,206,202,138,0,189,114,233,160,168,55,153,114,200
82,157,22,168,155,192,28,231,133,1,200,162,44,182,32,64,230,179,187,128,90,11,18,253,185,230,158,203,52,0,165,26
2,135,2,141,148,131,172,103,4,5,90,135,32,46,50,64,108,35,147,133,80,152,0,221,44,32,138,193,20,12,180,88
3,193,0,140,148,129,140,165,4,68,80,199,32,40,50,64,72,2,19,133,212,8,4,157,32,32,142,192,28,12,184,92
2,149,18,136,147,224,56,99,12,1,74,50,12,50,32,64,227,27,147,144,18,136,16,215,41,36,138,67,20,64,165,2
3,193,0,140,4,16,140,165,68,64,80,199,32,8,50,64,64,2,18,5,213,8,4,157,32,32,142,128,28,28,184,28
3,193,32,140,20,129,140,165,68,64,80,199,32,8,50,64,72,2,19,197,214,40,4,221,32,32,142,192,28,12,184,76
2,149,18,136,147,228,56,103,60,1,74,18,12,54,32,64,231,19,19,128,50,136,16,215,41,38,154,66,144,64,161,19
3,203,34,136,148,131,140,103,4,4,90,135,32,8,50,64,72,34,19,197,212,152,4,157,40,0,142,192,28,12,184,88
3,203,32,136,148,129,142,165,4,4,80,135,32,40,50,64,72,34,19,197,214,8,4,189,40,32,143,192,28,12,184,76
3,131,0,140,132,129,140,37,4,4,80,135,32,10,50,64,72,2,19,133,212,8,4,149,32,32,142,192,28,12,176,88
2,146,18,152,19,229,56,67,30,25,72,179,44,150,32,72,231,27,147,145,18,8,18,215,9,54,154,195,144,4,165,27
2,135,2,140,146,129,190,231,4,5,88,167,40,46,34,64,78,19,147,133,82,136,0,253,40,38,158,193,20,12,181,88
60,72,106,76,68,2,235,80,69,128,116,2,115,73,181,100,120,232,6,234,136,178,36,140,82,233,160,128,119,187,112,160
35,137,99,140,20,145,142,101,68,64,88,70,96,104,182,224,72,34,18,237,197,168,36,189,32,40,138,128,93,12,120,204
2,203,32,136,22,193,186,231,6,5,88,167,40,14,50,64,78,27,147,149,82,136,0,253,40,38,154,193,20,12,180,88
3,193,0,140,4,128,140,37,4,64,80,135,32,8,50,64,72,2,19,5,212,40,4,149,32,32,138,192,28,12,184,28
2,16,150,145,37,140,184,0,174,25,82,50,140,154,96,72,231,25,179,17,2,212,2,208,5,16,26,194,148,8,33,131
3,192,0,142,4,145,142,165,4,64,80,199,32,8,50,64,72,0,19,71,197,40,12,181,32,32,142,128,29,30,184,28
45,8,106,78,84,147,203,80,69,64,116,2,51,200,183,164,88,232,22,111,141,162,36,189,82,73,161,128,127,191,112,236
2,148,18,153,243,224,184,66,62,1,90,179,140,62,32,64,231,27,147,145,50,156,16,215,13,22,26,195,148,68,37,211
51,0,98,236,68,19,200,80,69,64,240,2,3,136,183,40,120,168,22,161,140,179,36,128,18,76,130,128,117,168,112,196
2,16,34,152,55,230,56,66,60,73,82,55,140,158,50,72,231,41,147,149,146,156,16,215,1,52,154,194,148,4,49,211
2,135,0,136,128,224,28,35,4,5,88,163,8,38,32,64,68,19,147,133,80,8,0,213,40,32,138,193,20,12,180,82
2,149,50,136,55,226,184,99,12,65,90,162,44,62,34,96,238,51,147,129,150,152,0,223,40,38,154,195,21,12,181,87
2,151,34,136,146,224,184,99,44,69,90,167,12,142,50,64,102,27,147,149,146,152,0,213,40,36,138,195,20,4,165,211
2,141,18,141,52,168,178,39,12,1,90,2,172,32,48,64,226,35,19,1,112,184,0,255,36,54,10,192,20,8,17,9
2,131,0,136,148,129,140,97,4,5,80,135,0,14,50,64,76,19,147,149,82,8,0,213,40,32,138,193,20,12,180,80
3,193,98,136,22,144,188,229,68,65,80,199,40,14,182,96,110,11,147,197,215,136,36,221,32,40,138,192,29,12,185,220
58,72,66,234,92,145,202,208,135,0,84,2,35,201,181,64,72,168,23,202,74,42,34,189,82,201,128,168,55,159,112,136
48,201,96,170,84,129,198,240,69,0,240,10,35,201,52,0,72,168,23,67,202,43,8,189,50,201,130,56,119,139,112,136
2,195,32,136,4,129,12,37,4,68,80,135,32,12,50,64,68,0,147,133,208,8,0,149,32,32,138,193,20,12,180,88
3,193,34,140,150,144,172,103,4,65,90,199,40,12,50,192,110,35,19,133,214,136,4,221,32,36,138,192,29,12,185,220
2,133,2,140,18,226,56,35,44,1,90,162,44,182,32,64,102,59,147,128,18,152,0,205,32,36,154,195,20,0,165,27
3,195,32,140,132,128,140,37,4,68,80,135,32,42,50,64,64,2,147,197,212,8,4,149,32,32,142,192,28,28,184,88
3,133,2,140,20,129,172,103,4,65,90,199,40,40,50,64,104,35,19,133,212,152,4,221,32,36,138,128,29,12,184,24
2,135,2,140,18,130,40,103,4,5,90,131,40,38,32,64,110,51,131,128,80,152,0,221,32,36,138,129,20,8,165,8
3,193,0,140,148,129,140,165,4,68,80,135,0,40,50,64,72,2,19,197,212,8,4,181,40,32,142,192,28,28,184,92
2,129,0,136,148,193,12,37,4,64,80,131,0,14,48,64,72,19,147,133,82,8,0,213,40,0,138,193,20,12,144,64
2,201,34,140,20,129,140,101,70,64,80,2,32,136,48,64,72,42,19,193,194,170,4,157,40,32,142,232,21,12,176,8
3,141,2,140,20,131,140,103,4,4,90,135,32,34,50,64,72,35,19,133,86,136,4,221,32,36,138,128,28,12,184,76
2,201,0,140,148,129,140,165,6,1,80,2,32,168,32,64,72,106,51,64,82,8,0,189,40,36,158,192,20,8,176,8
3,141,0,140,148,129,12,231,68,68,88,135,32,34,50,64,72,34,18,133,198,136,4,221,32,32,142,128,28,12,184,92
3,203,32,136,148,129,142,165,4,5,80,135,32,8,50,64,64,2,19,197,214,8,4,189,40,32,142,192,28,12,152,72
0,135,0,128,148,225,0,99,4,5,24,162,0,44,32,64,72,18,131,16,18,8,0,149,8,0,138,67,148,72,148,2
3,193,0,140,4,144,140,165,68,64,80,199,32,8,178,224,72,0,19,197,197,8,4,157,32,32,142,128,29,28,184,28
2,193,0,140,132,128,140,167,0,64,88,2,32,42,48,64,64,67,19,193,80,8,0,189,40,32,142,192,20,28,176,72
2,142,0,142,20,129,138,226,6,5,88,135,32,14,50,64,76,43,147,197,2,136,0,191,32,38,138,193,21,14,52,216
130,216,18,152,23,193,152,228,22,1,64,50,44,158,32,64,238,57,147,193,98,140,18,245,33,32,154,67,20,8,181,138
35,5,98,136,84,179,138,96,68,64,121,66,64,72,188,224,88,40,18,53,151,178,4,157,0,40,138,192,93,14,120,132
0,193,1,136,132,1,5,165,4,0,80,2,32,2,48,64,64,2,2,193,80,8,0,149,32,32,134,0,20,24,176,40
2,216,18,152,15,197,188,229,140,16,80,2,44,158,32,65,238,57,147,193,66,10,18,245,33,32,154,170,21,28,177,155
40,193,88,233,86,137,237,117,12,0,116,2,185,11,180,0,106,138,19,136,82,184,64,213,102,9,162,64,117,136,240,128
2,131,0,136,132,193,140,37,4,4,80,131,32,12,48,64,72,18,131,129,80,40,0,149,32,0,142,193,20,8,180,0
0,193,0,136,4,129,140,101,4,0,80,2,0,8,48,64,72,0,2,1,64,40,0,149,32,32,142,64,20,8,144,8
18,133,82,169,150,128,232,99,45,1,122,2,41,10,36,64,106,163,23,128,90,184,0,221,162,248,138,192,53,128,225,128
50,74,82,172,66,192,90,100,5,4,240,163,41,134,33,80,110,185,135,192,72,139,0,253,176,224,138,139,53,153,36,137
3,143,0,142,148,129,142,239,4,68,88,135,96,108,58,64,92,34,19,229,214,8,12,253,40,36,143,192,29,14,184,92
2,193,32,136,4,129,140,37,4,64,80,131,0,12,50,64,72,0,19,133,208,8,4,149,32,32,142,192,20,12,144,80
3,141,32,138,148,129,142,229,4,65,88,135,96,104,58,64,88,66,19,199,212,8,12,189,40,0,142,192,29,30,184,28
3,201,0,142,4,145,142,164,68,64,80,71,32,8,50,224,72,64,18,199,197,136,12,189,32,32,142,128,29,30,184,12
3,200,35,156,20,147,138,34,84,64,82,66,32,104,180,229,72,32,50,13,229,172,38,191,0,46,154,128,21,12,56,108
2,131,32,136,148,193,12,35,4,69,88,135,0,46,50,64,68,3,147,149,82,8,4,213,40,32,142,193,20,12,180,80
2,148,0,136,147,228,24,34,6,1,72,2,12,54,32,64,199,19,147,145,18,8,16,215,9,36,138,195,148,72,33,2
2,131,0,136,150,193,156,97,4,4,80,163,0,14,48,64,76,19,131,133,80,8,0,149,32,0,138,193,20,12,180,64
131,205,33,156,132,16,134,167,84,66,88,82,32,40,180,228,72,66,18,67,229,44,36,191,32,40,142,128,29,92,240,108
3,192,33,140,4,145,140,165,68,64,80,70,32,8,176,224,72,0,18,69,197,40,36,189,32,32,142,128,28,28,184,76
3,72,33,140,4,16,142,132,68,64,80,66,32,8,181,228,72,96,18,79,197,160,36,169,32,40,142,128,21,29,48,44
3,195,0,140,4,129,140,37,4,68,80,135,32,8,50,64,72,2,19,133,196,8,4,149,32,32,138,192,28,12,152,92
2,135,0,136,148,225,8,35,4,5,88,163,0,14,48,64,68,19,147,149,18,8,0,213,8,32,138,193,148,12,180,80
3,193,32,136,4,129,140,37,68,68,80,135,32,8,50,64,72,0,19,133,212,40,4,149,32,32,138,192,29,28,184,92
2,132,16,136,151,225,144,66,6,5,72,131,12,158,32,64,201,27,131,145,18,8,16,215,9,20,154,67,145,76,37,146
2,133,0,136,145,225,24,35,4,5,72,163,0,38,48,64,68,19,147,149,18,8,0,213,40,0,138,193,148,12,180,80
2,193,32,136,4,129,140,37,4,0,80,130,0,12,48,64,72,2,19,129,192,8,0,149,32,32,142,192,20,12,144,8
0,193,0,136,4,129,132,101,4,0,80,2,0,0,32,64,72,2,2,0,80,40,0,149,32,32,142,64,20,8,144,8
0,193,0,136,132,129,4,37,4,0,80,2,32,0,32,64,72,2,2,0,80,40,0,149,32,32,130,64,20,24,144,8
3,193,32,140,4,145,140,37,68,64,80,199,32,8,50,64,64,0,19,5,197,8,4,149,32,32,142,128,28,28,184,92
173,72,107,76,4,2,111,48,68,192,119,2,81,65,177,100,120,228,22,234,201,176,37,12,96,41,163,128,39,186,112,160
2,131,0,136,148,129,8,33,4,4,80,135,0,2,50,64,68,3,131,133,80,8,0,149,40,0,138,193,20,12,180,80
3,148,50,136,87,165,176,66,108,9,72,18,44,154,36,64,237,27,19,145,150,168,16,215,17,30,26,74,209,64,33,130
34,132,2,153,84,171,168,34,28,3,90,18,160,10,48,64,105,42,19,129,34,156,65,223,4,54,154,192,21,8,48,136
34,131,98,200,210,129,156,101,4,4,80,163,40,142,54,64,76,27,147,133,82,10,0,213,42,0,138,201,21,12,180,216
2,0,148,153,36,0,168,0,142,17,80,2,140,138,112,75,226,9,51,145,2,64,130,192,4,18,218,136,148,0,33,0
3,149,114,136,215,241,184,99,14,65,72,167,12,62,38,96,239,19,147,145,150,136,52,213,9,4,154,67,149,76,173,215
128,0,146,157,6,130,40,2,62,1,82,18,44,138,32,72,114,45,34,128,0,148,1,221,0,38,218,0,20,0,33,8
3,131,0,136,132,129,12,37,4,4,80,135,0,8,50,64,68,2,147,133,212,8,0,149,40,32,142,192,28,12,184,16
130,18,162,153,32,160,56,66,62,83,82,179,140,142,112,72,231,25,147,149,162,220,6,210,4,54,154,195,148,4,37,209
2,131,0,136,148,129,8,33,4,4,80,135,0,34,50,64,68,3,147,133,84,8,4,149,40,0,142,192,20,12,184,64
2,48,18,129,98,4,184,64,172,25,82,163,140,150,96,75,238,57,179,148,0,144,130,192,20,48,218,130,0,4,35,211
56,32,98,97,68,8,96,80,97,1,116,2,11,9,20,16,106,136,6,152,138,178,64,128,86,201,32,0,231,136,98,128
3,131,32,136,132,129,140,37,68,68,80,135,0,8,50,64,64,2,19,133,212,8,4,149,32,32,142,192,28,12,184,84
28,0,74,228,68,2,104,16,36,128,87,2,83,75,56,64,120,164,21,170,8,146,1,136,194,233,162,132,39,162,112,0
2,176,146,152,251,165,184,66,174,25,24,32,140,150,96,72,231,27,147,144,18,11,146,209,29,20,26,234,144,0,33,147
44,8,106,77,68,3,203,80,68,128,119,2,83,1,181,100,88,224,23,234,136,178,101,136,86,169,161,128,119,187,112,160
130,48,16,152,23,165,184,66,30,9,16,50,12,158,96,72,231,25,147,145,34,4,0,210,9,20,154,194,144,8,33,3
35,72,99,206,4,145,142,228,68,64,80,70,96,72,183,228,88,96,18,239,197,160,36,189,34,40,138,128,95,159,120,236
3,192,0,140,4,145,140,165,4,64,80,199,32,12,50,192,72,0,19,197,197,40,4,189,32,32,138,192,29,28,184,92
35,72,106,78,4,145,131,228,68,64,84,2,96,8,183,100,72,96,18,79,197,168,36,189,34,40,130,128,85,159,120,236
2,151,16,136,146,225,184,99,14,1,88,179,44,30,32,64,103,19,147,145,18,8,0,215,8,4,138,195,148,4,165,83
2,131,0,136,148,193,12,37,4,68,80,131,32,14,50,64,68,3,131,133,82,8,0,149,40,32,138,193,20,12,180,80
2,131,0,136,148,193,8,33,6,5,80,163,0,46,32,64,64,19,147,145,18,8,0,213,40,32,138,195,148,12,180,64
3,193,1,140,148,129,140,229,4,1,80,66,32,8,48,192,72,2,19,193,215,40,0,221,32,32,142,192,21,8,184,40
2,52,144,136,19,225,144,66,6,1,8,131,8,54,32,8,73,27,147,145,2,8,16,212,9,6,154,67,144,76,52,146
3,193,1,140,4,144,140,165,68,64,80,70,32,8,180,224,72,32,18,197,197,40,4,157,32,40,138,128,29,28,248,12
3,193,0,140,132,129,140,165,4,64,80,199,32,40,50,192,64,2,19,197,213,8,4,157,32,32,142,192,28,28,184,12
3,200,1,140,4,144,140,164,68,64,80,66,32,8,180,228,72,96,18,77,197,168,36,189,32,40,138,128,29,28,120,12
3,131,32,136,148,129,140,37,4,4,80,135,32,8,50,64,72,2,3,133,212,8,4,149,32,32,142,192,28,12,152,76
3,195,0,136,20,129,140,165,4,69,80,135,32,8,50,64,72,0,19,5,214,8,4,157,32,0,142,192,28,12,152,88
2,131,32,136,148,129,140,101,4,4,80,135,32,8,50,64,72,2,131,133,210,8,4,149,40,0,142,193,20,12,180,88
1,201,2,140,4,17,4,37,4,64,80,70,32,0,48,224,64,32,2,129,69,136,0,157,32,32,142,0,28,24,184,12
2,151,0,136,146,225,152,99,6,5,88,163,0,46,32,64,77,19,147,145,18,8,0,213,8,4,138,195,148,76,132,83
2,20,144,136,19,225,24,66,22,3,8,179,12,190,96,72,79,27,147,145,18,12,16,214,9,6,154,195,148,64,37,18
2,145,16,136,151,192,156,99,4,0,88,162,44,30,32,64,70,19,147,129,82,8,16,213,33,32,138,195,20,8,181,18
3,193,32,136,4,129,140,229,4,64,80,135,32,8,50,64,72,2,19,133,215,8,4,149,32,0,142,192,28,28,152,92
33,200,96,140,68,145,134,228,68,64,80,66,32,8,182,224,72,32,18,69,197,40,4,189,32,40,138,0,93,28,120,204
33,200,97,76,68,145,134,228,68,64,112,66,32,8,181,228,72,96,18,75,197,34,36,189,34,8,136,0,85,157,120,172
56,0,66,229,68,2,104,80,1,128,118,2,17,11,48,64,120,132,23,168,8,178,1,128,70,233,162,128,39,136,112,128
3,201,0,140,148,145,142,165,68,5,80,7,32,40,50,64,72,66,18,197,214,40,4,189,40,32,142,192,28,28,184,28
3,193,32,140,20,129,140,229,4,68,80,135,32,12,50,64,72,2,19,133,214,8,4,157,40,0,142,192,29,12,176,92
2,131,32,136,20,129,136,37,4,68,80,135,32,14,50,64,76,1,147,133,214,8,4,213,40,32,138,192,28,12,180,88
2,131,2,140,148,128,172,101,4,68,82,135,40,14,50,64,76,35,131,133,84,152,4,221,32,32,138,192,21,12,180,216
32,200,106,200,84,129,231,244,68,0,116,2,48,129,180,100,72,168,2,200,194,170,32,253,98,8,162,8,117,152,112,168
2,151,18,140,150,226,184,99,4,5,90,163,40,62,32,64,110,51,147,129,16,136,0,221,40,36,138,195,20,0,181,19
2,4,128,137,180,161,0,2,14,1,88,2,128,32,48,64,73,10,19,145,18,40,64,149,12,20,154,192,148,72,16,0
56,8,98,238,68,129,202,112,5,0,116,2,49,201,49,0,72,168,23,203,200,162,0,189,82,201,170,168,119,187,112,136
3,131,0,136,132,129,140,97,4,4,80,7,32,40,50,64,72,2,3,5,84,40,0,213,32,32,138,192,28,12,176,24
2,129,0,136,181,133,8,97,6,73,80,131,0,46,48,64,196,19,147,149,18,8,0,213,41,16,138,192,148,12,176,80
2,16,18,153,3,132,56,64,174,25,82,147,12,150,96,72,230,57,147,145,2,144,18,208,1,16,154,194,144,4,37,211
48,0,98,200,84,18,224,64,65,0,240,2,8,136,180,32,120,136,23,161,136,179,36,192,18,8,130,12,117,12,114,132
2,131,32,136,150,193,152,103,6,69,72,163,40,142,50,64,76,27,147,149,82,8,4,213,40,4,138,195,21,12,180,90
2,149,16,136,146,225,144,99,14,1,24,162,12,54,32,64,230,19,147,144,18,8,0,213,8,4,10,195,148,8,165,19
3,195,0,128,132,129,4,165,4,4,16,135,0,32,50,64,64,2,3,5,212,8,4,149,40,0,142,192,28,12,144,72
2,135,32,136,148,193,140,231,6,69,88,163,32,46,50,64,77,3,147,133,86,8,4,213,40,6,158,193,21,12,180,216
130,32,132,153,4,137,168,0,30,17,80,18,140,130,96,75,73,9,19,144,2,80,66,208,4,16,218,168,20,8,17,128
1,192,33,140,4,144,140,165,68,64,80,67,32,8,52,224,64,0,2,69,196,40,36,149,32,40,138,0,20,28,240,76
2,20,128,136,19,165,24,66,14,9,72,3,12,54,32,64,197,19,147,145,18,8,16,215,9,22,154,194,144,76,37,19
2,180,16,152,179,229,144,66,30,9,24,51,12,190,96,64,205,27,147,145,18,8,16,215,9,20,154,227,144,76,37,147
3,193,0,140,4,145,140,37,4,64,80,199,32,8,178,64,72,0,19,5,213,8,4,149,32,32,138,128,28,12,184,28
2,131,0,136,132,129,12,33,4,68,80,135,0,46,50,64,68,3,147,133,80,8,0,213,40,32,138,193,20,12,180,80
2,48,16,136,110,1,184,64,140,24,80,34,140,154,96,11,238,25,19,128,2,98,2,208,4,16,74,170,20,8,33,129
3,131,32,136,148,129,140,35,4,4,88,135,0,42,50,64,68,3,147,133,212,8,4,213,40,32,138,193,20,12,184,64
194,32,20,145,108,0,168,0,168,16,16,18,140,138,80,75,238,9,51,129,34,82,194,192,4,16,218,172,4,0,49,128
2,131,0,136,20,129,8,33,4,68,80,135,0,14,50,64,68,3,147,133,80,8,0,213,40,0,138,192,20,12,180,80
61,72,106,238,4,22,203,216,68,128,87,2,81,73,177,96,88,100,19,234,200,176,61,172,99,233,161,0,55,187,112,160
3,193,0,140,4,16,140,37,68,64,80,199,32,8,50,192,64,2,19,133,197,8,4,157,32,32,138,128,28,28,184,28
3,201,1,140,20,145,142,229,68,64,80,199,32,12,176,224,76,98,19,197,197,136,4,253,32,32,142,128,29,28,184,92
2,7,32,136,132,161,140,71,4,5,24,135,0,44,50,64,72,2,131,149,146,0,4,148,32,0,142,129,149,92,148,80
2,200,0,136,20,129,10,228,6,0,80,2,32,138,48,64,72,8,19,65,66,8,0,189,32,32,138,192,20,8,48,136
2,131,32,136,148,1,140,231,4,5,24,135,0,46,50,64,76,2,131,133,208,8,0,144,40,0,142,193,148,92,148,64
2,151,18,136,147,225,176,103,4,5,90,163,44,62,32,64,102,51,131,129,18,136,0,221,40,38,154,195,20,12,165,91
2,203,32,132,148,129,140,167,4,4,24,135,32,40,50,64,72,66,131,69,212,8,4,141,40,0,142,192,21,28,148,72
34,200,96,136,68,129,138,228,4,64,80,131,32,12,54,64,72,40,19,71,194,42,4,189,32,40,138,128,85,29,80,216
2,133,18,136,22,161,40,98,12,1,90,2,12,10,48,64,98,3,19,129,18,136,0,213,4,32,138,192,20,8,33,0
2,193,0,140,132,128,140,37,4,0,80,2,32,8,48,64,72,2,19,129,64,8,0,149,32,32,142,128,21,8,176,8
3,193,0,140,20,145,140,165,68,64,80,199,32,8,50,224,64,34,19,197,199,8,4,157,32,32,142,128,28,28,184,76
2,133,2,136,151,224,184,99,14,5,90,163,44,158,32,64,98,59,147,145,18,152,0,213,41,36,138,195,149,12,181,90
3,201,66,140,20,145,174,229,68,64,80,71,40,8,182,224,104,43,18,197,199,168,4,253,32,40,142,128,29,28,185,156
56,72,74,238,84,131,75,240,5,0,117,2,115,193,177,80,88,232,23,234,74,162,40,189,114,233,160,136,119,155,112,168
0,193,8,140,132,129,133,101,4,0,80,2,48,8,48,64,72,2,2,129,80,40,0,21,32,32,170,64,20,8,176,8
2,20,32,136,182,161,152,66,14,69,88,167,12,190,50,64,231,27,147,149,146,8,0,213,8,20,154,194,148,76,53,211
2,149,18,152,147,225,184,99,46,5,72,147,172,182,32,64,231,27,147,144,18,152,16,215,45,20,154,67,148,68,165,210
35,201,99,136,20,145,142,228,68,64,80,199,40,12,180,228,76,107,147,207,199,168,4,253,34,40,138,128,29,156,248,156
131,141,32,154,148,145,142,167,84,71,88,151,96,104,58,65,89,66,19,199,245,8,44,191,40,38,142,192,28,92,184,92
2,131,2,136,148,129,12,101,4,5,80,135,32,14,50,64,76,3,147,133,82,8,0,157,32,32,138,193,20,12,180,80
2,148,178,153,179,164,184,2,190,25,90,50,172,154,32,72,231,27,147,145,146,156,2,215,13,22,26,194,144,64,33,131
66,0,86,128,102,10,248,0,169,16,178,2,140,10,84,82,166,5,95,129,0,1,128,192,148,24,138,132,4,0,33,1
131,141,0,156,148,146,142,175,84,70,88,199,96,104,58,65,81,98,18,165,245,12,12,159,40,38,159,132,28,108,184,92
130,135,2,156,148,128,172,103,20,5,82,151,40,42,50,65,104,35,131,133,114,136,0,223,32,32,138,193,20,8,181,8
34,201,97,136,84,129,143,228,4,0,80,66,48,8,176,100,72,40,19,201,195,42,32,253,32,8,142,192,21,24,240,168
35,73,99,78,84,147,207,240,69,64,116,198,48,200,183,164,88,40,18,239,197,162,44,189,34,8,160,136,127,191,112,236
35,200,1,136,4,145,140,228,68,64,80,66,32,8,180,224,72,0,18,193,199,40,36,189,32,8,138,128,93,28,120,204
2,32,66,145,100,136,232,64,45,17,82,146,140,142,116,75,110,137,23,145,2,144,130,192,148,152,218,224,164,0,33,128
130,48,144,152,109,173,184,2,154,27,16,48,140,154,96,11,135,25,51,17,34,84,130,210,5,16,90,170,16,72,1,129
2,149,2,136,147,224,184,99,4,1,88,163,12,62,32,64,99,19,147,145,18,136,0,213,9,36,138,195,148,4,181,18
2,150,0,136,146,225,24,98,6,5,88,167,8,142,34,64,79,27,147,145,18,8,0,213,8,4,154,195,148,12,52,83
163,205,97,200,84,145,143,230,84,64,88,199,32,12,182,36,72,42,19,207,230,46,36,191,34,8,142,192,87,156,240,220
53,0,106,192,70,2,203,80,65,224,183,2,91,9,189,36,122,132,23,170,136,179,36,200,82,136,162,132,103,170,112,229
56,0,114,225,116,138,120,80,105,0,116,2,27,11,49,16,122,169,23,184,136,176,0,200,214,217,160,128,103,138,98,129
3,200,6,153,20,144,168,166,92,65,82,199,168,8,178,224,104,42,50,197,199,152,71,245,36,54,218,192,29,12,184,28
163,205,106,78,84,145,206,246,85,64,124,6,32,72,183,36,72,98,18,79,231,174,44,191,34,12,128,128,127,159,120,204
3,200,1,140,4,145,142,164,68,64,80,70,32,8,176,224,72,96,18,197,197,40,36,189,32,32,138,128,29,28,56,76
45,72,106,204,70,18,235,112,68,196,86,198,113,13,183,100,126,96,19,238,192,176,36,236,98,41,162,128,127,187,116,248
1,133,99,73,244,190,233,115,109,9,123,66,72,40,180,228,122,42,18,169,145,184,36,205,46,60,2,64,215,206,241,164
3,216,49,218,118,133,187,246,94,25,84,66,188,154,180,100,239,59,18,203,195,40,42,253,9,30,154,194,81,9,49,173
35,205,99,222,84,147,142,246,84,66,84,70,96,104,183,229,72,98,18,207,229,168,44,191,34,14,206,128,95,188,120,204
115,0,3,204,76,19,232,72,197,0,209,74,8,200,188,228,120,128,94,171,137,163,100,200,16,40,138,156,23,174,48,164
3,193,0,140,132,145,140,37,4,64,80,199,32,8,50,64,72,0,19,133,196,8,4,149,32,32,142,192,28,28,184,28
65,32,71,204,76,145,168,72,198,192,211,66,96,200,246,225,120,44,42,224,133,147,166,217,16,40,139,8,29,46,120,132
7,132,51,129,182,182,184,66,108,73,91,70,140,170,182,228,247,43,18,157,151,184,37,198,12,60,154,194,157,6,57,213
54,175,64,170,84,193,26,232,7,4,152,171,33,206,104,64,89,187,151,243,10,11,8,191,184,197,143,253,53,142,20,216
33,72,103,92,84,147,203,240,85,64,116,66,112,72,181,229,88,96,18,239,225,174,38,253,32,46,226,128,95,191,112,236
63,2,66,236,6,2,74,120,1,132,243,135,75,75,63,80,126,173,21,230,12,147,0,204,146,233,138,128,127,175,120,144
2,0,146,153,19,225,184,66,30,21,80,179,44,158,32,72,239,27,147,145,50,158,3,215,13,6,154,195,149,12,37,211
35,24,99,206,79,209,155,64,196,192,81,171,32,204,181,164,76,57,147,199,133,35,54,153,19,8,139,171,87,63,116,254
6,139,36,138,156,129,14,229,134,21,153,135,96,236,58,64,93,66,187,215,210,9,10,181,40,4,143,217,148,15,148,64
6,207,36,158,148,129,14,165,22,21,89,135,64,106,58,65,81,66,51,231,246,8,14,181,40,38,206,192,28,14,152,80
3,72,33,140,4,144,142,164,68,64,80,66,32,8,181,228,72,96,18,71,197,160,36,189,32,40,138,128,29,29,48,108
2,106,2,136,66,192,184,68,140,132,82,163,44,142,99,73,110,57,147,209,0,147,130,192,20,32,154,139,5,21,37,219
131,205,0,158,132,145,142,165,84,66,89,215,96,104,58,192,89,66,19,199,245,40,12,183,32,38,142,128,28,30,184,92
26,135,34,168,147,193,28,103,5,5,216,163,45,142,34,64,110,187,151,129,90,11,4,253,248,101,170,203,53,12,180,74
134,13,128,158,148,32,14,166,20,130,88,18,96,106,49,65,81,98,19,227,48,76,8,191,40,38,207,128,148,121,176,8
134,204,166,158,148,130,14,164,22,195,80,147,96,108,49,65,81,102,51,247,176,204,14,175,40,38,223,192,148,125,48,88
41,0,226,65,84,187,232,82,125,65,126,86,25,8,182,172,107,170,6,153,151,188,36,198,14,77,178,64,239,140,120,132
3,193,0,140,132,129,140,37,4,64,80,199,32,8,50,192,72,0,19,133,212,8,4,149,32,32,142,192,28,28,152,28
0,232,18,152,109,141,184,196,174,25,48,0,172,138,96,82,194,41,78,80,18,41,130,241,141,16,26,106,16,1,35,137
2,131,0,136,148,129,12,33,4,5,80,135,0,46,50,64,76,3,147,133,82,8,0,149,40,0,138,193,20,12,180,64
154,248,82,184,115,193,24,196,23,5,64,163,44,150,96,80,102,185,151,208,66,15,2,247,144,197,154,235,52,20,37,155
2,131,0,136,148,129,12,33,4,4,80,135,0,14,50,64,68,3,147,133,82,8,0,213,40,32,138,193,20,12,180,80
3,144,51,217,117,181,184,67,254,89,112,80,172,154,164,236,167,59,178,25,183,28,50,215,15,30,26,202,216,0,169,165
2,135,0,136,146,225,24,66,6,5,88,163,8,38,32,64,79,19,147,145,18,8,0,213,8,4,138,195,148,76,52,82
56,4,106,236,116,34,90,112,85,0,118,2,91,9,49,80,122,168,23,168,168,183,4,142,210,237,160,128,119,139,112,128
3,195,32,136,132,128,140,37,4,68,80,135,32,8,50,64,64,3,19,133,212,8,4,213,32,32,138,192,28,12,184,80
130,133,0,138,147,225,26,198,22,7,73,179,8,54,32,64,67,19,147,145,50,12,8,247,40,6,154,195,148,77,165,82
134,207,0,154,148,225,30,230,22,7,89,179,72,102,56,64,93,83,131,215,50,8,8,247,40,6,142,193,148,95,180,80
134,143,164,154,148,163,142,235,22,150,24,147,96,110,59,65,93,115,147,181,50,64,10,191,40,6,207,197,148,126,180,64
41,72,107,77,100,22,239,240,68,200,118,66,113,9,181,228,88,100,22,106,201,176,37,173,103,41,160,128,119,187,112,233
134,154,146,154,147,225,184,195,30,29,65,179,44,222,96,72,239,59,163,145,50,14,10,243,9,6,154,203,148,5,165,211
2,162,130,141,28,131,168,111,22,165,210,151,32,140,50,64,93,13,187,149,18,216,65,157,28,38,155,197,148,12,52,200
3,130,34,153,116,169,184,3,174,29,80,149,172,138,114,73,230,43,23,21,150,184,6,209,4,16,154,200,156,12,153,213
50,4,50,232,21,38,216,66,13,8,248,2,10,30,53,64,252,153,151,161,136,191,16,206,147,252,138,146,81,8,33,11
33,197,99,204,68,147,199,127,69,66,124,2,112,104,180,36,88,32,18,41,225,168,36,159,32,12,133,4,87,250,240,172
50,0,64,161,4,2,200,64,1,32,178,2,11,10,20,16,104,133,4,161,8,178,65,192,146,200,138,132,101,136,112,0
6,158,2,154,147,225,186,195,30,5,73,179,44,174,34,64,231,27,131,145,50,136,10,247,9,6,154,195,148,69,165,83
2,143,6,156,146,128,62,167,148,7,90,135,40,46,50,64,102,99,179,133,80,136,2,253,32,38,222,129,20,84,181,88
2,3,48,153,119,233,184,66,46,21,80,131,172,142,112,72,106,59,147,145,18,152,70,213,4,16,154,193,148,12,53,202
184,16,114,232,117,23,88,80,85,8,240,18,15,25,48,113,252,137,23,161,168,183,48,142,147,253,50,130,119,8,112,135
37,72,99,78,4,18,131,144,68,128,116,66,112,64,181,100,72,100,18,74,129,160,44,168,0,40,131,0,87,187,112,44
131,144,18,153,116,149,184,67,30,9,80,117,172,154,38,200,231,59,146,21,182,156,2,215,12,28,26,202,156,12,169,135
3,193,0,140,4,145,140,165,4,64,80,199,32,8,50,64,64,2,19,133,212,8,4,149,32,32,142,192,28,28,184,92
129,205,33,142,4,145,134,229,68,64,80,66,32,8,180,228,72,34,18,75,199,40,36,189,32,40,130,0,93,30,248,236
43,72,103,207,84,147,235,112,197,64,244,194,56,76,181,228,108,160,18,238,193,179,100,253,54,40,130,128,119,191,112,252
6,157,0,156,146,163,158,107,22,130,88,163,108,126,33,65,95,123,147,177,48,200,8,222,40,6,143,194,148,108,161,25
3,148,19,216,243,183,184,103,30,73,88,112,172,178,164,228,231,59,146,16,151,152,34,223,46,62,26,194,154,0,169,141
61,8,98,238,68,147,202,112,69,192,245,66,115,200,183,224,88,232,23,235,141,178,36,188,18,233,160,136,119,191,120,236
3,195,99,206,6,145,142,101,68,64,80,198,104,76,190,228,78,35,147,207,197,136,36,253,34,40,138,128,31,158,184,220
3,193,0,136,132,145,140,165,4,64,80,199,32,8,50,64,64,2,19,133,212,8,4,149,32,32,142,192,28,28,184,92
40,72,103,78,84,131,203,112,69,0,116,130,49,69,181,117,120,168,23,234,201,178,100,253,86,42,160,128,119,139,112,168
51,201,102,140,28,147,174,236,196,64,208,70,40,200,183,228,122,33,30,239,207,171,38,253,50,44,138,136,93,30,121,204
3,193,0,140,132,145,140,165,4,64,80,199,32,8,50,64,64,2,19,133,213,8,4,157,32,32,142,192,28,12,184,28
11,149,19,200,243,180,57,119,45,9,94,66,44,183,36,244,230,59,147,136,147,136,32,221,43,60,26,202,18,0,161,191
3,201,1,140,4,144,134,164,68,64,80,66,32,8,176,228,72,32,18,75,199,40,36,189,32,32,138,128,29,28,48,12
51,203,102,142,28,145,174,229,196,68,210,135,96,200,182,96,104,162,31,197,206,169,6,253,48,44,142,152,93,30,248,220
4,237,0,138,148,161,142,198,6,3,24,2,0,232,105,0,73,74,2,82,66,42,8,178,40,4,158,104,148,91,144,136
41,72,106,238,84,129,207,244,5,64,116,135,49,141,183,64,72,232,23,206,202,170,4,189,114,41,160,136,119,159,112,248
3,193,0,140,132,145,140,165,4,64,80,199,32,8,50,192,72,2,19,133,213,8,4,157,32,32,142,192,28,28,184,28
90,157,18,232,211,196,61,119,37,1,78,2,60,183,32,84,230,187,147,128,82,139,18,221,123,229,30,74,50,0,161,59
3,201,99,204,70,145,172,229,68,64,112,194,40,12,180,228,110,59,146,201,199,170,36,253,32,40,138,130,87,28,241,189
2,135,34,141,150,193,172,103,12,5,90,163,172,46,50,64,110,51,147,133,82,152,0,221,44,36,138,193,20,12,181,88
3,193,32,140,132,145,140,165,68,64,80,199,32,40,50,96,72,2,19,5,213,8,4,157,32,32,142,128,28,28,152,12
82,137,0,172,154,193,156,231,133,5,216,163,45,174,32,64,110,179,191,193,90,11,2,253,184,228,158,203,52,12,165,27
114,233,66,174,92,129,74,228,3,0,208,10,35,136,48,80,72,232,21,195,74,11,130,189,176,229,138,184,52,11,48,8
2,135,34,141,148,129,172,103,4,4,90,135,40,12,50,64,108,35,147,133,210,152,4,221,32,32,138,192,21,12,180,216
3,193,0,140,148,129,140,37,4,69,80,135,32,8,50,64,72,2,19,133,212,8,4,157,32,32,142,192,28,12,184,92
3,203,36,152,28,131,140,231,148,84,80,135,32,8,50,65,72,34,19,199,230,8,6,189,32,2,222,192,29,28,184,220
3,193,0,140,132,16,140,165,68,64,80,199,32,8,178,224,64,2,18,69,197,8,4,157,32,32,142,128,28,28,184,28
2,203,4,152,138,192,28,231,132,20,216,163,40,6,32,65,78,19,171,192,82,9,2,253,32,34,222,195,20,28,165,9
2,149,18,136,147,224,56,103,12,1,74,18,12,54,32,64,231,19,147,144,50,136,16,215,41,38,154,67,144,64,165,10
3,193,32,140,20,129,140,229,68,64,80,199,32,8,50,64,72,2,19,197,214,8,4,221,32,32,142,192,28,12,184,76
130,207,36,152,156,129,140,231,150,20,80,135,32,8,50,65,72,34,147,213,242,8,6,189,40,2,158,192,28,28,184,88
2,139,0,136,148,129,140,167,4,4,88,135,32,42,50,64,68,35,131,197,82,8,4,253,40,32,142,193,20,12,180,72
3,193,0,140,132,129,140,37,4,68,80,135,32,8,50,64,72,2,19,5,212,8,4,157,32,32,142,192,28,12,184,92
2,148,18,152,19,229,56,99,30,9,72,179,44,182,32,64,231,27,179,145,18,8,18,215,9,38,154,195,144,4,165,27
3,139,32,136,148,129,142,167,4,4,88,135,32,40,50,64,72,34,147,197,214,8,4,189,40,32,142,192,28,12,184,88
2,135,34,136,146,129,142,231,4,5,88,135,40,46,50,64,76,19,147,133,210,136,0,253,40,36,142,193,20,12,180,88
60,72,106,76,68,18,235,112,69,128,116,2,115,73,181,100,120,232,6,234,200,178,36,204,114,169,160,128,119,187,112,168
2,139,32,136,20,129,154,231,6,5,88,167,40,142,50,64,78,3,147,197,210,8,0,253,40,36,154,193,21,12,180,88
3,193,0,140,4,128,140,165,4,64,80,199,32,8,50,64,72,2,19,133,196,8,4,149,32,32,142,192,28,12,184,28
2,144,146,145,39,140,184,0,62,25,82,50,140,154,96,72,231,25,179,145,2,148,2,208,13,16,26,194,148,8,33,131
3,200,0,142,4,145,142,164,68,64,80,71,96,8,182,224,72,64,18,71,197,40,12,189,32,40,142,128,29,30,184,12
43,72,107,78,84,147,203,112,69,64,84,6,51,200,183,36,72,232,22,207,205,162,36,189,82,9,160,128,119,191,112,236
3,193,32,140,4,145,140,165,68,64,80,199,32,8,178,224,72,0,19,197,197,40,4,157,32,32,138,128,29,28,184,92
2,150,18,153,179,225,184,67,60,9,90,179,140,62,32,64,231,27,147,145,18,152,16,215,13,54,154,195,148,68,165,211
57,0,98,236,68,19,200,80,69,192,209,3,3,137,183,32,120,168,23,165,140,178,36,136,82,105,138,136,119,174,112,196
2,148,34,153,23,224,56,66,30,77,90,183,12,158,34,64,231,59,147,145,150,152,16,215,12,38,154,195,148,4,53,87
2,135,0,136,148,192,12,35,4,4,88,163,8,38,32,64,68,19,147,133,80,8,0,213,32,32,138,193,20,12,180,82
56,0,64,225,68,2,72,80,1,32,114,2,3,11,52,64,104,132,4,161,8,178,65,128,210,233,160,4,103,136,112,128
2,151,98,136,22,226,184,99,12,69,90,163,44,62,54,64,110,51,147,129,150,152,4,221,40,36,138,195,149,12,181,87
2,141,18,141,54,170,176,35,12,1,90,2,172,40,48,64,226,35,19,1,80,184,0,223,36,54,10,194,20,8,33,9
2,131,32,136,148,129,140,101,4,5,80,135,32,14,50,64,76,3,147,133,214,8,4,149,40,32,138,193,20,12,180,80
40,201,104,206,84,145,202,240,69,0,116,2,49,201,181,32,72,234,23,203,202,42,44,189,114,73,160,168,119,139,112,168
42,200,96,206,92,145,202,240,5,0,84,2,33,137,181,68,72,168,23,202,202,42,34,189,114,201,128,168,55,155,112,136
2,195,32,136,4,129,12,37,4,68,80,135,32,12,50,64,76,2,147,133,208,8,0,149,32,32,138,193,20,12,180,88
3,131,34,136,148,128,172,101,4,65,82,135,40,14,50,64,110,43,147,133,214,136,4,213,32,32,138,192,29,12,185,220
2,133,18,140,19,226,56,99,44,1,74,162,44,182,32,64,230,59,147,128,18,152,16,221,1,36,138,195,20,0,165,10
2,195,32,140,132,129,140,165,4,68,80,135,32,42,50,64,64,3,147,197,212,8,4,149,32,32,142,192,28,28,184,80
32,201,106,200,84,129,143,244,68,0,116,2,49,137,180,96,72,138,19,201,194,170,36,253,96,41,162,200,85,152,240,168
3,129,2,140,20,128,172,103,4,1,90,135,40,42,50,64,108,35,19,133,212,152,0,221,32,36,138,192,29,12,184,136
3,193,0,140,148,129,140,165,4,68,80,199,0,40,50,64,72,2,19,197,212,8,4,181,40,32,142,192,28,28,184,92
2,135,32,136,144,225,152,99,6,5,88,163,8,14,50,64,77,19,147,149,18,8,0,213,40,4,138,193,149,12,180,80
2,193,34,140,20,129,140,101,68,65,80,2,32,136,48,96,72,42,19,129,210,170,4,157,32,32,142,200,21,12,176,140
2,129,0,136,145,193,8,33,4,1,64,131,0,30,32,64,72,19,19,144,82,8,0,213,41,0,138,65,20,12,148,2
3,199,32,136,148,129,142,167,4,5,88,135,32,42,50,64,68,2,147,197,214,8,4,253,40,32,142,192,28,12,184,88
2,201,0,140,148,128,140,165,6,0,80,2,32,136,48,64,72,42,19,65,82,40,0,189,40,36,142,192,20,8,176,8
3,141,2,140,148,129,12,103,4,68,88,135,32,34,50,64,72,34,19,133,198,136,4,221,32,32,142,128,28,12,184,92
3,203,32,136,148,129,142,165,4,5,80,135,32,40,50,64,72,2,19,197,214,8,12,189,40,32,142,192,28,12,152,72
37,8,99,78,4,18,171,80,68,192,119,66,80,72,181,100,88,100,18,234,129,176,44,200,0,40,163,128,87,171,112,36
2,131,0,128,148,225,16,99,4,5,24,163,0,44,32,64,72,18,131,17,18,8,0,149,40,0,138,195,148,8,148,3
3,131,0,140,148,145,140,101,4,4,80,135,32,42,50,64,72,3,147,133,212,8,4,149,32,32,138,192,29,12,184,92
35,72,99,204,4,144,142,228,68,64,80,66,32,8,181,228,72,96,18,207,197,160,36,189,32,40,138,128,31,61,112,44
2,201,32,140,148,128,140,167,4,65,88,2,32,40,48,64,72,66,19,193,208,8,4,189,40,32,142,192,20,28,144,8
2,206,2,138,20,129,138,230,6,5,88,163,32,14,50,64,76,43,147,197,2,136,0,191,32,4,138,193,21,15,52,200
130,216,18,152,23,197,152,228,22,17,64,50,44,158,32,64,238,57,147,193,98,140,18,245,33,32,154,3,20,8,181,154
35,5,99,136,84,179,168,106,68,64,121,66,64,72,180,224,88,40,18,181,151,178,4,157,0,44,138,192,93,14,120,132
2,216,22,152,15,197,188,229,140,24,80,2,44,158,32,65,238,57,147,193,66,10,18,245,49,32,138,138,21,28,181,155
40,193,122,233,116,129,233,245,76,0,116,2,153,139,180,0,106,8,23,136,210,186,0,213,102,137,162,192,119,136,241,129
3,201,99,140,4,145,142,229,68,64,80,66,32,8,180,228,72,96,18,207,197,168,36,189,32,40,142,128,29,28,248,76
2,131,32,136,148,193,140,37,4,4,80,162,0,44,48,64,72,18,131,129,80,40,0,149,40,0,142,193,20,8,180,0
2,193,0,136,4,129,12,101,4,0,64,2,32,8,48,64,72,2,19,129,82,8,0,149,32,0,142,64,20,8,176,8
18,129,82,136,52,128,236,103,173,0,248,2,172,2,32,64,106,163,23,128,90,139,0,221,176,48,138,192,21,0,161,136
34,18,34,136,95,193,152,72,134,68,209,163,44,206,41,64,94,57,155,145,2,3,2,213,16,0,138,171,21,14,53,210
8,133,114,233,182,176,248,51,68,1,94,130,153,47,176,64,103,19,23,153,146,184,36,213,70,237,170,192,183,128,161,145
3,143,32,142,148,129,142,239,6,68,88,135,104,110,58,64,93,35,147,229,214,8,12,255,40,36,143,196,21,14,176,88
2,129,0,136,148,192,12,33,4,65,80,131,0,14,50,64,68,19,147,133,82,8,0,213,40,32,138,193,20,12,176,80
2,129,32,140,132,129,140,37,4,64,80,131,32,14,50,64,76,3,147,133,208,8,0,149,32,32,138,192,20,12,176,80
3,201,0,140,20,145,140,229,4,64,80,199,32,8,50,192,72,35,19,197,199,136,4,253,32,32,138,192,29,12,184,28
3,200,1,142,4,145,142,164,68,64,80,66,96,64,189,228,88,96,18,207,197,160,44,189,32,40,138,128,29,31,112,44
3,8,35,158,20,146,169,32,84,64,82,66,96,72,180,228,88,32,50,9,165,172,36,191,0,46,218,128,21,44,112,108
3,131,32,136,132,129,140,37,4,68,80,135,32,12,50,64,76,2,147,133,212,8,4,213,40,32,142,193,21,12,180,92
2,131,0,136,150,193,156,97,4,4,80,163,0,14,48,64,76,19,131,133,82,8,0,213,40,0,138,193,21,8,180,64
131,205,33,156,132,16,134,167,84,66,88,82,32,40,180,228,73,66,18,67,229,44,36,191,32,46,142,128,29,124,240,108
3,200,1,140,4,145,142,165,68,64,80,70,32,8,176,228,72,32,18,69,197,40,36,189,32,32,138,128,28,28,184,76
52,8,106,236,68,131,203,112,68,0,117,2,113,73,177,64,88,168,23,42,136,178,32,28,82,169,160,128,117,171,112,160
3,72,35,140,4,16,143,132,68,64,80,66,32,8,181,228,72,96,18,203,197,160,36,169,32,40,138,128,21,61,112,108
2,20,128,152,19,229,24,66,22,3,72,18,12,150,96,72,77,25,147,144,34,4,16,214,9,4,154,99,144,72,37,18
2,135,0,136,144,225,8,34,4,5,88,163,0,38,32,64,77,19,147,144,18,8,0,213,8,4,138,193,148,12,52,82
2,131,34,136,149,129,140,101,4,5,80,135,32,8,50,64,72,2,131,133,214,168,4,213,40,32,138,193,21,12,184,204
3,200,32,140,4,17,140,164,68,64,80,70,32,8,183,224,72,64,18,69,197,32,4,189,32,40,138,128,29,28,56,12
3,192,32,140,4,145,140,229,68,64,80,7,32,8,50,96,72,0,19,5,197,40,36,149,32,32,138,128,29,28,184,92
2,149,0,136,147,225,24,2,6,1,8,131,8,54,32,64,73,19,147,144,18,8,16,212,9,6,154,67,148,76,36,18
2,193,0,140,4,129,140,37,4,0,80,2,32,10,48,64,72,2,19,129,80,8,0,149,32,32,142,192,20,8,176,0
0,193,0,140,132,129,12,37,4,0,80,2,32,8,48,64,72,2,2,129,80,8,0,149,32,32,142,64,20,8,176,8
3,192,33,140,4,145,140,165,68,64,80,199,32,12,50,96,72,0,19,5,197,8,36,157,32,32,142,128,28,28,144,92
3,73,67,142,20,146,171,48,68,192,83,70,112,64,181,228,88,100,18,238,193,184,36,237,32,40,138,128,15,175,112,108
3,72,3,142,20,145,138,228,68,64,80,198,32,200,181,228,72,104,18,199,199,138,4,253,32,40,138,136,29,31,120,140
3,200,1,140,4,144,140,164,68,64,80,199,32,8,178,224,72,32,18,197,197,40,4,189,32,32,138,128,29,28,184,28
2,148,50,152,85,165,176,66,94,73,72,18,44,154,52,64,237,27,19,145,146,174,16,215,9,30,26,74,208,76,33,130
2,132,2,153,84,171,168,34,28,3,82,18,160,10,48,64,73,42,19,129,34,156,65,223,4,54,154,192,20,8,49,136
2,0,144,152,32,128,56,66,30,27,80,18,140,138,112,75,231,9,51,145,2,68,2,192,8,18,218,170,148,0,33,1
2,149,114,136,211,241,184,99,14,65,88,163,12,62,54,96,110,27,147,145,150,136,52,213,40,4,138,195,149,12,173,214
128,0,146,157,22,162,40,66,62,1,82,18,44,130,32,72,114,45,34,128,32,156,17,223,4,38,218,0,20,0,33,8
5,8,99,206,4,18,139,16,68,192,86,66,112,64,181,228,72,96,18,203,129,160,36,169,0,40,138,128,87,175,112,108
44,0,106,197,68,18,233,88,69,160,118,2,81,9,188,64,120,164,23,168,136,178,37,136,82,169,161,132,103,170,112,128
2,48,150,145,99,128,184,64,174,81,82,179,140,158,96,75,230,25,179,144,2,208,130,192,4,16,90,226,132,4,33,211
56,32,98,97,68,8,104,80,97,1,116,10,11,9,20,16,106,136,6,152,136,178,64,192,22,201,160,0,231,136,98,128
3,72,99,204,4,16,138,128,68,64,80,66,32,8,181,228,72,96,18,203,133,160,36,185,0,40,130,128,95,61,112,108
28,0,74,238,68,2,107,16,4,128,87,2,81,67,185,64,120,228,23,234,8,144,0,8,66,233,162,128,39,171,112,0
66,48,146,152,104,133,184,66,170,25,16,48,140,150,96,74,135,25,31,16,18,9,130,209,13,20,26,234,144,0,35,131
41,72,99,77,68,18,207,112,69,192,116,66,112,64,181,228,88,228,18,234,193,178,37,236,36,40,160,128,119,187,112,236
3,72,99,140,4,128,143,244,68,64,80,2,48,8,181,100,72,96,19,207,192,160,36,189,96,40,170,128,21,57,112,104
2,149,0,136,151,225,152,98,6,5,88,163,8,30,32,64,79,19,147,145,18,8,16,213,9,4,138,195,149,12,53,82
35,72,99,78,68,147,207,252,69,64,116,66,96,72,181,228,88,96,18,239,193,162,44,189,32,40,130,128,95,191,120,236
3,72,107,206,4,144,139,96,68,64,84,70,48,8,183,100,72,96,18,207,197,160,36,189,32,40,138,128,85,191,112,108
35,72,106,78,68,145,194,240,69,64,116,2,96,72,183,36,88,104,18,75,197,162,44,189,34,40,128,128,119,159,112,236
2,149,18,136,178,225,184,99,28,1,88,179,44,62,32,64,231,19,147,145,50,136,0,215,40,36,154,195,148,4,165,19
2,195,32,136,148,129,140,229,4,4,80,135,0,12,50,64,76,0,147,133,210,8,4,149,40,0,142,193,20,12,180,88
2,129,0,136,147,193,24,35,4,1,72,163,8,38,32,64,66,19,131,144,18,8,0,213,41,4,138,67,148,12,180,66
3,200,33,140,4,145,140,165,68,64,80,66,32,8,180,228,72,32,18,205,197,40,36,189,32,40,142,128,29,28,248,44
3,193,3,136,148,128,140,229,4,64,80,66,32,10,48,192,72,2,19,129,87,136,0,221,32,32,142,192,29,8,184,8
7,72,99,78,4,0,143,164,68,192,80,66,48,0,181,228,72,96,18,75,129,32,44,185,32,40,130,128,85,59,112,108
3,131,0,140,148,128,140,37,4,4,80,135,32,8,50,64,72,2,19,133,212,8,4,221,32,32,138,192,28,12,184,28
3,193,0,140,132,145,140,165,68,64,80,199,32,40,178,192,72,2,18,197,213,8,4,149,32,32,142,128,28,28,184,12
3,195,32,136,20,129,140,165,4,69,80,135,32,8,50,64,72,0,19,5,214,8,4,157,32,0,142,192,28,12,152,92
2,131,32,136,148,129,140,37,4,4,80,135,32,8,50,64,72,2,3,5,214,8,4,149,32,0,142,193,21,12,188,88
1,201,2,140,4,16,4,37,4,64,80,70,32,2,176,224,64,32,2,133,69,136,4,141,32,32,142,0,28,28,184,12
2,131,32,136,144,129,140,99,4,5,88,167,0,46,50,64,76,2,131,133,210,8,0,149,40,0,142,193,20,12,180,80
2,135,0,136,148,225,152,99,6,5,24,163,8,46,48,64,77,19,147,149,18,8,0,213,8,4,138,193,148,76,148,80
2,145,16,136,151,192,156,99,4,0,88,162,44,62,32,64,70,19,147,129,82,8,16,213,33,32,138,195,20,8,181,18
3,192,97,200,4,129,141,229,68,64,80,2,16,8,180,96,72,0,18,129,196,40,36,213,32,40,138,192,21,8,240,76
3,200,33,140,4,145,142,164,68,64,80,66,32,8,177,224,72,96,19,69,197,32,4,189,32,32,138,128,29,28,56,12
33,200,96,140,68,145,134,228,68,64,80,66,32,8,182,224,72,32,18,69,197,40,4,189,32,40,138,0,93,28,248,140
33,72,97,76,68,145,134,228,68,64,112,66,32,8,181,228,72,96,18,75,197,34,36,189,32,40,128,0,85,156,120,172
36,0,106,204,68,2,233,80,68,128,119,2,81,65,185,64,88,36,19,170,128,176,37,8,66,41,162,0,53,170,112,160
2,131,32,136,20,129,136,37,4,68,80,135,32,12,50,64,76,0,147,133,198,8,4,221,40,32,138,192,28,12,180,88
2,131,2,140,148,128,172,103,4,69,90,135,32,14,50,64,72,35,131,133,86,152,4,221,32,32,138,192,29,12,184,220
33,201,106,200,84,145,167,244,68,0,84,2,48,8,180,100,104,40,2,200,195,170,36,253,34,8,130,0,85,152,112,172
2,151,2,136,150,226,184,99,12,5,90,163,40,62,32,64,110,51,147,129,16,136,0,223,32,36,138,195,20,0,181,19
3,193,0,140,132,128,140,101,68,0,80,6,32,8,50,64,72,2,19,129,213,40,4,221,32,32,138,192,29,12,184,8
0,5,128,137,180,161,0,2,14,1,88,2,128,34,48,64,201,2,19,145,18,40,64,149,12,20,138,64,148,72,16,0
42,72,106,204,68,145,207,244,68,0,116,130,49,141,181,36,72,232,19,203,192,170,36,189,98,9,170,136,119,153,112,168
54,8,98,236,84,131,202,64,69,0,241,2,35,200,53,0,88,168,23,99,136,163,4,156,18,73,130,136,117,175,112,128
2,161,0,136,145,133,8,99,6,73,88,131,0,14,48,64,204,27,19,149,82,8,0,213,41,16,138,192,148,12,176,80
32,32,98,201,84,3,224,64,69,1,240,2,8,136,52,32,120,137,6,177,130,179,4,192,22,8,138,32,85,8,114,132
2,195,32,136,20,129,136,101,6,69,80,135,32,140,50,64,76,43,147,133,214,8,4,221,40,0,138,193,21,12,180,92
2,145,16,136,146,161,152,99,14,1,88,162,12,22,32,64,102,19,147,144,18,8,0,213,8,0,10,194,148,0,165,19
2,131,32,128,148,128,12,37,4,5,16,135,0,34,50,64,76,2,131,149,208,8,4,149,40,0,142,193,20,12,180,72
2,129,32,136,147,193,152,103,6,69,72,131,8,174,34,64,74,19,147,145,18,8,20,213,41,4,158,67,21,12,181,90
128,32,144,153,52,137,40,2,30,3,80,16,140,130,96,72,195,9,19,16,34,212,2,210,12,22,26,96,148,8,1,128
36,8,106,78,4,2,131,16,68,128,119,2,113,73,177,96,72,96,19,74,128,160,36,40,64,41,162,0,85,187,112,32
130,16,144,152,52,165,24,66,30,11,16,50,140,150,96,72,197,25,147,145,34,4,0,214,9,22,154,226,144,8,49,3
2,149,16,136,147,229,144,67,30,9,88,51,12,190,32,64,205,27,147,145,18,8,16,215,9,20,154,195,144,76,165,211
3,129,0,136,20,129,140,37,4,68,80,135,32,10,50,64,68,2,19,133,212,8,4,213,32,32,138,192,28,12,184,68
2,131,0,136,148,193,12,33,4,68,80,135,0,46,50,64,64,3,147,133,80,8,0,213,40,32,138,193,20,12,180,80
34,0,98,192,68,2,232,80,65,0,112,2,8,11,52,64,104,128,23,128,136,178,0,192,22,136,130,128,103,136,112,128
2,131,32,136,132,129,140,33,4,4,80,135,0,10,50,64,68,3,147,133,212,8,4,149,40,32,138,192,28,12,184,64
66,32,68,129,108,0,168,0,136,16,144,2,140,10,80,75,106,129,95,129,2,99,195,192,20,48,218,172,5,0,113,128
3,192,33,140,4,129,140,164,68,64,80,199,32,12,48,96,72,0,19,197,196,40,4,189,32,32,138,128,21,28,48,76
3,193,0,140,132,16,140,165,68,64,80,199,32,8,50,192,64,2,19,197,213,8,4,157,32,32,142,128,28,28,184,28
3,203,0,140,148,145,140,165,4,64,80,199,40,10,50,192,76,35,147,197,215,136,4,221,40,32,142,128,28,12,184,28
2,200,0,140,20,129,138,228,4,0,80,2,32,8,48,64,72,40,19,65,66,40,0,189,32,0,138,192,20,8,48,136
2,135,32,136,132,65,140,231,4,5,24,163,0,46,50,64,76,3,131,149,80,8,0,144,40,0,142,193,148,92,180,80
2,135,2,136,147,193,184,103,4,5,90,163,44,46,34,64,110,51,131,129,82,136,0,221,40,38,154,195,20,12,165,91
34,200,32,136,4,129,142,228,4,64,80,131,32,12,52,64,72,48,19,197,194,40,4,189,32,8,138,128,21,28,112,200
2,131,32,128,148,128,140,167,0,5,24,135,32,44,50,64,76,3,131,197,210,8,4,157,40,0,142,193,20,28,148,72
3,201,99,12,20,145,174,229,68,64,80,70,32,8,182,228,72,34,18,205,199,168,52,253,32,40,138,0,93,28,248,204
2,133,18,136,150,129,168,99,4,1,90,2,12,10,48,64,110,3,19,129,82,136,0,213,32,32,138,192,21,8,177,0
2,193,0,140,132,128,140,37,4,0,80,2,32,8,48,64,72,2,19,129,64,8,0,149,32,32,142,128,21,24,176,8
3,193,0,140,4,145,140,165,68,64,80,71,32,40,178,224,64,34,19,133,197,8,4,157,32,32,142,128,28,12,184,76
3,195,2,140,20,145,174,103,68,65,88,199,40,40,182,192,104,35,18,197,213,168,4,253,32,40,138,192,29,12,249,156
2,135,34,136,150,129,188,103,14,5,88,163,44,142,50,64,110,11,147,133,214,136,4,221,40,32,138,193,21,12,181,77
56,73,106,78,84,129,79,240,69,0,116,2,113,193,177,112,88,232,23,106,202,162,44,61,114,169,160,136,119,155,112,168
2,149,18,153,147,228,184,99,60,1,74,19,172,182,32,64,231,27,147,144,50,152,16,215,13,54,154,67,144,68,165,146
2,129,9,136,132,129,141,101,4,0,80,2,48,8,48,64,72,2,19,129,80,40,0,149,96,32,174,192,20,8,176,8
3,195,32,140,4,145,140,229,68,68,80,135,32,12,182,64,76,2,147,197,196,40,36,149,32,0,142,193,21,28,188,92
35,201,98,136,20,145,142,229,68,64,80,199,40,136,182,224,76,43,147,197,199,168,4,253,32,40,138,192,29,28,248,156
131,141,32,158,148,144,142,167,84,70,88,151,96,104,58,65,89,66,19,167,244,8,44,191,40,38,143,192,28,92,184,92
2,131,2,136,148,128,12,101,4,4,80,135,32,14,50,64,76,3,147,133,82,8,0,157,32,32,138,193,20,12,180,88
2,148,18,153,183,172,184,2,62,25,90,50,140,154,96,72,231,59,147,17,18,156,2,215,13,54,26,194,148,0,33,131
131,141,0,156,148,147,142,175,84,66,88,199,96,104,178,225,89,34,18,165,229,40,37,159,40,38,143,132,28,108,184,76
34,201,97,136,84,129,143,244,4,0,80,66,48,8,180,228,72,40,19,203,195,42,32,255,32,8,142,192,23,24,240,172
130,135,2,152,148,128,172,103,20,5,82,23,44,42,50,65,106,3,19,133,242,136,0,223,40,34,154,192,21,12,185,8
18,32,194,129,70,128,232,64,45,17,242,18,137,138,116,91,110,137,23,145,10,146,192,192,148,216,154,192,37,0,33,128
35,200,1,140,4,145,140,228,68,64,80,66,32,8,180,224,72,32,18,193,197,40,36,189,32,8,138,128,93,28,120,140
2,181,16,152,147,225,144,103,22,5,8,179,12,190,32,64,73,27,131,145,50,8,16,215,41,4,154,227,149,76,165,210
130,197,38,152,150,128,188,231,20,16,80,151,44,14,50,65,110,35,147,133,242,136,4,223,32,34,218,192,29,12,185,73
2,149,18,136,147,224,184,99,4,1,88,163,12,62,32,64,98,19,147,145,18,136,0,213,8,36,138,195,148,4,181,18
2,151,0,136,144,225,24,98,6,69,88,167,8,14,34,64,79,19,147,149,18,8,0,213,8,4,138,195,148,76,52,80
163,205,97,152,84,145,143,230,84,64,88,199,32,12,182,36,72,42,19,207,230,46,36,191,34,14,142,192,87,156,240,220
54,0,122,192,70,2,249,80,105,160,183,2,27,9,188,32,126,133,23,169,136,163,36,200,82,9,162,132,101,170,112,128
56,0,66,225,84,138,72,80,33,0,245,2,27,11,49,16,122,168,23,168,8,178,64,204,210,201,160,128,103,170,98,128
3,200,7,153,52,144,170,164,142,81,82,71,172,136,176,224,234,41,51,197,199,184,6,245,36,48,154,192,28,28,185,28
3,72,33,140,4,17,142,164,68,64,80,66,32,8,181,228,72,96,18,205,197,32,36,189,32,40,138,128,29,60,120,44
3,142,34,156,20,163,138,110,22,4,90,135,96,108,51,64,93,34,147,133,164,136,5,191,40,38,154,129,21,12,48,76
1,216,59,218,118,133,187,246,94,25,84,66,188,218,180,100,237,43,2,200,195,168,42,255,105,30,58,194,80,137,33,173
115,0,99,200,76,19,169,88,196,32,209,66,8,136,188,228,120,132,94,171,137,179,100,192,20,40,138,156,23,142,112,164
8,149,122,201,214,198,189,119,109,1,126,2,24,59,180,100,126,19,19,184,144,184,49,221,127,44,130,64,119,128,225,162
35,200,103,158,20,145,142,244,84,64,84,198,96,104,183,229,88,98,18,207,229,168,38,189,32,46,206,128,95,156,120,220
2,16,22,152,75,228,176,66,174,25,66,16,172,158,96,72,228,57,187,16,18,137,18,209,5,16,26,74,144,0,33,139
65,64,102,76,76,145,168,72,196,192,213,66,96,200,190,229,120,40,58,232,133,163,166,217,18,40,139,40,29,46,120,132
7,4,35,129,180,178,170,66,108,73,91,215,140,136,182,228,247,43,18,149,151,184,36,206,14,60,154,192,156,14,57,213
34,88,106,218,86,195,155,192,22,0,116,162,48,221,53,32,94,185,147,195,66,38,58,255,67,13,139,171,117,11,116,186
62,173,64,170,83,193,26,232,7,132,216,163,41,206,105,0,89,187,151,211,42,10,8,191,186,197,143,251,53,143,52,218
41,72,103,92,84,147,203,244,85,64,116,66,112,72,181,165,88,96,18,239,225,174,38,189,34,46,226,128,127,189,120,172
2,144,146,153,83,225,184,66,30,21,64,179,44,158,32,72,235,27,147,145,18,220,3,209,5,6,218,195,149,12,37,210
6,139,4,138,156,129,14,225,134,21,152,135,96,238,58,64,93,99,171,215,82,9,10,181,56,4,143,249,148,15,180,64
6,207,4,154,156,129,14,165,134,21,89,135,96,102,58,65,85,67,163,215,82,8,10,245,40,38,143,193,20,14,180,80
63,2,98,236,6,2,90,88,1,132,247,135,75,75,63,80,126,173,21,174,140,179,4,140,146,233,160,132,111,175,104,128
39,0,99,204,76,209,169,64,196,196,209,167,32,204,183,36,88,168,147,231,133,179,38,136,18,8,138,171,87,175,116,244
135,199,0,158,132,129,142,165,20,67,89,151,96,104,58,64,81,66,19,231,244,0,12,183,40,38,206,192,28,94,184,92
134,141,128,158,148,163,142,166,20,130,88,18,96,104,49,65,89,98,19,227,48,108,8,190,40,38,207,128,148,121,176,8
134,204,166,158,148,130,142,168,22,195,80,147,96,108,49,65,89,98,51,215,178,204,14,175,40,38,223,192,148,125,48,72
18,88,18,140,75,196,188,68,137,128,240,34,44,158,33,80,238,185,147,192,64,3,146,200,49,32,10,11,17,50,39,155
131,197,0,138,132,145,142,165,68,64,89,215,96,8,50,192,72,2,19,135,244,44,12,191,32,32,142,128,28,30,152,92
130,135,32,136,132,129,12,39,4,4,88,151,0,42,50,64,64,3,147,133,244,12,4,151,40,32,142,192,28,12,184,80
3,133,115,72,240,185,169,115,237,9,120,64,140,154,180,180,174,11,22,24,147,56,32,213,46,28,2,202,215,128,227,165
130,48,144,152,19,229,144,66,22,3,0,18,12,158,96,72,203,25,147,144,34,4,18,210,9,6,154,99,148,12,37,146
66,249,18,152,109,140,184,196,175,25,48,0,172,154,96,82,196,25,95,81,2,41,146,241,141,16,26,234,16,1,35,139
2,131,32,136,148,129,12,33,4,4,80,135,0,14,50,64,76,3,147,133,210,8,4,213,40,0,138,193,20,12,180,64
3,144,51,217,113,181,184,67,254,89,112,80,172,154,228,236,167,59,146,17,183,156,50,215,15,30,26,202,216,0,169,165
2,135,0,138,148,225,26,35,4,5,89,163,0,46,50,64,76,19,131,149,18,8,8,245,40,4,138,193,148,15,180,80
184,0,106,236,116,50,105,80,85,128,118,2,91,9,177,104,122,172,23,168,168,182,36,142,82,239,160,128,119,171,112,161
3,193,33,136,4,145,140,165,68,64,80,71,32,8,50,224,72,2,18,197,197,40,4,189,32,32,142,128,29,28,184,12
134,143,0,138,146,225,30,166,22,5,89,179,72,102,40,64,71,83,131,210,50,8,8,247,40,4,142,193,148,95,180,82
6,135,164,152,148,35,140,235,22,167,24,135,96,236,59,65,93,107,179,181,50,72,11,159,40,6,207,197,148,108,180,64
41,72,107,77,100,150,239,180,68,72,86,66,112,8,181,228,88,96,18,110,193,176,101,173,103,41,162,128,87,187,112,237
134,152,146,154,91,225,176,194,158,29,64,179,44,222,96,72,231,59,163,145,50,12,10,243,9,22,154,203,144,5,37,211
2,162,130,141,28,131,168,111,22,165,210,151,0,140,50,64,92,13,187,149,18,216,65,157,28,38,155,197,148,12,52,200
50,20,50,168,53,39,218,66,45,8,248,2,46,30,53,64,252,153,31,161,136,163,0,206,147,252,138,146,81,9,33,139
56,0,98,225,4,2,72,88,65,160,242,2,67,9,56,64,120,132,4,161,136,178,1,128,146,233,160,132,103,168,112,128
35,197,99,204,84,147,143,111,84,64,92,66,112,104,180,229,88,34,18,169,225,168,36,159,32,46,143,128,87,188,240,236
2,2,96,137,116,169,232,66,173,21,88,179,172,142,114,72,110,171,135,149,18,24,66,213,4,16,154,193,21,12,53,200
6,158,2,154,147,225,186,195,30,13,88,179,44,238,34,64,231,27,147,145,50,140,10,247,9,6,154,195,148,69,165,83
2,139,38,158,148,128,174,167,148,69,90,135,40,46,50,64,108,99,179,197,208,136,6,253,32,38,222,192,28,76,189,88
2,3,50,153,118,233,184,3,62,21,82,179,172,142,50,73,226,43,131,17,18,152,6,213,4,16,154,193,148,12,53,203
185,0,122,236,116,151,88,88,85,72,117,2,27,137,57,105,248,168,23,169,172,183,32,140,211,233,160,128,119,136,112,129
37,72,99,78,4,16,131,176,68,192,80,66,32,0,181,228,72,96,18,74,193,160,36,169,32,40,134,0,87,191,112,108
3,193,0,140,4,145,140,165,68,64,80,199,32,8,178,224,72,2,18,133,213,40,4,157,32,32,142,192,29,28,184,28
134,157,0,156,146,163,158,235,22,162,88,163,108,110,33,64,127,127,147,181,112,200,8,222,40,6,143,198,148,110,161,25
3,211,98,142,22,144,142,101,68,64,81,231,104,76,190,228,94,35,147,199,215,136,44,253,32,32,138,129,29,14,185,220
131,197,2,140,20,145,140,103,20,64,88,215,32,8,50,64,72,34,19,197,231,140,4,191,32,32,138,128,28,28,184,92
35,72,103,79,84,147,235,112,69,0,244,194,112,69,181,101,104,168,23,202,201,178,100,253,54,40,128,128,119,139,112,172
3,149,19,217,243,181,184,103,62,73,92,116,172,186,164,228,231,59,146,24,151,152,34,223,46,62,26,194,154,4,169,141
184,76,74,254,84,137,67,112,21,128,245,10,115,201,49,81,88,168,23,106,104,182,72,63,82,237,161,40,119,171,114,136
35,73,103,76,92,147,202,252,197,64,240,66,40,200,181,228,72,32,18,235,199,171,38,253,50,40,130,136,95,158,120,172
51,203,98,174,20,145,206,229,133,68,210,135,33,200,182,64,108,162,159,199,206,171,6,189,176,108,142,216,61,30,248,92
11,149,51,200,243,180,57,119,45,9,94,66,44,183,164,244,230,59,151,136,211,152,32,221,47,60,26,194,18,0,161,173
4,237,0,154,148,161,142,199,22,3,88,2,32,234,105,64,73,74,2,210,114,8,8,190,40,6,158,32,148,91,176,136
3,201,33,142,4,144,134,228,68,64,80,66,32,8,180,228,72,96,18,75,199,40,36,189,32,40,138,128,29,30,112,44
41,72,106,206,84,129,207,244,5,64,116,135,49,205,183,64,88,232,23,206,202,170,36,189,114,41,160,136,119,155,112,248
3,195,0,140,132,128,140,165,4,68,80,135,32,8,50,64,68,3,147,133,212,8,4,221,32,32,142,192,28,12,184,88
3,193,0,140,20,145,140,165,68,64,80,71,32,8,178,224,72,2,19,69,215,40,4,157,32,32,142,192,29,28,152,12
3,193,99,204,22,145,172,101,68,64,80,194,40,12,180,228,110,43,18,205,199,168,36,253,32,40,138,128,93,28,249,140
35,203,102,158,12,145,174,228,196,64,208,135,32,200,54,64,72,98,27,199,196,169,6,189,48,10,206,152,29,30,248,220
56,233,66,174,92,129,74,244,7,0,208,10,35,137,48,80,72,232,23,195,74,43,2,189,178,225,170,184,55,155,112,136
2,135,34,140,148,131,172,103,4,5,90,167,40,14,50,64,108,35,147,133,208,152,4,221,36,32,138,193,21,12,180,72
3,195,32,140,148,129,140,37,4,68,80,135,32,8,50,64,64,2,19,197,214,8,4,221,32,32,142,192,28,12,184,92
3,203,36,156,12,131,140,231,132,20,208,135,32,136,50,65,76,35,187,197,196,9,6,253,32,34,222,129,21,28,176,200
3,201,1,140,4,145,142,165,68,64,80,198,32,8,176,228,72,64,18,69,197,40,4,189,32,32,142,128,29,28,184,12
2,201,22,152,139,192,28,231,132,20,216,163,44,166,32,65,102,51,187,192,82,9,2,253,48,34,222,203,20,16,165,10
2,149,18,136,147,224,60,103,12,1,74,50,12,54,32,64,227,19,147,144,18,136,16,215,41,38,154,67,148,68,165,26
3,195,0,140,148,128,140,165,4,64,80,199,32,8,50,64,72,34,19,197,214,8,4,221,32,32,142,192,28,12,184,92
2,207,36,152,156,129,140,231,148,20,80,135,32,8,50,65,77,35,147,197,242,8,2,253,40,34,158,193,28,28,184,216
2,131,0,136,148,129,140,35,4,5,88,135,0,14,50,64,76,2,131,133,82,8,0,213,40,32,138,193,20,12,180,72
3,203,32,136,148,129,142,231,4,68,88,135,32,8,50,64,72,34,19,197,214,8,4,189,40,0,142,192,29,12,184,92
2,145,18,152,19,225,56,67,30,1,72,163,44,158,32,64,231,59,179,145,18,8,18,215,9,38,154,195,144,4,165,27
2,135,2,136,18,129,188,231,4,5,90,167,40,46,50,64,78,19,147,133,82,136,0,253,40,38,158,195,20,12,180,88
56,8,106,76,68,18,203,80,65,128,116,2,91,73,181,16,120,168,6,234,200,178,32,140,82,233,160,128,119,187,112,160
3,139,0,140,20,129,138,101,4,68,80,135,32,8,50,64,76,35,147,197,198,136,4,253,32,36,138,192,29,12,56,220
3,195,0,140,20,129,140,37,4,68,80,135,32,8,50,64,72,3,19,133,212,8,4,157,32,32,138,192,28,12,184,92
2,144,146,153,55,172,184,66,62,25,82,50,140,158,32,72,231,25,147,17,18,156,2,208,13,54,26,194,144,0,33,19
3,195,0,140,132,129,142,229,4,68,80,135,32,8,50,64,72,2,19,199,212,8,4,181,32,32,142,192,29,28,184,88
35,72,99,206,84,145,203,240,69,64,84,198,48,140,183,228,72,232,18,207,197,162,36,189,98,8,160,128,127,191,112,236
2,144,34,153,55,224,184,66,30,77,90,183,12,158,34,72,231,59,147,149,146,156,16,215,9,54,154,195,148,4,53,211
57,72,106,78,84,147,203,240,69,64,116,10,51,201,183,36,72,232,23,203,206,162,44,189,114,73,160,136,119,159,112,236
2,149,18,137,179,224,184,99,44,69,90,179,44,62,32,64,231,27,147,145,50,152,0,215,12,38,154,195,148,68,165,211
66,0,16,136,108,0,184,0,136,16,144,2,140,138,112,2,198,1,95,129,2,1,2,208,4,16,138,184,20,8,1,129
48,0,98,168,84,147,192,64,69,64,241,2,3,136,53,32,88,168,23,33,136,179,36,140,18,204,130,24,117,142,112,132
3,131,32,136,148,129,140,101,4,68,80,135,40,10,50,64,76,3,147,133,214,8,4,213,32,32,138,192,28,12,184,92
2,131,32,136,132,193,140,37,4,68,80,167,32,12,50,64,76,3,147,133,208,8,0,213,40,32,142,193,20,12,180,88
2,151,114,200,150,192,184,99,4,5,90,167,40,46,52,64,110,51,147,129,210,184,4,221,40,36,138,195,21,12,181,209
2,141,18,141,54,170,176,35,12,1,90,2,172,40,48,64,226,35,19,1,80,184,0,223,36,54,26,192,20,8,33,9
40,201,104,204,84,145,202,244,71,0,116,2,49,137,180,32,72,232,23,203,202,42,36,189,114,9,162,232,119,153,112,168
58,72,96,206,92,145,202,112,5,0,84,2,33,137,181,68,72,168,23,202,202,170,38,189,114,73,128,168,119,155,112,136
2,147,32,136,132,193,28,37,4,4,80,167,32,14,48,64,76,19,147,133,82,8,0,213,32,32,138,195,20,12,180,88
3,131,34,136,148,128,172,101,4,69,82,135,40,142,50,64,110,11,147,133,214,136,4,221,40,32,138,192,29,12,185,220
2,135,2,140,22,192,184,99,4,5,90,163,44,174,32,64,110,59,147,129,82,152,0,221,32,36,138,195,20,4,165,9
2,134,32,136,147,225,152,66,6,69,88,163,8,174,32,64,79,27,147,145,18,8,0,215,8,4,154,195,148,76,53,211
3,135,2,140,20,128,172,103,4,5,90,135,32,42,50,64,76,43,19,133,212,152,4,221,32,36,138,192,29,12,184,200
2,193,34,140,20,129,140,101,68,65,80,2,32,136,48,96,72,42,19,129,210,170,4,157,32,32,142,200,21,12,176,140
2,149,0,136,149,229,16,99,6,1,72,2,8,22,32,64,200,19,19,144,18,8,16,213,41,0,138,67,144,8,165,2
2,131,0,136,148,129,12,165,4,5,80,135,32,46,50,64,68,3,131,197,82,8,0,253,40,32,142,193,20,12,180,88
2,137,0,140,148,129,140,37,6,0,80,2,32,136,48,64,72,42,19,65,82,8,0,221,40,32,142,192,20,8,176,8
3,141,2,140,148,145,140,103,68,64,88,7,32,40,178,96,72,34,18,133,215,136,36,157,32,32,142,128,28,12,184,92
2,181,144,128,151,225,16,67,6,1,24,162,0,52,32,64,75,27,131,16,18,8,0,149,8,4,138,227,148,72,180,3
2,203,32,136,20,129,14,231,6,5,88,135,32,10,50,64,68,34,131,197,210,8,4,253,40,32,142,193,20,12,180,72
3,131,32,136,148,129,140,103,4,4,88,135,32,10,50,64,76,3,147,133,214,8,4,149,32,32,138,193,29,12,184,92
3,72,99,140,4,144,142,228,68,64,80,70,32,8,181,228,72,96,18,207,197,168,36,189,32,40,138,128,31,61,112,44
2,206,0,136,20,129,154,230,6,5,88,163,32,14,50,64,76,59,131,197,2,136,0,255,32,6,154,193,21,13,52,200
130,217,18,152,31,196,188,229,158,25,80,2,44,154,32,65,238,57,147,193,66,136,18,245,33,32,154,10,16,8,161,139
38,14,34,154,84,163,138,66,6,4,89,135,40,200,55,64,88,40,147,135,134,166,12,255,0,12,138,128,21,15,116,192
32,129,104,201,212,137,237,117,76,0,116,2,145,9,180,0,106,138,19,152,210,184,96,213,102,9,162,192,119,136,240,160
2,131,0,136,148,193,156,37,4,4,80,162,0,44,48,64,72,18,131,129,80,40,0,149,40,0,142,195,20,8,180,0
3,201,1,140,4,145,142,229,68,64,80,70,32,8,180,228,72,96,18,197,197,168,4,189,32,40,142,128,29,28,248,12
0,193,0,136,20,129,140,229,4,0,64,2,32,8,48,64,72,2,19,1,66,40,16,149,33,0,142,64,20,8,144,8
2,16,16,138,91,193,154,72,134,68,209,163,44,222,40,64,94,57,147,195,2,3,2,221,17,0,138,187,21,15,53,211
18,133,82,232,150,128,104,99,45,1,122,2,41,10,36,64,110,163,23,128,90,184,0,221,162,248,138,192,53,128,224,0
9,132,106,217,22,178,169,18,116,1,94,18,185,43,176,96,103,2,19,153,146,188,37,207,70,47,186,192,183,136,113,32
2,129,32,136,148,192,12,33,4,64,80,131,0,14,50,64,64,19,147,133,82,8,4,213,40,32,138,193,20,12,180,82
50,74,66,172,66,192,90,100,5,4,240,163,41,142,33,80,110,185,135,192,72,139,0,253,178,224,138,139,53,156,36,201
2,193,32,136,148,129,140,101,4,64,80,131,32,12,50,64,72,2,19,133,210,8,4,149,32,32,138,192,20,12,176,88
3,193,0,140,20,145,140,101,4,64,80,199,32,8,50,192,72,35,19,197,215,136,4,221,32,32,138,192,29,12,184,28
3,12,35,222,20,146,171,32,84,64,82,66,112,96,180,228,88,32,50,9,161,188,36,159,0,46,154,128,21,8,112,108
2,195,32,140,132,129,140,37,4,68,80,135,32,12,50,64,76,2,147,133,214,40,4,213,40,32,142,193,21,12,180,76
2,131,32,136,150,193,140,99,4,4,88,163,0,14,48,64,76,19,131,133,80,8,0,213,32,0,138,193,20,12,180,64
2,131,32,136,148,129,136,33,4,5,80,135,0,12,50,64,76,3,147,149,210,8,0,149,40,32,142,193,20,12,180,80
131,205,33,156,132,129,134,167,84,66,88,66,32,40,180,229,73,66,18,75,229,40,36,191,32,46,158,128,21,92,240,108
3,200,33,140,4,145,135,164,68,64,80,66,32,8,180,228,72,96,18,75,193,40,36,189,32,40,138,128,85,28,80,108
39,8,99,206,68,131,139,80,68,0,115,66,112,73,181,100,88,32,19,235,129,162,36,236,64,40,170,128,85,187,112,160
3,72,99,204,4,16,143,148,68,64,80,66,48,0,181,228,72,96,18,75,193,160,36,169,32,40,134,128,87,189,112,108
37,0,106,78,4,18,235,16,68,128,87,2,81,73,189,100,120,100,19,234,128,176,44,200,66,41,163,128,103,171,112,160
7,8,99,76,4,18,139,16,68,64,82,66,96,72,181,228,72,96,18,107,129,160,36,168,0,40,130,128,87,173,112,100
2,131,34,136,149,129,140,101,4,5,80,135,32,8,50,64,72,3,131,133,86,40,4,213,40,32,138,193,21,12,248,200
3,200,32,140,4,145,140,164,68,64,80,199,32,8,178,224,72,32,18,197,197,40,36,189,32,32,138,128,29,28,56,76
3,193,32,136,4,129,140,37,4,64,80,135,32,12,50,64,76,2,19,133,212,8,4,149,32,32,138,192,20,12,176,88
3,193,32,136,4,145,140,229,4,68,80,135,32,12,50,64,72,0,19,133,196,40,36,149,32,32,138,192,29,12,152,92
130,32,144,152,40,129,184,64,138,17,16,16,140,130,96,11,134,9,51,144,2,64,130,208,4,16,218,170,20,0,33,129
2,193,32,136,4,129,140,101,4,64,80,3,32,8,48,64,72,2,19,133,194,40,4,149,32,32,138,192,21,12,144,72
2,195,0,136,132,129,132,101,4,0,80,2,0,8,48,64,72,2,19,1,82,40,0,149,32,32,142,192,21,8,144,8
0,193,0,140,132,129,12,37,4,0,80,2,32,8,48,64,72,2,19,129,80,8,0,149,32,32,142,64,20,8,144,8
3,72,106,204,4,16,131,16,68,64,84,2,48,8,183,96,72,96,18,75,133,160,36,169,64,41,170,128,85,185,112,108
3,73,67,142,20,146,170,48,68,192,82,70,96,64,181,228,72,96,18,207,197,168,36,237,32,40,138,128,31,47,120,44
3,201,3,142,20,144,138,228,68,64,80,198,32,200,181,228,72,104,18,207,199,136,4,253,32,40,138,136,29,31,120,140
2,131,0,136,148,129,140,37,4,4,80,135,32,8,50,64,76,2,131,133,214,8,4,213,40,32,138,193,20,12,180,72
0,0,4,145,12,128,168,0,140,16,82,2,140,10,96,75,104,0,42,128,0,48,67,192,4,0,202,0,21,8,49,128
130,4,2,153,84,171,168,2,20,3,82,18,160,10,48,64,73,40,19,129,34,188,65,159,4,54,154,192,21,8,48,136
2,132,50,152,117,165,184,66,94,75,80,16,140,152,52,72,237,11,19,145,146,188,18,215,5,30,26,194,208,76,33,195
2,16,144,152,19,165,152,66,30,27,16,18,12,190,96,72,197,27,179,145,50,76,18,210,9,6,154,194,144,72,33,19
2,149,114,136,211,241,184,99,12,65,72,131,12,62,38,96,238,27,147,145,22,138,52,213,41,4,138,67,149,12,165,214
130,0,146,153,18,162,184,2,52,3,82,18,168,10,48,72,102,61,51,145,34,156,65,199,4,38,154,192,148,0,33,8
130,48,178,145,34,192,184,2,62,81,82,179,140,150,96,73,231,25,147,145,130,212,2,208,12,16,154,195,148,4,37,211
3,195,0,140,132,144,140,37,4,68,80,135,32,8,50,64,72,3,19,133,212,8,4,221,32,32,142,192,28,12,184,92
60,0,106,76,68,18,225,88,65,0,247,2,83,9,188,52,120,140,6,168,136,179,36,136,82,233,160,4,103,170,114,160
3,195,32,140,132,145,140,165,68,68,80,135,32,8,50,64,72,2,19,133,212,8,4,213,32,32,142,192,29,28,184,92
60,0,74,228,68,2,106,16,5,128,87,2,83,75,185,80,120,164,21,170,8,146,1,136,210,233,163,132,39,170,112,0
34,32,208,224,100,136,104,64,41,17,112,10,143,10,68,24,238,137,23,144,10,18,192,192,150,216,146,168,164,128,98,129
41,72,99,77,68,18,235,112,69,192,118,66,112,64,181,100,88,228,18,234,193,178,37,236,38,40,160,128,119,187,112,172
33,72,106,206,4,0,139,80,68,192,84,2,113,73,181,96,72,96,19,203,128,160,36,45,96,40,170,128,117,187,112,232
2,148,16,136,19,229,152,66,14,1,88,51,12,30,32,64,207,27,147,145,18,12,16,215,9,6,154,195,148,12,37,147
35,72,99,78,68,147,199,244,69,64,116,66,112,72,181,228,88,96,18,239,197,162,36,189,34,40,130,128,95,191,120,236
2,131,32,136,148,129,136,37,6,69,80,167,0,14,50,64,76,3,147,133,214,8,4,213,40,0,138,193,28,12,180,80
2,151,18,136,146,161,184,99,12,1,90,179,44,62,32,64,103,27,147,129,18,136,0,215,40,36,138,194,20,4,165,81
2,131,0,136,150,193,156,101,4,68,80,163,0,14,34,64,76,19,131,133,82,8,0,213,40,0,138,193,20,12,180,80
3,200,33,140,4,145,140,228,68,64,80,199,32,8,182,228,72,32,19,197,197,40,36,189,32,40,142,128,29,28,248,92
66,32,4,152,108,8,168,0,136,16,176,8,140,138,80,19,202,129,91,129,0,98,194,208,20,16,202,184,20,8,3,128
3,193,3,136,148,128,140,229,4,64,80,66,32,10,48,192,72,2,19,129,87,136,0,221,32,32,142,192,29,8,184,8
3,200,33,140,4,145,142,164,68,64,80,66,32,8,180,228,72,32,18,205,197,40,36,189,32,40,138,128,29,28,248,12
3,193,2,140,4,144,140,165,68,64,80,199,32,8,182,224,72,0,18,197,197,168,4,253,32,40,138,128,29,28,248,12
3,195,0,136,148,145,140,165,4,64,80,199,32,40,50,64,64,2,19,197,213,8,4,149,40,32,142,192,28,28,184,28
2,131,32,136,148,129,140,99,4,5,88,135,32,40,50,64,76,2,131,133,210,8,4,149,40,32,138,193,20,12,180,72
3,193,32,136,20,145,140,229,68,64,80,199,32,8,50,64,72,2,19,69,214,40,4,157,40,0,142,192,28,12,184,28
2,135,32,136,144,193,140,35,4,5,88,167,0,46,50,64,76,19,131,149,82,8,0,149,40,32,138,193,20,12,180,80
88,0,80,161,6,10,120,16,33,32,50,2,31,3,0,80,54,133,29,160,8,144,1,128,210,225,32,132,38,128,1,1
2,135,32,136,146,225,152,35,4,5,88,163,8,46,32,64,77,19,147,129,82,8,0,213,40,0,142,195,148,68,180,81
2,129,2,136,151,193,156,39,4,1,88,163,44,62,32,64,78,19,147,129,82,8,0,213,40,32,138,195,20,12,181,18
3,193,35,140,4,144,140,101,68,64,80,66,40,10,180,224,72,3,19,133,213,40,36,213,32,40,138,192,21,12,240,68
2,135,0,136,148,225,152,99,6,69,24,163,8,46,50,64,77,19,147,145,18,8,0,213,8,4,138,193,148,76,180,64
33,200,97,140,68,145,134,228,68,64,80,66,32,8,182,164,72,0,18,71,199,40,36,189,32,8,138,0,93,28,120,140
33,72,97,76,68,145,131,224,68,0,112,66,32,8,181,164,72,224,18,75,193,34,36,189,34,8,130,0,87,153,112,172
