34,192,104,204,4,129,132,229,68,0,112,2,32,8,52,96,72,0,19,1,192,40,36,149,34,40,134,128,85,152,240,12
2,20,128,152,131,101,16,66,20,3,8,131,0,62,32,72,205,19,147,129,0,0,16,144,1,6,154,3,148,76,4,82
2,7,32,136,148,0,140,167,0,5,24,135,0,40,50,64,72,66,3,133,212,8,4,160,40,32,142,129,148,92,148,68
3,129,0,128,149,133,12,97,4,76,0,135,0,14,50,64,64,2,19,133,86,8,16,149,41,0,142,192,28,12,152,82
3,129,0,140,4,0,4,37,0,68,80,135,32,8,50,64,64,2,19,133,212,8,4,149,32,32,142,192,28,12,152,76
2,131,0,136,132,161,12,35,4,4,88,131,0,46,48,64,76,19,131,133,80,8,0,149,40,0,138,193,20,76,148,64
3,193,0,140,4,145,4,37,68,64,80,71,32,8,178,96,64,0,18,5,197,8,4,149,32,32,138,128,28,28,184,76
1,192,1,140,4,16,140,164,68,64,80,66,32,8,176,224,64,64,18,69,197,32,36,157,32,32,138,0,29,28,24,76
2,131,0,136,132,161,12,35,4,4,24,131,0,36,48,64,76,2,131,5,18,8,0,149,40,0,138,193,20,76,148,64
130,0,130,153,36,128,40,64,60,1,82,18,172,130,32,72,226,41,51,144,34,148,2,193,4,50,218,192,148,0,49,0
2,135,2,136,146,224,60,99,4,5,90,163,40,38,32,64,110,51,131,129,82,136,0,221,40,32,138,193,20,4,164,17
2,0,22,153,36,128,40,64,172,17,82,2,140,130,96,75,102,57,51,144,2,208,2,192,4,48,218,128,4,0,33,128
0,141,0,140,148,3,4,47,20,34,88,2,32,32,32,65,88,38,19,32,112,136,1,159,32,38,223,0,20,104,176,8
2,135,2,136,146,224,184,99,4,5,90,163,40,46,32,64,102,51,147,129,18,136,0,213,40,36,138,195,20,4,165,1
131,197,0,156,132,128,6,167,20,66,80,151,32,40,50,65,65,2,19,197,244,12,4,183,40,32,134,192,28,12,152,92
2,0,22,145,98,128,56,64,172,16,82,130,140,134,96,75,38,49,59,144,2,17,130,192,4,16,74,138,4,0,33,129
2,148,18,152,147,164,56,99,44,1,74,2,44,54,32,64,231,51,147,144,18,152,16,215,9,38,154,66,144,64,161,3
3,205,4,152,148,145,132,167,20,82,88,70,32,8,178,65,65,2,18,195,245,40,4,191,40,34,222,192,29,28,152,12
33,72,106,78,68,147,203,112,68,64,116,2,48,73,181,36,88,232,19,107,192,162,36,189,114,40,160,128,85,187,80,236
2,148,18,152,147,164,56,66,62,1,74,18,140,158,32,72,231,27,147,145,18,156,18,215,9,38,154,194,144,4,37,19
0,145,122,201,246,130,249,115,100,1,126,34,24,63,164,64,126,27,23,168,144,184,33,213,110,137,162,192,117,128,228,163
82,203,2,172,28,128,78,101,133,4,208,167,41,134,32,64,78,187,159,196,74,11,2,189,176,225,142,217,52,12,180,88
44,0,106,76,4,18,193,24,69,128,119,2,81,73,180,100,88,36,19,168,128,176,37,136,66,233,163,4,103,168,112,160
3,72,97,204,4,0,131,132,68,64,80,2,48,8,181,100,72,96,18,75,129,32,36,185,0,40,138,128,85,185,112,44
1,192,35,140,4,145,134,228,68,64,80,66,32,8,180,224,72,32,18,67,199,168,36,189,32,40,138,0,29,28,120,12
60,0,106,236,68,18,232,80,68,128,119,2,83,73,176,64,88,164,23,168,136,176,36,136,66,233,162,0,103,170,112,128
2,152,179,153,51,240,184,71,62,65,82,243,172,158,34,224,231,59,179,145,183,156,20,247,4,38,154,195,156,4,45,95
2,135,0,136,148,193,8,99,4,5,88,131,32,6,48,64,68,19,147,129,82,8,0,213,40,32,138,193,20,12,180,64
3,72,3,204,4,16,138,4,68,64,80,66,32,0,181,228,72,96,18,73,193,160,36,185,32,40,138,128,23,29,48,44
3,193,0,140,4,145,140,165,68,64,80,71,32,8,178,224,72,32,18,133,197,8,4,157,32,32,138,128,28,28,184,12
2,154,130,156,26,227,18,106,150,133,90,167,96,236,33,64,95,61,163,16,2,152,131,159,8,38,139,203,148,44,52,27
3,192,0,140,4,145,132,165,68,64,80,199,32,8,50,224,64,0,18,133,197,8,4,157,32,32,142,128,29,28,184,92
55,8,96,236,20,147,194,96,69,0,209,10,35,136,181,96,88,168,22,99,204,163,100,188,146,232,128,184,117,43,112,4
163,205,97,88,84,147,198,252,85,64,120,66,32,200,188,165,88,104,18,107,231,42,44,189,32,8,128,232,87,158,112,172
163,205,97,158,20,145,134,228,84,64,80,66,96,72,180,225,72,42,18,71,231,40,44,191,32,40,138,192,93,30,248,140
3,137,32,140,20,145,142,229,68,64,80,199,32,8,50,224,72,2,19,197,214,168,4,253,32,32,138,192,28,12,184,92
163,201,33,142,20,145,134,229,84,64,80,66,32,8,176,224,72,34,18,65,231,44,36,191,32,0,138,128,93,30,152,140
3,137,2,140,20,145,142,101,68,64,80,71,32,8,182,224,72,34,18,197,197,40,36,189,32,40,138,192,29,12,184,92
2,132,0,152,147,225,24,66,22,7,72,179,8,38,32,72,75,19,147,145,50,12,0,215,8,6,154,195,148,68,53,18
3,193,32,140,4,129,140,37,4,68,80,135,32,8,50,64,64,0,19,5,212,8,4,149,32,32,138,192,28,12,184,80
3,201,32,140,20,145,142,228,68,64,80,3,32,136,50,96,72,40,19,197,198,42,36,189,48,0,138,168,20,28,48,204
41,200,96,204,84,145,203,244,69,64,84,3,33,9,181,36,72,104,19,79,194,42,36,189,98,73,160,128,119,157,112,200
48,201,64,136,84,129,194,228,5,0,112,2,34,136,48,64,72,136,23,64,74,42,0,189,50,0,128,96,53,152,112,136
3,129,34,140,148,129,164,101,68,65,82,3,32,8,48,96,104,34,19,133,214,136,4,221,32,32,138,192,21,12,176,92
0,137,0,140,148,130,4,39,4,0,88,2,32,32,48,64,64,34,2,129,80,136,0,157,32,32,142,0,20,8,144,8
2,53,18,136,242,160,184,66,172,9,88,32,140,150,96,64,230,59,19,144,18,25,0,212,28,20,26,234,148,0,33,129
45,72,106,76,68,145,235,80,68,128,117,2,49,201,181,32,88,40,18,106,193,178,38,152,82,9,163,168,119,187,112,160
44,72,106,78,84,147,195,216,86,0,116,2,113,201,181,96,88,168,2,74,130,166,46,191,66,205,161,40,119,155,112,168
130,135,0,158,148,129,134,239,20,7,88,151,96,100,42,64,85,66,3,38,114,12,8,191,40,38,142,193,20,94,148,64
40,200,106,222,84,147,195,240,87,0,116,2,113,201,181,96,88,104,19,74,130,168,44,191,98,45,160,0,119,139,112,168
3,201,2,136,28,144,142,228,134,64,80,199,40,138,50,224,76,41,19,197,199,11,6,253,48,32,138,200,28,20,184,220
32,205,106,94,84,145,195,240,84,0,124,2,113,105,180,96,88,98,19,74,130,168,44,191,98,47,162,0,119,139,112,168
2,193,32,130,148,128,140,37,4,0,17,135,0,36,50,64,64,2,19,5,208,8,12,149,40,0,142,192,20,30,176,92
2,195,0,136,132,129,132,37,4,68,80,135,0,0,34,64,64,2,131,4,80,8,0,149,32,32,138,192,28,12,184,80
1,205,227,204,20,128,135,246,84,64,92,2,48,40,180,100,72,98,18,73,225,168,36,191,32,46,150,0,85,216,240,44
2,193,0,128,132,0,132,37,4,4,16,7,0,0,34,64,64,2,3,4,80,8,0,129,40,0,142,192,28,12,184,80
0,144,18,136,54,128,56,97,44,1,82,34,44,146,32,64,230,41,2,0,82,136,2,213,32,48,10,74,20,0,161,137
34,128,114,200,118,133,184,96,12,8,112,2,12,142,52,64,238,9,19,145,146,170,0,213,4,24,138,202,21,12,97,145
2,201,82,136,22,129,168,101,4,0,80,2,44,10,32,64,106,43,19,128,82,168,0,221,32,0,138,192,21,8,225,136
3,197,0,156,132,145,140,167,84,66,88,71,32,40,50,192,65,34,19,5,229,8,4,159,32,38,158,128,28,92,184,76
0,131,0,136,132,129,4,37,4,4,80,7,0,0,32,64,64,0,2,0,80,8,0,149,32,32,138,65,20,8,148,0
2,193,0,136,4,129,132,37,4,0,80,2,0,0,32,64,64,0,2,0,80,8,0,149,32,32,138,192,20,8,144,0
3,193,0,140,4,129,140,165,4,64,80,199,32,8,50,192,72,0,19,5,197,8,4,149,32,32,142,192,28,28,184,28
3,200,1,140,4,16,140,164,68,64,80,70,32,8,176,224,72,64,18,69,197,40,36,189,32,32,138,128,29,28,184,76
132,204,128,158,148,128,14,164,22,130,80,2,96,104,40,65,81,98,2,98,96,72,8,191,40,38,223,0,20,120,16,8
98,2,2,136,12,131,40,72,132,68,208,135,0,140,51,64,104,32,75,37,0,3,0,156,16,32,138,152,20,12,48,208
2,135,0,136,144,225,8,98,4,5,88,163,0,38,34,64,77,19,131,145,18,8,0,213,8,0,138,193,148,76,20,80
3,193,0,140,4,145,140,37,4,64,80,199,32,8,50,64,64,2,19,69,213,8,4,157,32,32,138,192,28,12,184,92
48,0,64,128,68,129,232,64,45,0,176,2,136,10,96,64,104,136,6,128,10,3,64,192,148,0,138,40,21,8,113,128
32,200,64,200,84,129,198,229,5,0,112,2,32,8,52,0,72,168,19,64,66,42,0,189,32,8,134,96,85,24,240,136
32,0,64,137,100,1,224,64,137,0,112,2,136,10,48,0,106,136,2,129,2,50,64,192,4,16,138,40,85,8,115,128
2,131,2,136,146,160,56,99,12,69,88,135,12,6,34,64,102,19,147,148,18,136,0,213,40,32,138,193,20,4,165,80
60,0,106,110,68,18,226,80,69,128,119,2,83,73,181,96,88,160,6,42,136,178,36,140,66,233,160,0,119,170,112,160
130,16,18,153,39,132,56,64,62,25,80,50,140,146,96,72,230,25,147,144,2,148,2,209,4,0,26,202,148,0,33,131
35,200,97,204,4,145,135,244,68,64,84,66,48,8,181,100,72,96,18,73,193,40,36,189,32,40,130,128,87,156,112,236
3,131,0,140,132,129,12,37,4,68,80,135,32,32,50,64,64,2,19,5,212,136,4,157,32,32,138,128,28,12,144,88
35,201,97,204,4,145,141,229,68,64,80,66,32,8,180,228,72,32,18,73,193,40,36,189,32,40,142,128,87,156,240,236
2,193,32,136,132,129,12,165,4,4,80,199,0,8,50,64,64,2,19,5,210,8,0,149,40,32,142,192,28,12,152,8
3,193,0,140,4,145,140,165,68,64,80,71,32,8,178,192,72,32,18,5,197,40,4,157,32,32,142,128,29,28,184,28
3,203,32,140,132,129,12,165,4,4,16,135,32,40,50,64,64,66,19,69,212,8,4,189,40,32,143,192,28,12,144,24
130,48,144,152,11,197,144,64,30,27,0,51,12,150,96,9,205,25,179,145,2,68,18,208,9,2,90,235,144,8,37,147
3,129,2,140,148,129,36,39,68,64,90,7,32,32,50,64,64,34,19,197,214,152,4,157,32,32,134,192,28,12,184,92
39,0,98,204,68,147,194,64,69,64,113,71,98,72,183,32,88,168,23,39,141,162,4,156,18,8,128,168,125,174,120,132
2,132,18,137,18,162,56,98,4,1,90,146,40,6,32,64,103,19,19,144,18,152,1,223,12,38,154,192,148,0,33,17
40,72,96,204,84,147,131,112,68,0,116,2,48,73,181,36,88,168,19,106,192,162,36,189,98,8,162,0,87,138,112,172
33,201,97,200,84,145,131,228,68,0,84,66,32,8,180,228,72,42,18,75,195,40,36,189,34,8,130,0,85,24,112,172
1,0,103,201,20,145,160,96,76,64,114,66,168,8,180,225,104,40,2,145,135,176,37,221,4,40,130,64,93,12,121,164
2,192,34,140,68,0,172,229,4,0,208,2,40,138,52,64,106,169,23,129,200,35,0,221,48,40,138,136,21,24,177,136
32,129,66,142,68,131,204,97,5,0,113,2,32,8,52,64,72,170,23,128,72,170,0,221,50,40,130,0,85,10,240,136
32,192,105,204,4,129,133,228,68,0,112,2,48,8,52,96,72,0,19,65,192,40,36,29,32,40,166,0,85,152,240,140
3,192,32,140,4,145,140,165,68,64,80,199,32,8,50,64,64,0,19,133,197,8,4,157,32,32,138,128,28,28,184,92
3,200,96,204,4,17,138,180,68,64,84,2,32,8,183,100,72,0,19,77,193,32,36,189,34,40,138,128,23,156,112,108
2,16,20,152,40,1,184,2,140,26,16,48,140,22,32,75,135,17,51,1,0,68,2,208,0,18,90,130,16,8,1,1
2,135,160,128,148,96,136,39,2,69,24,163,0,44,50,64,73,2,131,149,18,8,4,128,40,4,158,193,148,76,148,80
3,193,1,136,132,129,140,37,4,0,80,66,32,8,48,192,72,2,19,129,197,40,0,149,32,32,142,192,28,8,184,8
3,193,1,140,4,144,140,37,68,64,80,70,32,8,176,224,72,0,19,129,213,40,4,149,32,32,142,192,28,12,184,12
3,131,32,140,4,129,140,33,4,68,80,135,32,12,50,64,72,2,19,133,212,40,4,149,32,32,138,192,28,12,184,92
3,193,32,136,149,209,140,101,68,68,0,135,0,28,50,64,72,2,19,133,215,40,52,149,40,0,142,64,28,12,152,70
1,72,99,204,4,16,139,80,68,64,84,66,32,8,181,228,72,96,18,202,133,160,36,169,2,40,130,0,87,185,120,44
48,0,66,168,68,2,64,72,5,0,242,2,3,10,56,64,120,132,6,161,8,179,0,192,144,224,130,4,53,8,112,0
3,193,0,140,4,129,140,37,68,64,80,199,32,8,50,64,72,2,19,133,196,40,4,157,32,32,142,128,29,12,152,12
3,72,41,140,4,16,139,160,68,64,84,66,48,8,183,100,72,96,18,207,133,160,36,185,0,40,170,128,20,61,48,108
2,32,148,153,46,129,184,64,142,17,80,2,140,130,96,73,194,9,51,144,2,64,2,208,4,16,218,168,20,8,33,129
2,131,32,136,132,129,140,35,4,4,88,135,0,46,50,64,76,2,131,133,208,8,0,149,40,0,142,193,20,12,148,64
62,0,98,232,4,2,200,88,65,128,243,2,67,72,60,64,120,132,21,161,136,178,4,136,146,233,131,132,37,170,112,128
60,0,106,228,68,18,232,16,68,128,87,2,81,9,176,96,88,36,23,168,136,176,36,8,66,233,162,4,101,170,112,128
2,20,144,136,23,165,152,66,6,11,24,19,12,62,32,64,197,27,147,145,18,12,16,214,9,22,154,226,144,76,21,147
2,145,0,136,147,133,28,37,4,0,64,131,8,30,48,64,68,19,147,133,82,8,16,213,41,32,142,194,20,12,177,80
3,131,32,136,4,129,140,33,4,68,80,135,0,10,50,64,64,0,147,133,212,8,4,149,32,32,138,192,28,12,184,80
2,135,32,136,148,193,136,35,4,69,88,167,0,44,50,64,76,2,147,21,18,8,4,149,8,0,138,193,20,12,148,80
2,145,16,136,149,197,156,101,4,0,64,2,4,26,48,64,200,3,19,145,82,8,16,213,41,0,142,66,16,8,176,2
3,200,33,140,4,145,142,164,68,64,80,71,32,8,48,224,72,0,19,69,197,32,4,189,32,32,138,128,28,28,56,76
3,201,1,140,4,17,142,164,68,64,80,66,32,8,180,228,72,96,18,73,197,40,4,189,32,40,142,128,29,28,248,12
3,192,1,140,4,17,140,164,68,64,80,66,32,8,180,228,72,0,18,65,197,40,36,189,32,40,138,128,28,28,56,12
0,129,0,140,4,129,132,37,4,0,80,2,32,8,48,64,72,34,19,1,80,40,0,157,32,32,138,64,20,8,176,8
3,193,0,140,4,145,12,165,68,64,80,71,32,8,178,224,64,0,19,5,197,8,4,157,32,32,138,192,28,12,184,76
2,133,0,140,149,193,132,231,6,5,88,34,32,58,32,64,72,18,147,129,82,8,0,157,40,4,142,193,20,8,180,10
32,192,96,204,4,145,132,228,68,0,80,2,32,8,180,96,72,0,2,65,192,40,36,189,34,40,130,0,85,152,240,140
2,129,0,140,148,193,140,37,4,1,64,131,40,14,48,64,64,35,19,129,82,8,0,221,40,32,142,193,20,12,180,88
3,193,32,140,4,145,140,37,68,64,84,198,32,12,182,228,72,0,19,141,197,8,36,221,32,40,138,128,28,28,184,76
3,192,1,140,4,16,140,165,68,64,80,66,32,8,176,224,64,0,18,69,197,32,4,157,32,32,142,128,29,28,152,12
3,193,34,140,20,145,140,101,68,64,80,71,32,8,178,224,72,34,18,69,199,168,36,221,32,32,138,192,29,12,184,76
2,148,18,152,54,164,184,66,12,9,90,50,172,146,32,64,231,51,19,145,50,156,0,223,0,54,154,194,148,64,49,3
3,200,2,136,4,145,140,228,68,68,80,7,32,8,178,224,72,8,19,197,199,40,4,253,32,0,138,192,28,28,184,204
114,0,64,224,68,8,200,0,9,32,178,10,10,8,20,18,106,133,23,129,8,50,64,192,22,152,130,128,101,136,114,0
131,195,0,140,132,129,140,37,4,4,80,151,32,8,50,64,64,2,3,5,244,8,4,159,32,32,142,128,28,28,152,8
130,0,130,153,52,128,40,2,60,3,82,18,172,130,32,73,227,41,19,144,34,148,0,211,4,54,154,192,148,0,33,1
2,193,0,136,132,129,140,37,4,0,80,2,32,8,32,64,72,0,19,0,80,40,0,149,32,32,142,192,20,8,176,8
130,0,150,153,36,128,40,64,188,17,82,146,140,134,96,73,230,57,51,144,2,212,2,192,4,48,218,192,148,0,33,128
0,141,4,157,148,131,4,47,20,32,88,2,32,32,32,65,88,38,19,32,112,184,1,159,32,38,218,0,20,8,176,8
2,135,34,136,146,192,188,103,4,5,88,163,44,46,48,64,110,19,147,129,82,136,0,213,40,36,138,193,21,4,181,192
33,200,105,204,84,129,207,244,71,0,116,2,48,137,180,36,72,104,18,203,195,42,36,189,32,8,130,0,87,152,112,172
131,205,0,156,132,145,134,167,84,66,80,23,32,40,50,97,73,66,19,197,245,12,4,183,40,34,222,192,28,28,184,92
130,48,150,145,34,133,56,64,190,27,82,178,140,134,96,73,167,25,179,144,34,212,2,208,4,18,218,226,144,0,33,145
2,193,32,136,132,129,140,37,4,0,80,3,32,10,48,64,64,3,19,133,208,8,4,149,32,32,142,192,20,12,176,8
2,149,18,136,147,228,184,35,44,1,74,2,12,190,32,64,231,19,147,145,18,152,16,215,9,38,154,195,148,64,165,19
39,72,99,78,68,18,203,64,69,192,81,70,96,72,183,164,88,96,18,111,133,162,44,168,2,40,130,128,119,191,112,228
3,205,4,152,132,145,142,167,84,82,88,70,32,40,178,225,73,98,18,199,247,40,4,189,40,34,222,192,29,28,152,12
41,72,106,78,68,147,195,112,68,192,117,2,113,201,181,32,88,168,18,106,192,178,36,189,114,9,160,128,119,187,112,168
3,193,34,137,52,129,168,165,140,81,82,135,168,142,50,64,104,9,59,213,214,152,6,245,36,48,138,192,20,28,177,220
2,128,146,153,51,164,56,66,62,9,82,18,140,146,96,72,231,59,19,144,18,156,2,211,13,52,26,194,144,0,33,131
3,12,99,143,20,187,162,34,76,65,91,66,232,104,180,228,104,34,18,5,149,184,37,222,4,62,138,192,221,79,120,132
24,145,90,233,210,130,125,113,36,1,118,34,25,19,160,80,126,155,23,168,80,154,33,221,126,169,162,192,55,128,228,163
2,74,34,157,20,163,170,70,22,7,82,135,32,136,51,72,92,41,179,133,164,156,5,255,0,38,154,129,20,12,52,72
194,48,144,152,105,133,184,64,155,27,16,56,140,154,96,11,135,25,183,17,34,70,210,208,133,208,90,170,16,0,3,131
2,131,0,136,148,129,12,33,4,68,80,135,0,14,50,64,68,2,131,133,82,8,0,213,40,32,138,193,28,12,180,80
3,10,162,157,20,162,170,2,84,69,82,151,160,136,51,72,104,40,19,149,164,156,5,238,4,38,154,128,157,13,56,76
3,201,38,156,28,145,140,231,134,64,218,199,32,168,50,64,72,34,59,197,212,169,6,189,40,38,222,152,28,28,184,92
38,188,64,218,87,193,154,224,23,0,89,163,104,207,37,0,93,185,147,243,42,10,8,255,58,6,139,235,55,143,52,218
33,201,103,158,28,145,166,228,196,64,114,66,32,136,180,164,72,34,18,73,199,184,38,189,32,40,150,0,85,30,240,236
35,24,99,142,79,209,154,64,196,192,209,171,32,204,183,164,72,169,147,231,133,35,54,153,18,8,138,187,85,47,84,244
3,197,0,158,132,128,142,165,4,69,89,135,96,104,58,64,65,66,19,199,212,8,12,181,40,38,158,192,28,30,184,88
3,203,0,140,20,145,142,230,70,64,88,199,32,136,50,192,72,34,19,199,199,40,4,189,32,36,154,128,29,28,120,28
34,0,80,128,108,1,168,64,136,16,48,10,140,138,100,2,202,1,19,128,0,34,66,192,4,24,138,168,21,8,81,128
40,200,110,92,84,131,203,252,85,0,116,2,49,195,180,4,88,168,2,200,194,170,2,253,114,41,162,8,119,152,114,168
64,32,22,136,108,0,184,64,136,24,16,0,140,138,96,2,134,1,91,0,0,3,130,192,20,16,74,42,20,0,33,129
3,72,33,142,4,16,130,132,68,64,80,66,32,8,181,228,72,96,18,71,133,32,36,169,0,40,138,128,29,63,112,44
42,143,74,236,82,194,126,119,4,4,92,163,57,7,32,80,110,187,151,128,88,154,0,253,114,161,170,129,53,128,164,219
35,201,99,76,76,145,175,228,196,64,240,66,56,200,181,228,104,40,18,203,195,171,38,253,34,40,130,136,87,152,112,172
35,201,97,204,68,145,143,244,68,64,116,2,48,8,181,100,72,104,18,202,195,42,36,189,32,8,130,128,87,153,112,172
2,135,2,136,146,224,184,103,4,5,90,163,44,46,32,64,102,19,147,128,18,136,0,213,40,38,154,195,20,68,165,82
3,192,32,140,4,144,140,165,68,64,80,199,32,12,50,224,72,0,19,133,197,8,4,149,32,32,138,128,28,28,184,92
36,0,106,76,4,18,225,16,68,128,119,2,80,73,188,96,88,36,19,170,128,176,36,8,66,41,162,0,101,170,112,32
56,72,98,254,84,131,74,208,21,0,240,10,51,137,49,80,104,168,23,195,170,191,64,191,178,205,160,168,55,159,114,136
6,135,0,138,148,161,14,166,4,5,88,131,64,110,56,64,84,67,131,213,18,8,8,181,40,0,138,193,148,95,148,64
2,145,50,216,151,181,184,67,94,9,88,18,12,158,36,64,231,27,19,145,146,136,50,215,11,30,26,194,144,0,161,131
134,143,0,154,144,225,14,175,20,5,24,179,96,110,41,64,93,83,131,244,114,8,8,191,40,6,143,193,148,92,180,88
3,157,115,205,19,242,185,103,60,1,90,242,44,62,164,228,102,51,146,129,177,152,53,223,37,46,154,194,23,64,165,189
2,135,2,136,144,225,24,99,4,5,88,163,40,38,32,64,110,51,147,128,18,136,0,221,32,36,138,193,20,4,181,80
2,4,6,141,20,162,160,99,4,33,90,18,32,42,48,64,80,44,51,1,16,152,65,143,0,36,154,192,148,8,48,8
36,8,106,206,4,0,131,80,68,0,85,2,113,73,181,96,72,96,18,203,128,160,36,41,64,41,162,128,117,171,112,160
130,143,2,157,148,131,12,39,20,166,90,151,32,44,50,65,93,38,147,165,112,220,65,159,40,38,223,193,20,108,148,88
3,142,134,157,52,138,168,39,60,71,82,151,172,168,50,64,227,39,51,5,180,156,5,207,4,54,154,128,12,12,57,92
3,148,19,157,19,246,184,39,92,65,82,114,44,190,36,224,231,59,179,129,183,156,21,223,5,54,26,194,156,4,169,31
190,8,114,254,116,147,218,80,221,200,241,2,43,200,181,104,250,169,22,227,136,183,36,216,18,220,130,136,117,191,112,133
3,164,50,153,112,161,184,66,174,81,88,151,140,142,114,72,231,11,19,149,134,28,6,215,12,20,154,234,148,4,33,213
18,0,66,129,4,2,232,64,33,0,178,2,11,10,36,64,104,133,29,128,8,177,1,192,144,200,138,132,37,8,112,0
2,158,35,153,55,240,186,102,62,69,90,243,172,190,164,228,103,59,147,145,23,152,36,255,12,38,154,195,149,4,53,253
1,72,99,204,4,0,131,16,68,192,86,66,48,1,181,100,72,96,18,202,129,160,36,168,0,40,130,128,23,185,112,44
50,48,66,200,95,99,248,66,5,128,248,131,8,159,53,8,120,185,147,176,8,183,16,192,23,12,138,139,247,12,118,210
2,83,18,136,107,132,184,69,172,13,80,161,172,142,96,64,230,27,155,129,66,11,130,209,21,16,26,171,16,4,165,219
36,8,106,76,4,18,227,16,68,128,119,2,81,65,181,96,120,100,18,234,128,176,36,8,66,41,162,128,101,171,112,160
2,150,130,156,26,227,152,106,150,197,90,167,96,238,32,64,93,61,163,160,0,152,3,159,8,38,139,139,148,44,52,91
1,72,99,12,4,16,140,164,68,64,80,70,32,8,181,228,72,96,18,77,197,160,36,169,32,40,138,0,29,28,120,12
54,8,98,206,20,155,194,64,77,128,209,10,34,200,181,96,120,168,30,99,136,163,100,220,146,40,130,184,117,43,112,4
57,72,106,237,68,131,107,112,4,64,116,135,49,13,179,80,88,232,23,238,204,178,4,61,118,41,160,128,119,185,112,216
134,205,0,138,148,161,142,231,22,3,25,18,64,104,57,64,73,66,19,211,114,40,8,182,40,4,143,192,148,91,176,0
33,201,97,78,84,147,195,248,85,64,116,66,32,8,181,165,88,168,18,106,227,186,44,189,50,8,129,0,119,158,112,172
35,200,99,76,4,131,143,252,68,0,116,194,112,69,181,100,124,112,18,238,193,160,36,253,32,40,162,128,87,152,112,188
3,195,0,140,148,129,12,165,4,4,80,135,32,8,50,64,64,34,147,197,212,8,4,157,32,32,142,192,28,28,184,12
35,205,97,72,84,147,199,252,87,64,120,66,32,200,180,165,88,104,18,107,227,170,44,189,42,12,133,232,87,158,112,172
26,149,18,168,147,164,56,119,45,9,78,18,60,183,32,64,230,59,147,128,18,152,18,223,251,229,26,74,178,0,161,27
3,193,0,140,132,145,140,165,4,0,80,199,32,40,50,64,72,2,19,133,214,8,4,221,32,32,142,192,28,12,184,28
3,193,0,140,4,145,140,165,68,64,80,199,32,8,50,64,64,0,19,5,197,8,4,157,32,32,142,128,28,28,152,28
163,205,97,154,20,145,134,228,84,64,80,66,96,72,188,229,88,106,18,71,231,40,44,191,32,40,142,192,93,30,248,140
3,201,32,140,20,145,142,229,68,64,80,199,32,8,178,224,72,34,19,197,199,168,4,189,32,32,138,192,29,12,184,92
163,205,33,158,20,145,134,229,84,64,80,66,32,8,180,229,72,34,18,75,231,172,36,191,32,8,138,128,93,30,216,140
2,149,18,136,147,224,184,99,28,1,74,18,12,62,32,64,231,19,147,145,50,136,16,215,41,38,154,67,144,64,165,2
3,137,35,140,20,147,142,97,68,64,80,70,32,8,182,224,72,34,18,197,197,168,36,189,32,40,138,128,29,12,248,76
3,137,2,140,20,147,140,97,4,64,80,199,40,40,178,192,72,35,19,133,215,136,4,221,32,32,138,192,29,12,184,28
2,135,0,136,144,128,12,39,4,5,88,199,32,46,50,192,69,3,131,133,80,8,0,213,40,36,142,193,20,76,188,64
3,193,32,140,4,129,140,37,4,68,80,135,32,8,50,64,72,2,19,5,212,8,4,149,32,32,142,192,28,12,152,92
2,16,6,153,66,128,184,64,140,17,82,163,140,142,32,73,110,57,147,148,2,144,2,208,4,0,218,192,21,4,33,208
62,0,98,224,68,10,104,80,97,160,114,10,11,9,52,16,122,141,23,160,136,178,0,200,22,232,128,128,103,168,98,128
35,72,98,206,68,145,138,96,68,64,85,2,32,200,183,100,88,40,19,239,197,162,36,189,16,40,138,136,85,47,120,228
2,149,114,200,150,177,184,99,76,1,88,162,44,30,52,64,238,27,147,129,146,136,36,213,32,36,138,195,21,8,181,17
2,144,146,153,51,228,56,2,62,17,66,178,140,158,32,72,231,27,147,145,18,152,18,215,13,54,26,194,148,0,33,19
3,193,0,140,4,128,140,37,4,64,80,135,32,8,50,64,72,2,19,5,212,8,4,149,32,32,138,192,28,12,184,92
2,149,18,136,178,224,184,99,44,1,90,163,140,62,32,64,231,19,147,145,18,136,0,215,40,54,154,195,148,68,165,83
35,200,32,136,84,129,142,228,4,64,80,131,32,140,50,96,72,40,19,197,198,10,4,253,32,0,138,232,21,12,48,220
2,129,2,136,80,129,28,101,4,1,80,131,40,134,32,64,76,27,19,132,82,138,0,221,32,32,138,200,21,12,177,200
3,201,99,140,20,145,142,228,68,64,80,66,32,8,180,228,72,34,18,201,199,168,36,189,32,40,138,128,29,28,240,236
2,135,2,136,150,128,188,99,12,69,90,135,44,46,50,64,102,35,147,133,82,152,0,213,32,32,138,192,20,12,181,80
3,193,96,200,20,145,140,229,68,1,84,2,40,8,180,100,72,9,19,201,198,168,36,253,34,8,138,192,23,156,240,172
34,201,64,200,84,129,206,228,7,0,112,2,32,137,180,64,72,136,23,192,74,42,0,189,34,8,128,192,119,152,112,136
35,201,98,138,20,145,142,229,68,64,80,199,40,8,54,224,72,43,19,199,199,168,4,253,32,40,142,192,29,30,248,156
2,149,18,152,147,228,56,99,60,1,74,18,172,54,32,64,231,51,19,128,50,152,16,223,13,54,26,66,144,64,161,10
3,129,34,140,20,128,172,101,68,64,82,3,32,8,48,96,104,34,19,5,214,168,4,221,32,32,138,192,21,12,240,76
0,137,0,140,148,129,132,39,4,0,88,2,32,0,48,64,72,34,2,129,80,168,0,157,40,32,142,0,20,8,144,8
2,33,82,128,114,168,184,66,172,1,120,128,140,142,32,80,230,59,23,144,18,57,0,212,156,20,26,234,148,0,33,129
3,200,32,140,4,145,142,164,68,64,80,71,32,8,183,224,72,96,18,197,197,32,4,189,32,40,138,128,29,28,120,12
56,0,98,105,68,43,232,82,117,0,118,2,11,9,53,8,122,136,6,136,136,182,1,130,22,205,176,0,103,136,114,128
45,72,106,76,68,147,235,80,68,128,117,2,49,201,181,32,88,168,18,106,193,179,36,152,82,9,162,136,119,171,112,160
40,72,106,94,84,147,195,208,86,0,116,2,49,201,181,96,88,168,2,74,194,166,46,189,66,141,161,40,119,155,112,168
0,149,122,200,215,225,181,103,108,1,126,34,60,63,36,96,238,59,147,129,82,184,48,221,107,36,2,67,117,8,165,139
130,143,0,158,148,129,142,239,20,7,88,151,96,102,42,65,93,98,131,164,114,8,8,191,40,38,159,197,20,92,180,72
32,200,104,222,84,131,195,240,86,0,116,2,113,201,181,100,88,104,19,74,130,168,46,189,66,45,163,0,119,139,112,168
3,201,2,136,92,129,14,229,132,64,208,199,40,138,50,192,76,43,19,197,199,11,6,245,48,32,138,200,28,20,184,220
33,200,106,94,84,145,195,244,86,0,124,2,113,201,180,96,88,104,19,74,130,168,44,191,98,47,162,64,117,139,112,168
2,193,32,142,148,129,142,165,4,4,81,135,32,32,50,64,64,2,19,199,208,8,12,181,40,32,142,192,20,30,176,76
2,195,0,136,132,129,132,37,4,68,80,135,0,0,34,64,64,2,131,4,80,8,0,149,32,32,142,192,28,28,176,80
1,205,99,220,20,128,135,246,84,64,92,66,48,40,180,228,72,98,18,73,225,168,36,191,32,46,150,0,87,152,240,44
2,131,0,136,132,0,132,33,4,5,16,135,0,34,34,64,64,2,131,4,80,8,0,145,40,32,142,192,20,12,148,80
2,128,82,136,118,129,184,96,12,0,112,130,140,142,52,64,238,9,19,129,18,184,0,213,4,24,138,200,21,12,97,129
0,131,0,136,132,193,12,37,4,4,80,131,0,42,32,64,64,2,130,128,80,8,0,149,32,32,142,65,20,8,180,0
2,129,0,136,148,193,8,33,4,65,80,131,0,14,48,64,72,19,147,133,82,8,0,149,40,0,138,193,20,12,176,64
3,128,32,136,4,145,140,33,68,68,80,135,32,12,50,64,72,0,19,133,196,40,36,157,0,32,138,128,20,12,176,92
0,32,16,136,70,0,184,64,12,0,80,2,12,130,96,0,110,9,2,128,2,34,0,208,20,0,138,42,21,0,33,129
0,129,0,136,132,129,12,37,4,0,80,2,32,10,32,64,64,2,2,128,80,8,0,149,32,32,138,64,20,8,176,8
3,204,33,140,20,145,138,230,68,64,88,66,32,8,180,228,72,34,18,207,199,168,36,189,32,46,154,128,85,29,112,204
3,192,1,140,4,145,140,164,68,64,80,70,32,8,180,224,72,64,18,197,197,40,4,189,32,40,142,128,29,28,184,12
131,0,82,217,102,153,169,64,236,16,86,18,140,138,244,237,106,9,19,152,131,176,38,192,4,24,218,192,84,8,113,164
3,192,0,140,4,144,140,165,68,64,80,199,32,8,50,224,72,0,18,197,197,40,4,157,32,32,142,128,28,28,184,28
3,0,2,129,68,16,168,64,204,64,210,71,140,10,50,99,106,129,26,133,133,177,4,192,20,0,138,128,29,12,121,196
56,129,98,233,196,2,236,113,69,0,118,2,11,41,52,64,104,138,23,168,216,184,69,132,118,233,160,192,119,136,240,128
4,204,128,158,20,129,14,160,22,130,80,2,96,104,40,65,81,98,2,66,96,72,8,191,40,38,223,0,20,120,16,8
98,2,34,136,76,3,40,72,132,68,208,135,0,140,50,64,104,160,91,165,128,131,4,204,16,32,138,152,20,12,48,208
3,195,0,140,132,145,140,37,68,68,80,135,32,8,50,64,72,0,19,133,196,8,4,157,32,32,142,128,28,28,184,92
3,195,0,140,132,128,140,37,4,4,80,135,32,40,50,64,72,2,19,133,212,8,4,213,40,32,142,192,28,12,184,24
2,195,0,136,4,129,140,37,4,4,80,6,0,10,50,64,72,0,19,129,80,8,0,149,32,32,138,192,28,8,184,0
3,193,0,140,20,145,140,165,4,64,80,199,32,8,50,64,72,2,19,69,213,8,4,157,32,32,142,128,28,12,184,92
2,129,2,140,148,128,12,37,4,0,82,2,32,42,48,64,64,34,19,1,80,136,0,157,32,32,138,128,20,8,176,8
3,131,32,136,20,129,140,37,4,68,80,135,32,10,50,64,68,3,147,133,214,8,4,221,40,32,138,192,28,12,184,88
50,0,64,192,68,0,200,64,9,0,176,2,10,8,52,0,104,129,23,129,8,179,64,192,144,136,138,132,117,8,112,128
32,200,64,200,84,129,196,229,5,0,112,2,32,8,52,0,72,168,19,64,66,42,0,189,32,8,136,96,85,24,240,136
3,193,34,136,20,145,140,101,68,64,80,130,40,14,182,96,76,3,19,129,214,136,36,213,32,40,138,192,21,12,240,76
32,0,64,137,68,137,224,64,13,0,112,2,8,8,52,0,104,136,2,129,2,178,64,208,20,24,138,40,85,8,114,128
48,0,66,224,68,2,72,80,1,0,242,2,11,10,52,80,120,136,6,160,8,179,1,204,146,232,130,0,117,136,112,128
2,131,2,136,146,160,56,99,12,69,88,135,12,6,34,64,102,19,147,148,18,136,0,213,40,32,138,193,20,4,165,80
45,8,106,78,68,146,235,80,68,192,119,2,113,73,181,100,88,160,18,234,129,176,36,140,66,41,162,128,119,171,112,160
3,193,0,140,132,129,12,165,4,0,80,71,32,10,50,64,64,2,18,197,85,8,0,149,32,32,142,192,28,24,184,12
2,135,32,136,150,161,136,35,4,5,88,135,8,14,50,64,78,3,147,149,146,8,0,213,8,32,138,192,20,12,181,80
130,16,146,153,39,132,56,64,62,25,80,50,140,146,96,73,230,25,19,144,2,148,2,209,4,16,26,202,148,0,33,131
3,129,32,140,20,129,12,165,4,64,80,135,32,14,50,64,64,3,19,133,212,8,4,157,32,32,138,192,20,12,176,88
3,201,33,140,4,145,140,165,68,64,80,198,32,8,182,228,72,34,18,197,197,168,36,221,32,40,142,128,29,28,248,76
2,48,18,152,101,133,184,64,142,25,80,18,140,146,96,72,229,25,19,144,2,6,18,211,1,20,154,234,144,0,33,131
3,131,0,140,20,129,12,37,4,68,80,135,32,8,50,64,64,34,19,5,212,136,4,157,32,32,138,192,28,12,152,92
3,201,97,140,4,145,143,229,68,64,80,66,32,8,180,228,72,32,18,205,193,40,36,189,32,40,142,128,85,28,240,236
2,131,32,140,148,129,12,97,4,69,80,135,32,42,50,64,72,34,19,133,214,136,4,149,32,32,138,192,28,12,184,80
3,193,2,136,4,144,140,229,68,64,82,71,32,8,178,224,72,0,19,133,197,168,4,213,32,32,138,192,29,28,184,12
2,195,32,136,132,129,12,165,4,4,80,199,32,40,50,64,64,2,19,5,208,8,4,157,40,32,142,192,28,28,152,8
3,200,3,140,4,144,142,228,68,64,80,66,32,8,180,228,72,96,18,205,197,168,36,189,32,40,142,128,29,28,248,44
2,135,32,136,148,161,140,35,4,5,88,131,32,46,50,64,76,3,131,133,18,8,0,149,40,32,138,193,20,76,180,64
50,0,66,168,68,3,200,72,5,32,240,2,3,8,48,64,88,136,23,161,8,179,1,136,144,192,138,148,117,8,112,128
0,32,50,136,108,137,168,64,200,16,16,2,140,136,116,2,202,9,19,1,130,33,2,208,4,24,74,40,20,8,81,128
3,203,0,140,148,129,140,165,4,4,16,135,32,40,50,64,64,98,19,69,212,8,4,189,40,32,143,192,28,12,144,8
3,200,33,140,4,145,142,164,68,64,80,66,32,8,178,228,72,32,18,197,199,40,36,189,32,32,138,128,29,28,56,76
56,0,98,225,4,2,72,88,65,160,243,2,75,11,24,80,120,132,21,160,136,178,1,128,210,233,160,132,103,138,112,0
1,141,2,140,148,128,36,39,68,64,90,7,32,40,50,64,104,34,18,197,213,184,4,157,32,32,142,0,28,12,184,76
3,201,0,140,20,145,142,167,68,64,88,199,32,40,50,224,72,98,19,197,197,40,4,189,32,32,142,128,28,28,184,28
56,233,64,168,84,129,70,245,5,0,80,2,51,129,32,0,72,170,23,64,74,42,0,189,226,193,164,168,55,152,176,136
3,72,107,204,4,0,139,52,68,64,86,66,48,1,181,100,72,96,18,203,193,160,36,233,96,40,170,128,21,184,112,108
3,193,40,140,148,128,140,165,68,65,80,7,48,40,50,96,64,2,19,133,212,40,36,157,40,32,174,192,20,8,176,76
3,201,33,140,4,145,142,231,68,64,88,199,32,40,176,224,72,34,18,197,197,40,4,189,32,32,142,128,29,28,248,12
3,133,2,140,150,128,172,103,12,65,90,199,44,42,50,64,102,35,19,133,212,136,0,221,32,32,138,128,28,12,185,8
3,9,99,204,20,146,139,97,68,64,82,66,32,8,180,228,72,34,18,205,197,168,36,237,32,40,138,128,29,12,112,108
41,201,106,204,84,145,206,116,68,64,116,3,49,8,182,96,72,168,19,205,196,170,36,189,114,41,162,128,119,156,112,204
39,0,98,204,68,19,194,72,69,64,241,74,2,200,181,160,88,168,22,35,141,179,4,156,18,8,136,136,125,46,120,132
50,0,98,204,68,131,232,112,69,0,245,2,32,201,181,4,120,168,23,170,136,179,0,204,18,40,130,136,119,170,112,128
2,0,98,136,70,128,232,64,77,0,80,2,168,138,116,72,106,169,23,129,130,178,2,192,20,8,154,136,85,8,113,128
34,202,96,136,84,193,202,228,5,4,80,163,32,140,55,0,72,168,147,199,66,42,4,253,34,0,138,169,85,29,116,200
3,209,32,136,23,213,188,101,76,72,80,3,40,28,54,96,236,19,147,129,198,40,52,213,33,8,138,194,21,12,177,207
2,132,2,137,22,162,184,98,12,1,90,131,8,14,48,64,111,19,147,149,18,152,1,223,12,38,154,192,148,12,49,17
35,72,99,204,84,147,139,112,68,64,116,2,48,201,181,164,88,40,18,235,193,170,36,189,34,40,130,128,87,174,112,172
3,205,1,142,20,128,142,164,4,64,88,199,112,104,48,192,72,98,19,71,197,40,12,189,32,32,142,128,28,62,184,28
2,137,0,136,151,193,26,231,134,5,136,131,32,22,32,64,73,19,155,208,18,9,0,245,41,4,158,83,148,12,180,74
35,201,99,204,84,145,143,228,68,64,84,66,32,8,180,228,72,42,18,201,199,170,36,189,34,8,138,192,85,12,120,172
2,151,18,136,146,192,184,103,4,1,88,162,44,30,32,64,110,59,147,145,82,136,0,221,40,36,138,195,20,0,165,155
36,24,18,152,87,231,146,64,4,1,89,2,0,216,49,72,88,40,147,17,18,162,16,157,1,4,138,75,149,11,52,130
18,10,34,136,20,195,138,97,132,68,208,131,32,204,50,64,92,41,159,165,202,137,0,157,160,0,138,145,20,12,20,88
10,24,10,168,22,195,154,96,4,64,84,163,49,207,48,64,76,57,147,225,72,170,0,157,66,129,170,129,52,8,52,218
1,0,119,89,118,145,161,96,92,0,118,66,40,8,180,229,106,32,2,8,163,184,38,221,6,58,18,64,87,8,113,172
34,133,66,206,68,129,236,97,5,0,121,2,32,104,60,64,72,170,19,130,80,186,0,221,34,40,130,128,85,138,240,136
3,4,98,220,20,178,168,98,84,65,90,18,40,40,182,96,104,34,19,129,182,168,36,223,0,46,154,128,21,12,112,4
32,192,105,204,4,129,133,228,68,0,112,2,48,8,52,96,72,0,19,65,192,40,4,29,96,40,160,0,85,24,208,136
2,32,82,128,100,0,168,64,168,16,112,2,140,138,112,2,234,9,23,129,2,18,130,192,20,16,138,168,20,0,35,129
3,192,104,204,4,145,140,164,68,64,84,2,32,8,180,100,72,0,18,77,197,40,36,189,34,40,138,128,21,24,112,108
2,16,148,152,40,161,184,2,142,27,16,48,140,166,96,75,135,17,51,1,0,68,2,208,0,18,90,138,144,72,33,17
2,16,144,128,155,100,16,2,14,89,8,35,12,190,96,74,205,27,179,145,18,8,146,192,9,4,218,171,144,76,53,83
3,193,0,136,132,129,140,37,4,0,80,66,32,8,48,192,72,2,19,129,213,40,4,149,32,32,142,192,28,8,184,8
2,132,0,137,180,161,136,2,14,1,90,2,128,42,48,64,73,3,19,145,18,24,65,149,12,22,154,192,148,72,16,0
3,192,33,140,4,145,140,165,68,64,80,194,32,12,176,224,72,0,19,197,197,40,36,157,32,32,138,128,29,28,176,108
3,193,1,140,4,144,140,165,68,64,80,71,32,8,50,224,72,0,18,133,197,8,4,157,32,32,142,128,28,28,184,12
3,131,32,140,4,128,140,33,4,68,80,135,32,12,50,64,72,2,19,133,212,8,4,149,32,32,138,192,28,12,184,92
3,193,32,136,21,209,140,229,68,64,0,3,0,8,54,96,72,0,19,133,213,40,52,149,40,8,142,65,29,12,156,70
3,72,99,204,4,16,135,196,68,64,84,66,32,8,183,228,72,96,18,203,197,160,36,169,34,40,138,128,87,157,120,44
44,8,98,204,4,18,235,80,69,128,119,2,81,73,181,100,88,224,19,234,128,176,36,232,66,105,162,128,119,171,112,160
44,8,106,68,4,18,233,16,64,128,118,2,17,9,181,100,88,36,18,168,128,176,37,136,66,105,161,128,103,188,112,36
2,131,32,136,148,129,140,33,4,4,80,135,32,40,50,64,64,2,131,5,212,8,4,149,40,32,138,193,20,12,180,72
2,0,16,153,108,129,168,64,142,16,80,2,140,130,96,72,198,9,34,16,2,16,66,208,4,16,218,168,20,8,1,128
3,195,0,136,132,129,140,37,4,68,80,135,32,8,50,64,72,2,19,5,212,8,4,149,32,32,142,192,29,28,152,92
2,135,32,136,148,225,136,99,4,5,24,163,0,46,50,64,76,19,131,149,18,8,0,149,40,0,138,193,148,76,148,80
2,16,144,152,55,165,152,66,30,11,16,50,140,158,96,72,205,25,147,145,34,4,0,210,9,22,154,226,144,72,49,131
2,147,0,136,147,193,28,37,4,69,80,135,0,14,34,64,78,19,147,133,82,8,16,213,41,0,138,195,20,12,180,82
2,145,0,136,147,133,28,37,4,0,64,131,8,14,48,64,196,19,147,133,82,8,16,213,41,32,142,194,20,12,177,82
2,131,0,136,20,129,8,37,4,4,80,135,0,10,50,64,64,3,147,133,82,8,4,213,40,32,138,192,28,12,184,80
2,131,32,136,148,129,140,33,4,69,80,135,0,44,50,64,72,2,147,133,82,8,4,149,40,32,142,193,21,12,148,80
2,145,16,136,149,197,148,101,12,1,64,2,4,58,32,64,200,3,19,145,82,8,16,213,41,16,142,66,16,8,176,2
16,0,66,161,4,0,232,64,1,0,242,2,8,10,36,64,104,128,6,128,8,176,1,192,146,136,130,0,101,8,112,128
3,193,0,140,132,144,140,165,4,64,80,135,32,40,50,64,72,2,19,197,196,8,4,157,32,32,142,128,28,28,184,28
3,192,1,140,4,144,140,165,68,64,80,199,32,8,50,224,72,0,18,69,197,40,4,157,32,32,138,128,28,28,184,12
2,135,0,140,149,193,148,231,6,5,88,162,32,60,32,64,72,18,131,129,82,8,0,157,40,4,142,195,20,8,180,10
2,129,8,140,4,128,140,39,4,0,88,2,32,10,48,64,72,34,19,129,80,8,0,157,32,32,138,192,20,8,176,8
3,192,33,140,4,144,140,165,68,64,80,71,32,8,178,224,64,0,18,69,197,40,36,157,32,32,138,128,29,28,184,76
3,193,0,140,148,128,140,165,4,64,80,199,32,40,50,64,72,2,19,197,215,8,4,157,40,32,142,192,28,12,184,28
2,129,0,140,149,193,140,37,4,1,64,131,40,30,48,64,72,35,147,129,82,8,0,221,41,32,138,65,20,12,180,10
3,193,96,204,4,144,140,101,68,64,84,2,32,8,182,100,72,0,18,205,197,40,36,221,34,40,138,192,21,28,248,76
3,193,0,140,4,144,140,37,68,64,80,199,32,8,50,224,64,0,19,133,197,8,4,149,32,32,142,128,29,28,184,12
3,193,34,140,20,145,140,101,68,65,80,199,32,8,50,192,72,34,19,133,215,136,4,157,32,32,138,192,28,12,184,92
2,148,18,136,55,164,184,66,28,9,90,50,172,50,32,64,231,51,147,145,50,152,0,223,8,54,154,194,148,64,33,3
3,200,34,136,4,145,140,228,68,64,80,135,32,8,182,224,72,8,19,197,199,168,36,253,32,8,138,192,28,28,184,220
60,0,98,77,68,18,232,88,69,128,119,2,81,73,188,100,120,132,23,168,136,178,37,136,66,233,160,4,103,170,112,160
131,193,0,140,132,129,140,37,4,4,80,151,32,8,50,64,72,2,19,133,244,12,4,159,32,32,142,128,28,28,152,12
2,135,2,140,146,193,60,103,4,5,90,163,40,38,32,64,78,51,131,132,82,136,0,221,32,32,138,195,20,4,165,88
33,201,97,200,20,145,135,244,68,64,116,66,48,8,180,228,72,40,18,73,195,168,36,189,32,40,130,0,87,152,240,172
130,0,146,153,52,160,56,2,60,3,82,18,172,130,32,72,227,41,19,144,34,156,2,195,4,54,154,194,148,0,33,1
2,193,0,136,132,129,140,165,4,0,80,2,32,10,32,64,72,2,19,128,80,8,0,157,32,32,142,192,20,8,176,8
130,0,146,145,34,164,56,66,62,27,82,18,140,134,96,73,231,25,51,144,34,220,2,211,12,50,218,194,148,0,33,145
0,137,4,157,20,131,12,39,20,1,90,2,32,40,48,65,64,38,51,161,112,152,65,157,36,38,218,0,20,8,176,8
131,205,0,156,148,145,140,167,84,83,80,87,32,40,50,97,73,66,18,199,245,108,4,191,40,34,222,192,28,28,184,28
2,151,32,136,146,225,152,99,14,69,88,183,12,46,50,64,111,19,147,149,182,8,4,215,40,4,138,195,148,76,181,87
2,129,32,136,132,128,140,37,4,64,80,131,40,14,48,64,68,3,19,133,208,8,0,213,40,32,142,192,20,12,176,72
3,205,4,156,132,145,140,231,84,82,88,66,32,40,178,225,72,98,18,197,231,40,6,189,32,2,222,192,29,28,184,12
33,72,106,78,68,131,207,112,68,192,117,2,113,72,183,32,88,168,19,107,192,162,36,189,82,41,160,128,117,187,112,236
3,203,96,14,4,145,142,228,68,64,84,198,32,8,183,228,72,98,18,207,197,40,36,189,34,40,142,128,95,62,120,92
3,192,34,137,60,128,172,228,142,81,82,135,172,142,50,96,234,9,27,197,198,8,6,245,36,48,154,200,20,28,177,220
2,176,146,153,115,164,56,66,62,25,80,18,140,150,96,72,231,25,147,145,18,156,2,211,13,20,26,202,144,0,33,147
3,14,34,157,20,163,170,70,22,7,90,135,32,8,51,64,92,33,147,133,164,156,69,191,0,38,154,129,28,13,56,76
7,5,99,201,180,178,170,98,108,65,123,66,200,104,180,228,122,34,18,185,145,184,36,204,14,60,130,192,223,206,113,165
24,145,90,233,210,194,253,113,36,0,118,162,25,63,160,64,126,155,23,160,80,152,1,213,126,169,170,193,53,128,164,147
2,147,0,136,144,129,12,33,4,68,80,167,0,14,50,64,68,3,147,133,82,8,0,213,40,32,138,192,28,12,180,80
2,48,144,152,43,229,144,66,158,27,144,50,140,158,96,8,205,27,155,16,2,7,146,210,137,20,26,251,144,72,37,147
7,8,162,155,52,178,170,66,124,65,91,215,172,200,183,200,243,41,19,149,135,148,4,206,4,62,154,192,157,15,57,84
34,216,112,218,87,209,154,224,23,0,84,163,40,223,37,36,79,185,147,210,34,38,58,255,11,6,139,227,23,15,52,158
6,139,0,138,220,193,10,229,134,21,88,163,96,206,58,64,92,91,155,215,82,11,10,245,56,4,143,233,20,14,180,200
19,203,2,140,28,129,142,101,132,68,210,199,32,136,50,64,72,34,187,197,198,139,6,253,176,36,142,216,29,28,184,92
35,201,103,142,28,145,166,229,196,64,210,66,32,136,180,228,72,34,50,77,199,169,38,189,32,44,158,128,93,30,248,236
3,207,0,158,148,129,14,165,6,5,89,135,96,104,58,64,69,67,147,199,214,8,12,191,40,38,142,192,28,30,176,88
3,195,0,136,20,129,142,229,6,5,80,135,32,136,50,64,72,11,147,197,214,8,6,181,40,4,158,225,28,12,184,200
171,2,98,73,68,19,233,80,85,196,116,151,1,136,182,12,88,168,19,29,132,182,37,136,82,9,176,129,119,140,112,196
44,0,106,76,68,18,195,80,68,128,119,2,83,9,181,96,88,164,23,170,136,176,36,136,66,105,163,4,119,169,112,160
50,89,18,140,97,132,222,97,41,8,240,2,46,90,33,80,254,185,6,226,64,171,0,205,177,176,2,138,81,50,99,139
32,0,106,96,68,18,224,80,68,128,118,2,83,9,184,64,88,132,6,40,136,178,37,8,66,169,160,4,101,168,112,128
130,48,144,152,11,133,144,64,158,27,0,18,12,150,96,9,239,25,179,144,34,70,18,208,1,0,90,170,16,0,33,147
2,143,74,236,82,194,125,119,5,4,94,163,57,55,32,80,110,187,151,128,88,154,0,253,114,165,170,193,53,128,164,155
35,201,99,204,92,145,175,101,196,64,240,66,40,200,180,228,104,40,18,201,199,171,38,253,50,40,138,136,87,158,240,172
35,201,97,204,4,145,143,244,68,64,80,66,32,8,181,228,72,96,18,207,193,168,36,253,32,40,134,128,87,156,112,236
2,135,2,136,146,192,188,103,4,5,90,163,44,46,50,64,110,19,147,133,82,136,0,213,40,36,138,195,20,4,181,88
3,192,33,140,4,144,140,164,68,64,80,199,32,8,178,224,72,0,19,197,197,40,36,189,32,32,138,128,29,28,184,76
3,192,33,142,4,17,142,172,68,64,81,71,96,72,190,224,80,64,18,103,197,32,12,189,32,40,138,128,29,63,184,76
27,203,98,174,214,145,206,103,5,68,216,135,41,200,54,64,110,171,151,199,206,139,4,253,176,105,138,136,61,14,185,220
56,72,98,254,84,131,74,244,21,0,244,10,51,137,49,80,72,168,23,203,202,190,64,189,114,201,160,136,119,157,112,136
6,207,0,138,148,225,14,166,6,5,88,163,64,110,58,64,84,83,147,213,18,8,8,181,40,0,142,193,148,95,180,88
2,157,90,205,82,194,191,119,4,69,94,163,56,39,164,100,110,51,147,128,80,152,32,253,98,36,170,193,23,192,165,251
2,133,50,216,181,181,184,67,94,25,90,18,140,154,52,96,231,11,19,17,146,168,34,213,13,62,26,202,144,0,161,135
134,143,0,152,144,225,14,175,22,6,24,179,96,110,41,65,93,115,131,180,114,8,8,191,40,6,143,197,148,92,180,88
2,149,18,136,147,225,56,99,4,1,72,163,44,54,32,64,107,51,147,128,18,136,16,223,41,38,154,67,20,68,165,18
2,132,6,141,20,162,160,67,20,1,90,18,32,40,48,64,72,46,51,129,18,188,65,207,4,38,154,192,148,8,48,8
130,142,2,149,148,131,44,39,20,166,90,151,32,40,50,65,125,38,19,165,116,156,69,159,44,38,222,128,4,108,144,72
2,159,115,205,19,224,187,103,12,69,90,162,40,46,164,100,110,51,147,129,147,152,36,255,36,38,154,194,23,68,165,253
180,72,114,250,116,145,202,64,221,0,241,10,43,200,53,32,250,169,6,227,138,167,36,255,18,220,130,56,85,59,112,132
2,142,166,157,20,138,44,39,60,7,82,151,168,42,50,64,97,38,51,133,240,152,69,239,36,54,218,128,12,12,177,88
3,140,130,157,52,142,184,39,60,77,82,151,172,170,50,64,246,47,51,5,180,156,5,223,4,54,154,192,28,12,185,93
3,195,34,140,148,129,140,101,68,4,80,135,32,8,50,64,72,34,19,133,214,168,4,221,32,32,138,192,29,12,184,28
130,128,162,153,116,161,184,66,190,83,80,151,140,142,114,72,231,9,19,149,178,28,6,215,12,20,154,200,148,4,33,213
3,72,99,204,4,16,139,20,68,64,82,66,48,0,181,228,72,96,18,203,129,160,36,233,32,40,138,128,23,185,112,108
50,48,98,200,87,99,248,66,5,65,248,163,8,159,53,8,104,153,151,177,0,183,16,194,23,12,154,139,183,76,118,210
88,0,80,161,6,10,72,16,41,32,178,10,143,11,0,80,34,133,12,32,8,176,1,192,146,209,130,144,39,128,65,1
18,16,114,193,70,17,248,80,109,0,182,162,8,31,244,98,110,145,151,176,128,177,32,192,86,8,138,130,103,136,97,151
2,17,82,136,98,192,184,99,173,4,248,160,172,158,36,80,238,185,135,128,80,139,0,196,148,144,138,203,84,0,167,155
2,154,130,156,26,163,24,74,22,129,90,167,108,246,33,64,94,61,179,128,2,152,131,159,8,38,139,206,148,44,37,27
3,34,242,145,244,184,184,67,126,21,82,23,140,138,118,72,239,43,19,149,150,184,4,208,12,28,154,224,156,12,169,133
2,34,34,153,84,169,168,67,60,5,82,151,172,136,50,72,104,42,131,149,150,184,69,194,4,36,154,193,149,12,53,200
33,72,106,205,68,2,235,84,68,196,118,135,49,13,183,96,104,96,19,206,129,176,37,236,102,41,162,128,125,185,112,248
3,192,3,140,4,16,140,164,68,64,80,199,32,8,178,224,64,96,18,69,197,8,4,157,32,32,138,128,29,28,184,12
57,8,106,236,68,147,74,112,69,192,116,135,51,13,179,96,104,232,23,239,140,178,100,172,82,233,160,128,119,191,112,200
6,205,128,154,148,161,142,231,22,3,24,18,96,106,57,64,73,74,19,211,114,8,8,190,40,6,159,192,148,91,176,8
33,72,97,79,84,147,195,112,85,64,116,66,48,73,181,37,88,168,18,106,193,186,100,189,54,8,129,0,119,154,112,172
34,72,106,76,68,131,239,252,68,64,116,130,112,69,181,100,92,112,19,238,193,160,36,253,96,40,162,128,119,185,112,248
3,193,0,140,132,145,140,165,68,0,80,199,32,8,50,64,72,2,19,197,214,8,4,157,32,32,142,192,28,28,184,28
163,201,97,72,84,147,199,252,87,64,112,66,32,200,181,165,88,40,18,106,227,170,44,189,34,8,129,136,119,158,112,172
26,149,18,232,211,164,56,119,45,9,78,18,60,183,32,68,230,59,147,144,18,152,18,215,251,229,26,74,178,0,161,155
3,193,0,140,132,145,140,37,68,64,80,199,32,8,50,64,64,2,19,5,213,8,4,157,32,32,142,128,28,28,184,28
2,149,24,136,146,225,176,99,6,5,72,178,44,150,32,64,107,27,147,144,18,136,0,223,73,4,154,67,148,8,165,146
114,232,2,172,28,129,74,232,129,0,208,10,35,202,49,80,88,232,93,227,74,3,8,189,176,224,139,184,52,11,50,8
163,205,101,218,20,145,134,228,84,64,80,66,96,72,188,229,88,106,18,103,231,42,44,189,34,8,142,192,93,30,248,140
3,201,2,136,20,129,140,229,4,64,80,199,32,8,50,192,72,3,19,197,199,168,4,253,32,32,142,192,29,28,248,156
3,201,99,140,20,145,142,229,68,64,80,70,32,8,182,224,72,34,18,69,199,168,36,189,32,40,138,128,29,12,248,76
163,205,33,154,20,145,134,229,84,64,80,66,32,72,180,228,72,106,18,75,231,172,44,191,32,10,154,128,85,30,248,140
2,148,18,152,151,228,184,99,60,1,74,18,44,62,32,64,231,51,147,145,50,136,16,215,9,54,154,66,144,64,161,2
3,192,0,140,4,16,140,165,68,64,80,199,32,8,50,192,64,0,19,197,197,8,4,157,32,32,142,128,28,28,184,28
3,137,34,140,20,145,142,103,68,64,88,199,32,8,50,64,72,35,19,197,215,136,4,253,32,32,138,128,29,12,184,92
3,201,3,140,20,146,140,101,68,64,82,199,32,8,182,224,72,35,18,133,213,184,4,221,32,40,138,192,29,12,248,92
3,203,96,140,20,145,140,229,4,68,80,135,40,12,182,64,76,35,147,197,214,136,4,221,32,40,142,192,29,12,184,220
11,72,3,142,4,16,142,180,68,192,80,70,49,8,177,228,64,96,19,207,197,128,4,233,32,40,174,128,62,191,56,12
3,193,0,140,132,129,140,37,4,64,80,135,32,8,50,64,72,2,19,5,196,40,4,149,32,32,142,192,28,12,184,92
2,0,2,153,32,129,168,64,28,81,82,147,140,142,48,72,111,25,147,149,2,148,0,209,4,18,154,192,148,4,33,208
3,201,0,140,20,145,142,165,68,64,80,199,48,40,178,224,72,98,18,69,197,40,4,189,32,32,142,128,29,28,184,12
2,147,114,136,150,145,184,99,12,65,88,163,8,30,52,96,110,27,147,129,214,136,36,213,32,32,138,194,21,12,181,149
2,132,2,137,20,170,168,98,12,1,90,18,40,8,48,64,96,42,19,145,18,152,1,223,4,36,154,192,20,8,49,8
2,148,18,152,178,224,184,67,46,65,90,179,12,190,32,64,231,27,147,145,18,136,0,215,8,54,154,195,148,4,165,83
3,193,32,136,4,129,140,165,4,64,80,199,32,8,50,64,72,2,19,133,215,40,4,149,32,32,138,192,28,28,184,92
2,129,2,140,82,129,188,101,4,1,80,130,44,6,32,64,110,59,19,128,82,138,0,221,32,32,138,200,21,4,161,136
2,135,2,136,144,193,24,103,4,5,88,163,40,6,34,64,108,51,131,128,82,136,0,221,40,36,138,193,20,4,165,88
3,201,2,140,20,145,142,101,68,64,80,199,32,8,178,224,72,34,18,197,199,136,4,253,32,32,138,128,29,28,184,140
2,135,2,136,146,193,152,103,4,5,88,163,44,134,32,64,110,59,131,128,82,136,0,221,40,36,138,195,20,4,165,91
2,135,34,136,150,128,172,103,12,69,90,135,44,46,50,64,110,3,147,133,214,136,4,221,32,32,138,192,29,4,177,216
0,193,0,136,20,129,140,165,6,1,80,2,32,136,32,64,72,42,2,192,82,40,0,189,40,36,142,64,20,8,176,8
35,201,98,200,20,145,142,229,68,0,84,2,32,8,180,100,72,10,19,201,194,40,36,253,34,40,138,128,23,152,240,172
35,201,98,138,20,145,142,229,68,64,80,199,40,72,182,224,72,43,19,199,199,168,4,253,32,40,142,192,29,30,248,156
3,193,32,140,20,129,140,165,68,64,80,199,32,8,50,64,72,2,19,133,212,8,4,149,32,32,142,192,29,12,184,92
1,193,98,200,20,145,140,101,68,65,80,2,40,8,182,96,72,10,18,129,214,168,36,221,32,40,138,64,21,12,240,204
2,149,18,156,147,228,48,103,60,1,74,18,44,54,32,64,227,51,147,128,50,152,16,223,9,54,26,67,144,0,161,10
35,201,99,140,84,147,142,237,68,64,80,194,96,76,180,228,88,43,18,239,199,170,36,253,32,8,142,128,93,30,248,236
0,193,0,140,20,129,132,103,4,0,88,2,32,40,48,64,72,34,2,65,82,168,0,157,32,32,142,0,20,8,144,8
130,48,144,152,3,197,152,64,30,27,64,19,12,158,96,72,239,25,147,145,2,4,18,210,9,20,154,234,144,4,37,147
2,32,82,136,118,168,248,66,173,1,120,2,172,138,36,80,230,43,23,16,18,184,0,197,28,28,26,202,133,0,99,129
18,48,82,136,99,192,184,64,173,1,240,162,12,158,96,88,238,153,147,144,0,131,16,192,17,0,10,207,5,0,37,147
56,0,98,109,68,19,224,80,85,128,116,2,19,137,181,44,120,168,23,168,136,182,36,136,86,205,160,0,119,169,112,136
2,2,162,153,18,162,56,2,52,5,82,151,136,134,50,72,110,63,179,149,146,156,65,198,4,38,154,192,148,4,37,216
33,72,106,76,76,145,203,80,196,192,84,10,48,200,181,36,88,168,18,235,193,179,38,157,80,8,162,168,119,187,112,164
3,149,51,136,151,245,185,99,78,65,90,35,44,190,54,100,227,27,147,145,151,168,52,213,43,60,154,195,151,4,181,247
60,0,106,110,68,18,234,80,68,128,119,2,81,73,189,96,88,164,23,170,136,178,44,136,66,233,161,132,119,171,112,128
2,149,122,200,247,224,177,103,76,1,126,34,60,59,36,100,238,59,147,1,18,184,48,223,107,44,18,67,85,8,165,163
35,4,35,157,52,187,168,35,92,97,90,82,160,40,180,224,72,34,19,129,181,184,69,159,4,62,154,192,156,12,88,140
2,142,0,156,148,130,142,239,22,7,88,151,96,110,58,64,93,66,131,165,114,8,8,191,40,38,143,197,20,108,180,72
33,200,104,218,84,145,195,244,86,64,116,2,49,201,181,100,88,104,19,74,195,168,46,189,98,13,162,8,117,155,112,168
3,203,2,136,88,129,142,229,132,68,208,199,40,138,50,64,76,171,147,197,198,11,6,253,48,0,142,232,28,28,184,220
33,200,106,94,20,129,195,244,86,1,116,2,112,201,180,96,72,104,18,74,194,168,46,191,98,44,162,64,117,139,112,168
2,195,32,138,148,129,142,165,4,4,81,135,96,32,50,64,64,2,19,199,208,8,12,181,40,0,142,192,20,30,176,76
2,195,0,136,132,129,132,37,4,68,80,135,0,4,34,64,68,2,131,4,80,8,0,149,32,32,142,192,20,28,176,80
2,193,32,140,132,129,140,37,68,0,80,2,32,8,48,64,72,0,19,129,208,40,0,149,32,32,142,192,20,24,176,8
3,205,163,156,20,144,142,167,84,65,88,70,32,40,180,228,72,98,18,197,229,168,36,253,32,46,158,128,29,28,248,44
2,200,2,136,20,129,138,100,4,0,80,2,32,138,48,64,72,40,19,195,66,136,0,253,32,0,138,128,20,8,48,136
2,131,0,136,148,0,4,33,4,5,16,135,0,38,34,64,68,2,131,148,80,8,0,132,40,32,142,193,20,12,180,64
3,193,32,140,4,145,140,165,68,64,80,135,32,12,50,96,72,0,19,133,196,40,36,157,32,32,142,192,20,28,176,92
2,0,34,201,20,131,168,64,68,0,80,2,8,136,52,64,120,41,19,177,130,178,4,220,0,8,138,192,85,12,113,128
3,197,0,140,20,144,140,103,68,64,88,71,32,8,178,224,72,34,19,197,199,40,4,189,32,32,142,128,29,28,184,12
2,193,2,136,84,129,168,101,4,0,80,2,40,10,48,64,110,43,19,129,66,170,0,221,32,0,138,192,21,8,161,136
3,205,0,156,148,144,140,167,84,66,88,199,32,40,179,225,64,98,18,133,229,136,4,255,32,38,158,128,28,92,184,92
2,195,0,136,132,129,132,101,4,4,80,7,32,8,50,64,72,2,130,5,82,40,0,149,32,32,142,193,28,12,144,72
2,131,32,136,20,129,140,37,4,4,80,2,0,10,48,64,72,2,19,129,80,8,0,149,40,0,138,193,20,12,180,0
2,193,32,136,4,129,140,101,4,0,80,3,32,8,50,64,72,0,19,133,194,40,4,149,32,32,138,192,21,12,144,72
2,132,2,136,20,163,168,99,4,1,90,2,32,8,48,64,104,42,19,129,18,184,0,221,32,36,138,192,21,8,176,136
3,195,0,136,132,129,140,37,4,68,80,135,32,8,50,64,76,2,131,133,212,8,4,149,32,32,138,192,28,12,184,88
2,192,32,136,4,129,140,37,4,64,80,3,32,8,48,64,72,0,19,133,192,40,4,157,32,32,138,192,21,12,176,72
35,204,97,206,20,145,139,230,68,64,88,66,32,8,181,228,72,34,18,203,199,168,36,189,32,44,138,128,87,31,112,236
2,193,0,136,132,129,132,101,4,0,80,2,32,0,32,64,72,2,2,0,80,40,0,149,32,32,138,192,20,8,144,8
131,199,0,140,132,145,140,39,4,64,88,215,32,8,50,64,64,3,19,133,244,12,4,159,32,32,142,192,28,12,184,28
3,193,0,140,4,145,140,165,68,64,80,70,32,8,182,224,72,32,18,197,197,40,4,157,32,40,142,128,29,28,184,12
130,0,50,217,36,153,184,80,222,17,86,18,140,139,244,109,102,9,18,152,131,244,38,208,6,24,218,200,150,136,33,165
3,193,0,140,132,145,140,37,4,64,80,199,32,8,50,192,64,2,19,133,213,8,4,149,32,32,142,192,28,12,184,28
3,0,6,145,70,144,168,64,204,80,82,2,140,138,242,235,106,9,18,149,135,144,38,192,4,16,202,128,29,12,57,196
44,5,106,73,84,50,233,120,68,0,126,2,81,41,188,100,120,136,23,168,152,178,37,140,70,13,162,196,247,168,112,160
4,204,132,158,20,129,6,160,22,146,80,2,96,104,40,65,81,98,2,66,98,72,8,191,40,38,223,0,20,56,16,8
3,0,38,136,76,3,40,64,132,68,210,135,0,142,51,66,104,36,27,165,132,147,5,192,20,32,138,136,20,12,48,208
2,134,0,136,146,225,152,98,6,5,88,163,8,46,34,64,77,19,131,145,18,8,0,213,8,6,154,195,148,76,52,82
2,131,0,140,132,129,140,37,4,4,80,135,32,40,50,64,76,2,131,133,214,8,4,213,40,32,142,192,28,12,184,76
3,193,0,140,132,145,140,165,68,64,80,199,32,8,50,192,72,2,19,197,197,8,4,157,32,32,142,192,29,28,184,28
3,193,0,140,4,145,140,229,4,0,80,71,32,8,50,192,72,0,18,133,69,40,0,149,32,32,142,192,28,24,184,12
2,129,2,140,148,128,12,37,4,0,82,2,32,42,32,64,64,34,19,0,80,136,0,157,32,32,138,128,20,8,176,8
50,0,66,225,68,2,200,80,1,0,240,2,11,9,60,16,120,140,23,160,8,178,1,192,146,200,130,132,103,136,112,128
32,200,64,200,84,129,196,229,5,0,112,2,32,8,52,0,72,168,19,64,66,42,0,189,32,8,136,64,85,24,240,136
3,193,34,140,20,145,140,101,68,64,80,131,40,14,182,96,76,3,19,133,214,136,36,213,32,40,138,192,21,12,240,76
50,0,98,77,68,18,232,80,65,0,242,2,1,8,180,32,120,132,23,161,136,178,37,136,18,233,130,132,117,168,112,132
60,0,98,236,68,2,200,80,69,0,246,2,67,9,60,64,120,136,23,168,136,178,4,136,18,233,160,132,119,170,112,128
2,135,2,136,146,160,56,99,12,69,88,135,12,6,50,64,102,19,147,133,18,136,0,213,40,32,138,192,20,4,165,81
33,72,107,206,4,147,139,112,68,64,86,66,112,72,181,100,72,96,18,203,129,160,36,253,64,40,162,128,119,187,112,236
3,201,0,140,4,145,140,165,4,64,80,70,32,8,176,224,72,2,18,193,197,40,4,189,32,32,142,128,29,24,184,12
130,16,18,153,55,132,56,64,62,25,80,50,140,146,96,73,230,25,147,144,34,148,2,209,4,16,26,202,148,0,33,131
3,193,33,140,4,145,140,37,68,64,80,70,32,8,178,224,72,3,19,133,197,8,4,221,32,32,138,128,29,12,248,12
3,200,33,140,4,145,140,228,68,64,80,198,32,12,180,228,72,32,18,205,199,40,36,189,32,40,138,128,29,28,120,92
3,129,32,140,20,145,140,101,4,64,80,199,32,12,50,64,72,34,19,133,198,40,4,157,32,32,138,192,29,12,152,92
3,193,2,140,20,145,140,165,4,64,80,199,32,8,182,224,72,2,19,133,199,168,4,221,32,40,142,192,29,12,184,92
2,48,18,152,99,133,184,66,158,25,80,18,140,146,96,72,229,25,147,144,2,4,18,211,1,20,154,234,144,0,33,131
3,131,0,140,20,129,140,37,4,68,80,135,32,8,50,64,64,34,147,5,212,136,4,157,32,32,138,192,28,12,144,92
3,193,2,136,20,128,140,101,4,68,80,135,32,8,50,64,72,34,19,133,215,168,4,157,32,32,138,192,29,12,184,84
3,200,67,140,4,145,142,228,68,64,80,66,32,8,180,228,72,96,18,207,197,168,36,189,32,40,142,128,29,28,120,12
66,0,20,144,44,9,144,0,140,24,144,8,142,18,64,11,130,1,110,1,0,97,66,192,132,18,90,186,16,8,1,1
3,195,0,140,148,144,140,37,4,4,80,135,32,40,50,64,72,2,19,133,212,8,4,221,32,32,142,192,29,12,184,12
58,0,98,229,68,2,232,80,5,160,86,2,17,9,52,64,120,132,23,169,136,178,1,136,82,201,170,132,119,172,112,128
3,203,0,140,148,129,140,165,4,0,16,199,32,40,50,64,64,98,19,69,212,8,4,189,40,32,142,192,29,28,152,28
3,200,40,140,20,145,140,228,68,64,80,199,32,12,178,224,64,32,18,197,199,136,36,189,32,32,138,128,28,28,184,92
44,0,106,69,68,18,235,88,68,128,119,2,81,65,185,96,120,196,23,234,136,176,45,8,66,169,161,132,103,171,112,160
1,137,2,140,148,128,164,231,68,64,90,71,32,40,50,64,104,34,18,197,213,184,4,221,32,32,138,0,28,12,184,12
3,205,0,140,20,144,140,167,4,64,88,199,32,40,50,192,72,34,19,197,197,136,4,253,32,32,142,128,29,28,184,28
40,201,72,168,84,129,78,245,4,0,116,2,49,131,48,64,72,170,23,200,74,170,0,189,98,201,164,232,55,152,240,136
33,72,107,204,4,0,203,48,68,64,86,66,48,0,181,100,72,96,18,203,193,160,36,233,96,40,170,128,21,184,112,108
3,193,33,140,20,128,140,165,4,65,80,71,48,40,48,96,64,2,19,133,212,8,36,157,104,32,174,192,20,8,176,72
3,205,3,140,20,145,142,231,68,64,88,199,32,40,176,224,72,34,18,197,197,168,4,189,32,32,138,128,29,28,120,12
3,133,34,140,150,128,188,103,12,65,90,199,44,42,50,64,102,35,19,133,214,136,4,221,40,32,138,192,29,12,185,9
2,20,144,144,133,101,148,7,30,11,24,19,140,190,96,72,205,19,179,129,16,76,18,210,1,22,222,131,144,92,149,19
41,200,98,236,84,145,206,244,68,64,112,3,49,8,182,96,72,168,19,197,196,170,36,189,114,105,162,136,119,156,112,200
3,73,99,204,4,146,173,49,68,64,86,66,48,8,180,100,104,32,18,169,193,184,36,205,32,40,130,128,21,168,112,108
2,150,18,152,50,225,184,66,30,5,88,179,172,142,32,64,231,59,147,145,18,140,0,215,8,20,154,195,148,4,37,211
51,8,98,204,68,146,202,112,69,0,245,2,105,72,181,100,88,168,22,234,205,162,36,253,18,104,130,136,119,171,112,164
34,200,96,200,86,193,142,228,5,68,112,163,40,140,180,64,72,185,147,193,66,42,0,253,34,0,138,163,85,28,116,220
2,0,146,153,116,128,184,64,174,1,80,18,140,138,112,72,238,9,19,145,2,148,2,211,4,20,154,200,148,8,33,129
2,193,33,140,4,129,140,165,4,0,80,66,32,10,48,192,72,3,19,193,193,8,0,221,32,32,138,192,20,8,176,8
35,72,99,204,84,147,139,112,68,64,116,66,48,72,181,228,88,40,18,235,193,170,36,189,34,8,138,128,87,142,112,172
3,201,1,142,20,130,142,160,68,192,80,70,112,104,177,224,88,96,18,111,197,168,12,61,32,32,175,128,28,58,48,12
2,149,18,136,147,224,184,103,12,1,88,162,44,158,32,64,238,27,147,129,18,136,16,223,41,36,154,195,20,4,165,147
18,161,144,136,151,197,16,199,6,1,136,3,12,150,96,64,201,155,155,144,26,9,18,181,169,212,158,115,144,8,165,26
0,129,18,136,180,133,184,101,12,9,112,2,172,136,52,64,202,43,2,1,82,184,0,213,44,24,10,64,84,8,225,129
2,133,2,137,148,163,168,35,4,1,90,2,160,10,48,64,104,43,19,129,18,152,65,221,44,36,138,192,20,8,176,0
35,201,99,204,84,145,142,228,68,64,84,66,32,8,182,228,72,40,18,205,199,168,36,189,32,40,138,128,93,28,120,236
36,16,18,136,87,231,178,64,4,1,89,2,0,216,33,72,88,56,147,17,18,162,16,156,1,4,138,75,149,11,52,130
18,10,34,168,20,195,74,96,133,68,208,163,35,140,50,64,92,169,159,165,74,137,0,157,176,224,138,145,52,12,52,88
34,24,10,168,86,195,153,112,4,0,84,163,52,31,33,64,76,57,19,193,2,138,16,221,65,0,138,129,53,8,53,250
128,148,122,216,102,128,249,114,93,2,118,50,48,27,164,77,110,49,19,136,160,188,32,223,66,42,242,192,117,136,97,161
3,0,98,156,20,144,168,66,84,65,83,18,40,10,182,96,104,33,19,133,182,172,36,255,0,46,154,192,21,13,113,68
32,200,104,108,68,129,199,244,68,0,112,2,49,8,53,64,72,96,19,64,192,42,0,61,96,169,162,0,85,24,80,136
130,48,144,152,51,225,152,66,30,9,16,178,12,158,96,72,239,25,147,145,2,4,2,210,8,4,154,235,148,0,37,147
210,0,84,176,78,8,88,0,41,48,146,154,15,6,64,91,38,133,125,128,40,65,193,192,150,192,202,144,52,128,1,0
2,21,160,152,151,97,144,67,6,65,8,163,8,60,32,72,75,19,147,145,18,8,20,208,9,6,158,131,148,76,148,82
3,193,0,136,20,145,140,165,4,64,80,70,32,8,48,192,72,2,19,129,213,8,0,221,32,32,142,192,28,8,184,12
2,4,0,137,20,163,168,2,22,35,90,18,128,40,48,72,105,10,19,145,2,180,65,151,12,6,154,196,149,72,16,128
3,193,1,140,4,144,140,165,68,64,80,71,32,8,178,224,72,0,18,133,197,8,4,157,32,32,142,128,28,28,184,12
2,135,32,136,181,165,136,67,14,77,24,135,4,172,114,64,204,3,147,149,146,8,0,213,41,20,138,192,148,12,180,82
3,200,35,140,4,144,140,165,68,64,80,70,32,8,182,228,72,32,18,205,197,168,36,253,32,40,138,128,29,28,248,76
35,72,99,204,4,16,171,148,68,192,86,66,48,8,181,228,72,96,18,203,129,160,36,232,32,40,138,128,23,189,112,44
102,0,96,131,68,8,232,64,73,48,49,10,72,8,92,2,42,133,23,131,128,48,8,192,20,24,138,160,69,10,83,128
2,48,144,152,52,133,184,66,30,25,80,50,140,158,96,72,199,25,147,17,2,4,2,208,13,22,26,234,148,8,33,131
2,149,0,136,147,225,24,35,4,5,88,163,8,38,32,64,67,19,147,145,18,8,0,213,8,4,138,195,148,68,165,82
2,135,32,136,148,225,156,35,4,5,24,163,8,46,50,64,76,19,131,149,18,8,0,213,40,0,138,193,148,76,148,80
2,0,148,153,110,129,184,0,142,17,16,2,140,138,112,75,106,9,51,145,2,80,66,192,4,16,218,168,20,8,49,128
2,145,32,136,151,133,156,37,4,65,64,131,8,30,48,64,204,19,147,133,210,8,16,213,41,32,142,194,20,12,177,82
3,193,0,140,4,129,140,37,4,68,80,135,32,8,50,64,72,0,19,133,196,8,4,149,32,32,138,192,28,12,184,92
2,148,128,136,19,229,152,66,22,1,8,147,12,190,32,64,207,27,147,145,50,12,16,215,9,6,154,195,148,76,52,83
2,145,16,136,151,197,148,101,4,1,64,2,4,26,32,64,200,19,147,129,82,8,16,213,41,16,142,67,20,8,180,2
3,8,35,206,4,0,131,0,68,64,81,66,112,72,181,228,72,96,18,235,129,160,36,185,0,40,138,128,85,171,112,108
3,193,0,140,132,145,140,165,68,64,80,70,32,8,182,224,72,2,18,197,197,40,4,189,32,40,142,128,29,28,248,12
3,192,0,140,4,145,140,37,4,64,80,199,32,8,50,192,64,0,19,5,197,8,4,157,32,32,138,128,28,12,184,12
3,193,0,140,4,128,12,37,4,64,80,199,32,8,50,64,64,2,19,133,212,8,4,149,32,32,138,192,28,12,184,92
2,131,0,140,148,193,148,231,6,5,88,163,32,44,32,64,72,18,131,129,82,40,0,157,40,4,142,195,20,8,180,10
2,129,8,140,4,128,140,39,4,0,88,2,48,42,48,64,72,34,19,129,80,136,0,157,32,32,138,192,20,8,176,8
3,201,1,140,148,145,140,229,68,64,80,198,32,40,176,224,72,34,19,197,213,40,4,189,40,32,142,128,29,28,184,12
2,129,0,136,149,193,144,39,6,1,72,34,40,158,32,64,72,27,147,129,82,8,16,221,41,36,138,67,20,8,180,10
3,193,96,204,4,144,140,101,68,64,80,2,32,8,182,96,72,0,18,193,197,40,36,221,34,40,138,128,21,28,240,76
3,193,0,140,4,144,140,37,4,64,80,199,32,8,50,224,64,0,19,133,197,8,4,157,32,32,142,128,29,28,184,12
3,195,34,140,20,145,140,101,4,68,82,199,32,8,50,64,72,34,19,133,214,136,4,221,32,32,138,192,28,12,184,92
3,192,34,136,4,145,140,229,4,68,80,135,32,8,178,64,72,8,19,197,199,42,36,253,32,0,138,192,29,28,184,220
130,131,32,156,132,129,140,37,20,4,80,151,32,8,50,64,72,2,3,5,244,12,4,159,32,32,142,192,28,12,184,72
2,151,18,136,151,224,184,99,4,9,90,162,12,62,32,64,239,19,147,145,18,136,16,213,9,36,138,195,149,72,181,19
130,0,146,153,52,160,56,2,60,11,82,18,172,130,32,72,227,43,19,144,34,156,0,199,4,54,154,194,144,0,33,1
2,193,0,136,132,129,140,37,4,0,80,2,32,10,32,64,72,2,19,128,80,40,0,149,32,32,142,192,20,24,176,8
3,201,2,140,20,145,142,229,68,64,80,199,40,8,178,224,72,43,19,197,199,40,4,253,32,0,142,192,29,28,184,140
130,0,146,153,51,164,56,66,62,27,82,18,140,150,32,72,231,25,51,144,50,156,2,215,13,54,154,194,148,4,33,17
2,135,32,136,150,209,156,99,4,69,88,163,12,46,50,64,110,19,147,133,214,8,36,213,40,0,138,193,21,12,181,85
0,129,6,157,20,131,12,39,20,1,90,2,32,40,48,65,64,38,51,161,80,152,65,157,36,38,218,0,20,8,176,8
3,205,4,156,132,145,140,167,84,82,80,199,32,40,50,65,73,66,19,199,245,76,4,189,32,34,222,192,28,28,184,28
56,8,106,108,68,147,194,112,69,128,117,2,115,201,181,32,88,168,22,106,200,178,36,156,82,233,160,136,119,171,112,160
3,201,34,136,124,128,172,228,142,81,80,135,172,142,50,96,234,9,27,197,198,9,6,245,36,48,142,200,20,28,177,221
130,48,146,153,112,164,184,64,190,25,82,50,140,134,96,72,231,57,147,144,18,156,2,209,5,20,154,194,144,0,33,129
3,14,34,157,20,163,170,66,20,69,90,135,32,8,51,64,108,40,147,133,134,156,69,191,4,38,154,128,156,13,56,92
0,145,122,201,246,130,253,115,36,1,126,162,24,55,164,96,126,154,19,168,144,152,37,221,110,169,170,192,117,136,225,161
2,131,32,136,20,129,140,37,4,68,80,135,32,14,50,64,76,3,147,133,214,8,4,213,40,32,138,193,28,12,180,88
2,48,144,152,123,229,144,66,158,27,16,50,140,158,96,72,199,27,151,16,2,15,146,210,25,22,26,235,144,72,37,147
7,4,162,129,54,178,170,66,108,65,91,71,140,200,182,224,255,43,19,149,151,184,4,198,12,62,154,192,157,14,57,149
34,216,96,218,87,209,154,224,23,0,84,163,40,221,37,4,94,57,147,210,34,38,62,255,11,6,139,163,87,15,52,222
6,139,32,138,156,193,142,229,134,5,88,131,96,238,58,64,92,75,131,213,82,8,10,245,56,4,142,233,20,15,180,72
83,203,2,140,28,129,142,101,132,68,210,135,32,136,50,64,72,163,159,197,206,11,6,253,176,36,142,152,29,12,184,92
33,201,103,222,92,145,166,229,196,64,240,66,32,200,180,164,104,34,18,73,195,171,38,253,34,44,130,8,87,26,240,172
6,207,0,154,148,129,14,229,6,5,89,135,96,104,58,64,89,67,147,199,214,8,12,181,40,38,142,192,28,14,184,88
2,167,32,136,223,193,152,103,134,5,88,163,0,140,98,64,75,27,131,145,18,11,2,213,57,4,154,235,149,12,180,194
50,9,82,236,100,142,126,113,41,8,120,2,47,105,52,80,238,171,6,194,72,187,0,237,50,249,2,130,119,170,96,137
0,177,122,200,83,197,189,245,143,25,116,34,60,151,36,16,238,27,19,128,82,11,50,213,115,137,2,106,83,0,163,171
3,200,0,142,4,145,142,165,68,64,80,199,32,8,178,224,72,32,18,197,197,40,12,189,32,32,142,128,28,30,184,12
35,201,99,204,92,145,175,101,196,64,240,66,40,200,180,228,104,40,18,201,199,171,38,253,50,40,138,136,87,158,240,236
3,131,34,140,148,145,140,103,4,69,88,199,40,40,182,64,76,35,19,197,214,136,4,221,32,32,142,192,29,12,184,220
35,72,107,204,4,16,139,208,68,64,84,66,48,8,183,100,72,96,19,203,193,160,36,189,0,40,138,128,85,185,112,108
7,203,0,138,132,145,142,232,4,64,81,135,64,72,58,64,88,66,19,231,214,40,12,181,32,32,142,192,29,15,152,84
2,157,90,204,82,194,191,119,36,5,126,162,57,55,160,64,110,187,19,136,80,154,0,253,98,45,170,129,55,192,164,187
19,201,98,174,20,145,238,103,5,64,216,199,41,200,50,64,126,171,23,199,222,171,4,253,176,105,138,136,61,14,184,220
134,207,32,138,148,161,142,239,6,5,24,183,96,108,59,64,93,66,131,245,242,8,12,191,40,4,143,197,148,94,148,88
56,72,98,254,84,129,74,244,85,0,244,10,51,137,53,80,104,168,23,203,202,190,64,189,114,201,160,136,119,157,112,136
130,143,32,156,148,131,142,239,20,166,88,151,96,108,50,65,93,98,147,165,240,140,5,159,40,6,143,193,20,108,148,72
27,201,98,174,86,146,220,117,69,64,208,199,41,108,182,96,126,171,151,229,221,171,4,221,178,105,170,136,61,142,185,221
33,200,99,204,84,129,199,244,69,0,112,66,48,8,181,100,72,104,18,202,195,168,52,189,32,40,130,0,117,153,112,172
2,132,6,141,20,162,160,99,20,33,90,18,32,40,48,64,88,46,51,1,16,152,65,143,4,38,154,192,148,8,48,8
2,149,50,216,183,181,184,66,222,25,88,2,140,158,100,96,231,27,147,145,146,8,34,213,11,28,154,202,144,12,33,135
56,0,98,225,4,2,232,72,65,0,242,2,75,9,60,64,120,133,21,161,136,178,1,136,146,233,162,132,39,168,112,128
130,143,32,157,148,131,142,39,20,166,90,151,32,46,50,64,93,39,147,165,240,156,65,191,44,38,159,193,20,108,180,88
3,142,34,157,20,138,172,39,60,71,90,151,160,40,50,64,105,38,19,133,244,152,69,239,36,54,222,128,12,76,152,88
3,156,51,157,19,182,184,103,124,73,90,114,172,62,52,228,230,51,146,133,181,184,53,223,39,62,26,194,29,4,169,29
3,141,99,220,20,147,142,111,84,64,88,66,96,104,180,228,88,34,19,169,229,168,36,159,32,46,138,128,21,44,240,108
2,156,115,221,19,242,187,103,60,65,90,242,44,190,164,228,102,59,147,129,147,152,52,255,13,38,154,194,151,4,37,125
3,193,2,140,20,145,140,229,68,64,80,199,32,8,182,192,72,34,19,197,198,168,4,253,32,40,138,192,29,28,248,140
130,0,2,152,80,163,40,66,52,1,210,146,8,6,48,72,126,153,19,145,2,158,1,213,20,38,154,192,148,4,33,136
130,160,226,153,114,129,184,64,31,81,80,151,140,142,114,72,239,9,151,149,162,20,6,211,12,20,154,200,148,4,33,209
60,0,106,238,68,2,107,80,68,128,119,2,81,73,177,96,120,164,23,170,136,176,4,8,66,233,162,0,103,171,112,160
50,48,98,200,87,99,248,66,5,65,248,163,8,159,53,8,104,153,151,177,18,183,16,194,23,12,154,139,183,12,118,210
34,0,86,201,66,131,248,64,45,16,114,130,8,142,36,89,110,153,151,144,2,147,0,192,22,40,138,192,117,128,32,129
2,131,82,136,112,192,184,67,173,13,120,161,140,158,32,80,238,59,159,128,82,11,0,212,148,16,138,203,20,4,167,147
34,18,34,137,86,227,176,66,22,5,208,167,0,142,33,72,124,188,163,145,18,154,1,220,20,36,154,195,149,12,52,211
131,205,0,156,132,129,142,167,20,66,88,215,32,40,50,193,72,2,19,199,229,8,4,191,32,38,158,128,28,92,184,92
61,8,98,237,68,146,234,80,69,192,119,135,123,13,179,96,122,224,23,239,140,178,36,172,66,233,160,128,127,175,120,192
2,48,148,152,106,129,184,64,138,24,16,32,140,158,96,11,134,25,219,16,2,67,130,208,4,16,90,170,16,0,3,131
3,132,19,153,246,184,184,71,238,73,122,84,172,138,180,224,231,43,18,25,151,184,34,215,14,60,26,194,156,0,169,133
61,8,98,172,68,147,74,112,69,192,241,131,35,12,179,112,120,168,23,231,140,178,100,188,146,233,160,128,55,191,112,192
6,205,128,154,148,161,142,231,22,131,24,2,96,232,121,65,89,106,19,211,114,72,8,191,40,6,159,224,148,123,176,8
33,72,101,79,84,147,195,112,69,96,116,66,32,73,181,37,72,168,18,106,193,186,100,189,54,10,129,0,119,158,112,172
3,201,99,76,22,147,175,244,68,64,112,194,104,76,181,228,126,112,18,235,193,168,36,253,32,40,130,128,87,158,97,188
3,193,0,140,4,145,140,165,68,64,80,199,32,8,50,224,72,2,19,5,197,40,4,157,32,32,142,192,29,12,184,28
26,149,18,232,211,164,56,119,45,9,78,18,44,183,32,68,230,59,147,144,18,152,18,215,251,237,26,74,50,0,161,155
114,104,2,172,28,129,74,232,133,0,208,10,35,200,49,80,88,232,93,227,74,35,136,189,176,224,139,184,52,43,50,8
2,135,34,137,144,131,184,103,4,5,90,167,40,46,50,64,108,51,131,133,82,152,0,221,40,36,138,193,20,12,180,88
3,193,0,140,148,129,140,165,4,0,80,199,32,40,50,64,72,34,19,197,214,8,4,221,32,32,142,192,28,12,184,28
35,201,101,154,92,145,134,236,212,64,80,66,96,72,188,161,88,42,18,227,247,42,46,189,40,10,142,192,93,30,248,140
3,195,2,136,20,129,140,229,4,4,80,199,32,8,50,64,76,3,147,197,214,136,4,221,32,32,142,192,29,28,184,156
2,143,34,136,144,195,152,103,4,5,90,163,32,46,50,64,76,51,147,133,82,136,0,221,40,4,142,193,20,12,180,72
3,201,99,140,20,145,142,229,68,64,80,66,32,8,180,228,72,34,18,69,199,40,36,189,32,40,138,128,93,12,248,76
2,135,6,156,156,128,140,103,132,5,90,135,40,46,50,65,76,51,171,133,82,137,2,253,32,34,154,193,20,12,180,72
2,149,18,136,147,224,185,99,12,1,74,178,12,62,32,64,235,19,147,145,18,136,16,223,41,38,154,195,148,68,165,18
3,192,0,140,4,145,140,165,68,64,80,199,32,8,178,224,72,0,18,197,197,40,4,189,32,32,142,128,29,28,184,28
3,131,40,140,148,145,140,103,4,69,88,135,40,44,182,64,76,35,147,197,214,136,4,221,32,32,142,193,29,12,184,220
3,203,2,140,4,16,142,181,4,64,80,199,32,8,178,196,64,98,19,207,197,136,4,253,32,32,142,128,30,28,184,28
3,129,2,140,20,147,140,101,4,64,82,199,32,8,178,224,72,35,19,133,213,136,4,221,32,32,138,128,29,12,184,92
2,131,32,136,148,129,140,101,4,5,80,135,32,42,50,64,76,2,147,133,214,8,4,213,40,32,138,192,20,12,176,64
2,0,2,153,32,128,40,64,28,17,82,147,140,142,48,72,111,25,147,149,2,148,0,209,4,54,154,192,148,4,33,208
3,201,0,140,20,145,142,165,68,64,80,199,48,40,178,224,72,98,18,197,197,168,4,189,32,32,142,128,29,28,184,28
2,147,114,136,150,145,184,99,4,65,88,163,8,30,52,96,110,27,147,129,210,136,36,213,32,32,138,194,21,12,181,149
2,132,2,137,22,161,168,35,12,1,90,2,44,138,48,64,98,43,19,145,18,184,0,223,4,36,154,192,21,8,177,1
3,193,0,140,4,128,140,37,4,68,80,135,32,8,50,64,72,2,19,133,212,8,4,157,32,32,138,192,28,12,184,92
2,129,2,136,82,129,188,101,4,1,80,131,44,14,32,64,110,19,19,132,82,136,0,221,40,32,138,192,21,8,161,153
3,147,34,136,150,129,156,231,4,69,88,167,44,46,50,64,110,3,147,133,214,8,4,221,40,32,142,194,29,12,185,93
2,135,2,136,146,193,24,103,4,5,88,163,40,38,32,64,110,59,131,128,82,136,0,221,40,36,138,195,20,4,165,75
3,201,2,140,20,145,142,101,68,65,80,199,32,8,178,192,72,34,19,197,215,136,4,253,32,32,138,192,29,12,184,156
2,135,34,136,150,128,188,103,12,69,90,135,44,14,50,64,110,3,147,133,214,136,4,221,40,32,138,192,29,12,177,216
2,193,0,136,20,129,140,229,6,1,80,2,32,136,48,64,72,42,19,193,66,8,0,189,32,32,138,192,20,8,176,8
3,193,34,136,20,145,140,229,68,64,80,130,40,12,182,96,76,11,19,197,199,40,36,253,32,8,142,192,21,28,176,236
2,193,0,136,132,129,140,37,4,0,80,2,0,8,48,64,72,2,19,1,64,40,0,149,32,32,142,192,20,8,144,8
35,201,2,138,20,145,142,229,68,64,80,199,32,72,182,224,72,42,19,199,199,168,4,253,32,40,142,192,29,30,248,156
3,195,0,140,20,128,140,37,4,68,80,135,32,8,50,64,76,2,19,133,214,8,4,213,32,32,138,192,28,12,184,92
2,149,18,156,147,228,48,103,60,1,74,18,44,54,32,64,227,59,147,128,50,136,16,223,41,38,26,67,144,0,165,10
40,72,106,72,84,131,199,124,68,0,116,10,51,201,181,32,88,168,23,106,202,162,36,29,114,137,161,40,117,186,112,168
0,129,0,140,20,129,132,101,4,0,80,2,32,8,48,64,72,34,2,1,82,168,0,157,32,32,142,64,20,8,176,8
60,0,114,236,102,154,250,80,73,136,117,2,107,201,181,48,122,168,23,107,136,178,32,204,86,249,160,128,119,171,112,129
2,33,82,136,242,168,184,67,173,1,120,2,172,138,32,80,230,187,23,145,18,169,0,213,28,20,26,202,148,0,161,129
2,135,32,136,148,225,152,99,6,5,88,163,0,14,50,64,77,3,147,149,18,8,4,213,40,4,138,193,149,12,180,80
2,50,18,137,66,192,184,64,44,21,82,163,140,158,96,72,110,153,147,144,2,146,0,192,20,0,154,203,149,4,37,211
56,0,98,105,84,19,232,80,85,0,118,2,27,137,181,8,120,168,23,184,136,182,36,136,86,205,160,0,119,136,112,128
2,2,34,153,18,162,56,2,52,5,82,151,168,134,50,72,110,59,179,149,146,152,65,198,4,38,154,192,148,4,37,216
33,72,106,76,76,145,235,80,196,64,84,10,48,201,181,100,88,168,18,235,193,179,36,221,80,8,162,168,119,187,112,164
3,149,115,136,151,245,185,99,78,65,90,35,44,190,54,100,227,27,147,145,151,136,52,213,43,60,154,195,151,4,181,247
3,4,34,157,20,163,168,35,28,65,90,87,160,40,54,64,72,46,19,133,149,152,69,223,4,62,154,192,156,12,24,12
37,8,107,78,68,2,203,80,68,192,119,2,112,73,181,100,88,96,18,234,129,160,44,232,64,40,163,128,117,187,112,160
2,149,122,200,215,224,177,103,76,1,126,34,60,57,36,100,238,59,147,1,19,184,48,221,107,44,18,67,85,8,165,171
2,142,0,156,148,130,142,239,22,7,88,151,96,102,58,64,93,67,131,165,114,8,8,191,40,38,143,197,20,108,180,88
33,200,104,94,84,129,195,244,86,64,116,2,48,201,181,100,88,104,18,74,195,40,46,189,98,13,162,8,85,155,112,168
19,203,2,136,92,129,142,229,134,64,208,199,40,138,50,64,76,171,19,197,198,11,6,253,176,32,142,168,28,28,184,220
2,195,32,142,148,129,142,165,4,4,81,135,96,72,58,64,88,66,19,71,210,8,12,181,40,32,142,192,28,30,184,76
2,193,32,136,132,129,140,37,68,0,80,2,32,8,48,64,72,2,19,129,208,40,0,149,32,32,142,192,20,8,176,8
3,193,0,136,132,129,132,37,4,68,80,135,0,4,50,64,72,2,3,5,212,8,4,149,32,32,142,192,20,28,176,80
3,205,167,156,20,144,142,167,84,65,88,70,32,168,180,228,72,98,50,197,199,168,38,253,32,46,158,128,29,28,248,44
2,200,2,136,20,129,138,96,4,0,80,2,32,136,48,64,72,40,19,193,66,168,0,253,32,0,138,128,21,8,48,136
3,195,0,136,132,128,132,37,4,4,16,135,0,0,50,64,76,2,131,133,84,8,0,133,40,32,142,192,28,12,176,80
3,193,32,140,4,145,140,165,68,64,80,131,32,12,50,96,72,0,19,133,196,8,36,149,32,32,142,192,20,12,176,92
34,0,98,201,84,131,168,64,68,0,114,2,8,8,52,64,104,41,19,177,130,184,1,221,4,40,138,192,85,8,112,128
3,197,2,140,20,144,140,231,4,64,88,199,32,8,178,192,72,34,19,133,199,168,4,223,32,36,142,128,29,12,184,28
3,205,6,156,148,16,140,167,84,64,88,199,32,40,179,225,64,98,19,133,229,136,4,253,32,38,222,128,28,92,184,76
2,195,0,136,132,129,132,101,4,4,80,135,32,0,50,64,72,2,2,5,82,40,0,149,32,32,138,192,28,12,144,88
2,131,32,140,4,129,140,101,4,4,80,130,32,8,48,64,72,0,19,129,210,8,4,149,32,32,138,193,21,12,180,0
2,132,34,136,20,161,168,98,68,1,90,2,32,8,48,64,104,42,19,145,146,184,0,221,0,36,138,192,21,8,48,136
18,0,82,128,70,0,184,64,8,0,48,2,12,138,112,0,110,137,19,129,0,3,0,192,16,0,138,136,21,0,33,129
2,193,32,140,4,128,140,37,4,0,80,130,32,12,48,64,72,0,19,129,208,8,0,149,32,32,138,192,20,12,176,8
3,204,99,140,20,145,138,230,68,64,88,198,32,8,180,228,72,34,18,207,199,168,36,253,32,46,138,128,29,28,112,204
0,193,0,136,4,129,132,101,4,0,80,2,32,0,32,64,72,2,2,0,82,8,0,149,32,32,138,64,20,8,144,8
131,199,0,140,132,145,140,167,20,66,88,215,32,8,50,64,65,3,19,133,244,12,4,159,32,32,142,192,28,12,184,28
131,193,0,140,4,144,140,165,68,64,80,70,32,8,182,224,72,32,18,197,229,40,4,157,32,40,142,128,29,28,184,12
131,0,54,217,102,152,184,64,252,81,86,18,140,138,246,109,106,9,51,153,135,212,38,193,4,24,218,192,148,12,57,228
3,193,0,140,132,145,140,165,4,64,80,199,32,8,50,192,72,2,19,133,213,8,4,157,32,32,142,192,28,12,184,28
0,136,132,158,20,131,10,160,22,146,80,2,96,98,32,65,81,98,34,66,98,72,10,189,40,34,207,0,20,40,48,8
3,0,38,136,76,3,40,64,132,64,210,135,0,140,50,74,104,36,91,165,132,147,5,192,20,32,138,136,20,12,48,208
18,18,98,225,6,66,120,80,33,36,242,167,11,15,52,80,126,149,149,161,136,178,5,192,146,233,138,133,39,164,116,80
118,18,82,128,70,66,248,64,33,4,242,171,14,14,32,80,126,149,143,160,8,163,0,200,144,160,138,151,37,40,38,19
2,135,0,136,146,225,136,35,6,5,88,163,0,46,34,64,77,19,131,149,18,8,0,213,8,36,138,193,148,76,180,80
3,201,0,140,4,144,140,165,68,64,80,199,32,8,182,224,72,2,18,197,197,40,4,189,32,40,142,128,29,28,248,28
3,193,0,140,4,145,140,229,68,64,80,71,32,8,50,192,72,0,18,133,197,40,0,157,32,32,142,192,28,28,184,12
2,129,2,140,148,128,12,37,4,0,82,2,32,42,32,64,64,34,19,0,80,136,0,157,32,32,138,128,20,8,176,8
60,0,98,236,68,18,200,88,69,128,247,2,83,73,60,64,120,140,23,168,136,178,36,136,82,233,160,132,119,170,112,128
3,193,34,140,20,145,140,101,68,64,80,2,40,8,54,96,72,3,19,129,214,168,36,213,32,40,138,192,21,12,240,76
32,192,64,136,84,129,198,229,5,0,112,2,32,8,52,0,72,136,2,64,66,42,0,189,32,8,138,96,85,24,240,136
2,134,0,136,150,225,152,66,6,5,88,163,12,158,32,64,79,27,147,145,18,8,0,213,8,4,138,227,148,12,53,210
3,195,34,140,20,145,140,229,68,64,80,199,32,8,50,192,72,3,147,133,199,136,4,221,32,32,138,192,29,12,184,92
2,135,2,136,146,160,56,99,12,69,88,135,12,6,50,64,102,19,147,149,18,136,0,213,40,32,138,192,20,4,165,81
3,201,0,140,4,145,140,165,4,64,80,70,32,8,176,224,72,2,18,193,197,40,4,189,32,32,142,192,29,28,184,12
130,16,18,153,35,132,56,64,62,25,82,50,140,150,32,73,231,25,147,144,34,148,2,211,4,6,26,194,148,0,33,131
55,0,98,206,68,147,194,80,69,0,117,2,99,72,189,96,88,160,22,107,140,162,36,156,18,104,128,128,119,175,112,132
3,193,0,136,4,145,140,101,68,64,80,199,32,10,50,192,72,3,19,133,215,8,4,221,32,32,138,192,29,12,184,12
2,129,32,140,20,129,12,165,4,0,80,199,32,8,50,64,72,3,19,133,210,8,4,221,32,32,142,192,28,12,184,24
34,0,18,152,100,129,248,64,143,16,112,2,140,138,96,9,202,9,23,144,2,50,2,208,4,16,138,168,84,8,97,128
2,131,32,140,20,129,12,39,4,5,88,135,32,12,50,64,76,34,19,133,210,136,0,221,32,32,138,192,20,12,176,88
3,193,2,140,4,144,140,37,4,64,80,199,32,8,178,224,72,35,19,197,197,40,4,221,32,32,142,128,29,28,184,28
3,131,2,136,148,128,140,101,4,68,80,135,32,8,50,64,72,34,19,133,214,136,4,213,32,32,138,192,29,12,184,92
3,200,67,140,4,145,142,228,68,64,80,66,32,8,180,228,72,96,18,207,197,168,36,189,32,40,138,128,29,28,112,108
130,16,148,152,11,229,16,66,30,27,0,50,12,182,96,73,225,27,163,16,34,68,18,210,9,18,90,43,144,72,37,147
3,195,0,140,148,144,140,37,4,4,80,135,32,40,50,64,72,34,147,133,212,8,4,221,32,32,142,192,29,12,184,92
3,193,32,136,20,145,172,229,68,64,80,199,40,10,50,64,76,1,19,197,197,8,4,213,32,32,142,192,29,12,184,92
3,203,0,140,148,129,140,167,4,0,88,199,32,40,50,64,64,34,19,69,212,8,4,189,40,32,142,192,28,12,184,8
130,48,144,152,19,229,16,66,30,27,64,51,12,158,96,72,237,25,147,145,50,76,18,210,9,22,26,235,144,12,37,211
3,200,43,136,4,145,142,100,68,64,84,66,32,8,182,100,72,32,18,205,199,40,36,189,32,40,138,128,29,28,120,108
5,72,99,78,4,2,139,16,68,192,87,66,112,64,181,100,88,100,18,234,129,160,44,232,0,40,163,128,85,187,112,100
3,137,2,140,148,128,172,103,68,64,90,199,32,40,50,64,104,34,18,197,213,184,4,221,32,32,138,128,28,12,184,76
3,205,0,140,20,144,142,231,68,64,88,199,32,40,50,224,72,34,19,197,197,136,4,253,32,32,142,128,28,28,184,28
40,201,74,232,84,129,207,245,4,0,84,2,49,137,176,0,72,170,23,200,74,170,0,189,98,201,164,136,119,152,240,136
60,0,98,229,4,2,104,80,65,128,214,2,9,11,176,64,120,164,21,169,136,176,5,136,210,233,162,132,39,168,112,128
1,201,105,172,4,128,143,164,68,64,80,67,49,8,48,96,72,96,19,197,192,168,4,61,96,40,174,128,21,24,112,104
3,129,3,140,22,144,172,101,4,64,82,194,40,14,180,224,110,51,19,197,215,168,36,221,32,40,138,192,29,12,185,12
56,201,98,236,84,129,198,244,69,64,112,2,35,137,48,0,72,168,23,65,202,170,4,189,50,201,160,8,119,156,112,136
2,20,144,152,165,36,188,3,30,27,24,48,140,190,96,72,197,19,179,17,50,76,18,210,13,22,222,130,144,72,177,147
22,8,114,228,70,2,234,80,97,128,114,2,41,11,53,64,110,225,23,195,136,176,0,232,146,232,130,128,39,161,112,128
2,134,2,152,50,225,184,66,28,69,88,179,44,142,32,64,231,59,147,145,18,136,0,215,0,20,154,195,148,4,37,211
51,72,98,206,68,147,202,112,69,64,116,2,33,72,181,100,72,168,22,202,205,162,36,253,18,105,130,136,119,143,112,172
34,202,96,200,84,193,138,228,5,68,112,163,32,140,180,0,72,185,147,195,66,42,4,253,34,0,138,161,85,28,116,200
130,0,18,153,116,128,184,64,156,1,80,18,140,138,52,72,106,41,19,145,2,148,2,195,4,28,154,200,149,8,49,128
2,193,1,140,20,129,140,37,4,0,80,66,32,10,48,192,72,3,19,129,81,8,0,213,32,32,138,192,28,8,184,8
2,133,34,137,148,161,168,35,12,65,90,131,172,46,48,64,110,11,19,149,146,152,69,213,12,20,138,192,149,12,177,208
35,72,99,204,84,147,139,116,68,64,84,66,48,72,181,228,88,40,18,235,193,170,36,157,34,40,138,128,87,158,112,172
1,73,3,140,20,130,142,184,68,192,82,70,113,64,177,228,88,100,18,111,193,160,12,29,32,32,175,128,28,186,48,44
0,177,152,184,252,165,177,83,138,25,12,8,148,147,96,8,205,27,2,24,18,10,210,80,77,149,186,104,144,72,163,131
0,129,18,136,181,141,184,101,12,1,112,2,172,136,52,64,202,11,2,1,82,184,16,213,45,24,10,64,80,8,225,136
3,195,34,136,20,129,140,103,4,69,88,135,40,14,50,64,76,43,147,197,214,136,4,221,32,32,138,193,29,12,176,216
38,16,34,136,87,227,176,64,68,1,89,2,0,216,48,72,88,56,147,145,2,162,16,156,1,4,138,75,149,10,116,130
18,2,34,172,20,131,200,96,5,4,210,135,33,12,50,64,92,161,159,165,200,137,1,157,144,96,138,145,52,12,52,88
34,24,10,136,86,195,153,112,4,0,84,163,48,31,33,68,78,57,19,193,2,138,16,221,65,32,138,0,53,8,53,250
26,20,90,172,66,160,184,114,4,3,120,162,57,63,36,64,110,187,151,128,8,150,0,223,82,237,170,130,53,192,36,147
131,12,98,218,20,176,170,66,84,65,87,18,104,72,182,96,108,33,19,137,182,172,36,239,2,46,154,192,149,15,113,196
