2,131,32,136,132,129,12,39,4,68,88,135,0,44,50,64,64,2,131,69,208,8,4,149,32,32,142,193,20,92,148,88
60,8,2,174,4,0,130,80,0,128,81,2,99,64,33,0,72,96,4,66,8,130,8,169,128,225,162,0,53,43,16,128
0,131,160,128,148,64,132,37,66,69,16,163,0,44,54,64,72,2,131,21,22,40,4,128,40,4,134,65,148,12,148,86
52,168,0,138,28,129,2,192,134,0,145,2,32,192,33,64,88,40,10,82,66,3,10,189,176,4,131,120,20,11,16,136
2,48,144,152,251,165,56,66,142,9,88,50,12,150,96,72,231,27,147,144,18,9,2,210,25,20,26,234,144,0,33,131
3,195,0,128,132,0,140,165,0,4,16,135,0,8,50,64,64,2,3,5,84,8,4,132,40,0,142,192,20,28,144,72
24,0,2,161,4,2,224,8,4,32,210,2,11,8,16,0,120,4,4,161,8,176,1,128,128,193,162,4,37,8,48,0
128,32,146,153,36,129,56,64,158,27,80,16,140,130,96,73,199,9,19,144,34,100,2,210,4,16,26,72,148,8,33,129
3,193,32,140,132,145,4,37,68,68,80,7,0,8,50,64,64,0,19,133,212,8,36,149,32,32,142,192,28,28,184,92
2,147,0,136,147,193,24,35,4,69,72,167,12,22,32,64,70,19,147,128,82,8,16,213,41,0,138,195,20,12,165,82
2,129,0,136,147,197,28,33,4,1,64,2,8,62,32,64,224,19,19,129,80,8,16,213,41,32,138,67,20,12,177,2
1,195,2,140,148,145,44,101,68,0,80,71,32,2,34,64,72,42,2,196,214,136,4,221,32,32,134,64,28,12,184,28
2,131,32,132,144,129,12,167,4,68,24,135,32,44,50,64,72,2,131,5,208,8,4,157,40,0,142,193,20,12,148,88
0,193,0,140,4,129,4,37,4,0,80,2,0,0,48,64,64,0,2,129,80,8,0,149,32,32,142,64,20,8,176,8
2,183,18,137,243,225,184,66,142,25,88,163,140,158,96,72,231,27,147,144,18,152,2,213,13,20,154,203,148,64,37,147
57,64,99,76,68,147,201,120,69,64,118,66,83,72,188,228,88,168,22,104,201,178,37,157,34,72,160,128,119,174,112,164
2,144,2,153,115,224,184,66,142,21,88,179,172,150,32,72,98,25,131,144,2,136,2,209,4,20,154,235,148,4,37,146
84,104,6,142,28,129,10,64,134,128,209,2,96,200,33,66,64,108,106,66,2,3,138,185,144,32,139,56,20,43,16,0
163,205,106,78,84,147,207,246,85,64,124,2,48,72,183,36,72,98,18,203,231,174,36,191,34,8,132,128,87,158,112,236
35,205,98,156,4,147,142,231,84,64,92,198,32,40,182,229,72,98,18,205,229,168,36,253,34,42,222,128,29,28,248,220
50,89,82,238,99,132,86,117,9,8,112,34,46,91,37,80,238,187,151,66,64,186,0,253,51,248,2,138,115,50,98,139
2,131,0,136,148,161,8,35,4,5,24,131,0,46,34,64,76,19,131,148,18,8,0,149,8,0,138,193,148,12,148,64
35,72,103,220,84,147,170,240,196,64,82,198,120,200,181,228,120,104,18,207,197,176,38,253,32,40,138,128,95,191,112,252
82,0,0,161,4,10,72,8,5,32,146,2,10,8,16,64,104,133,12,129,8,176,65,192,144,128,138,148,37,8,16,0
3,131,0,136,148,129,12,37,4,4,80,135,0,0,50,64,64,3,131,5,84,8,0,149,40,32,142,192,20,12,144,80
3,144,51,217,49,189,184,66,254,9,114,112,172,154,164,236,135,43,2,24,179,184,34,215,15,62,26,194,210,0,105,173
39,72,103,205,68,130,235,80,69,192,116,66,48,193,181,101,124,232,18,238,193,178,36,236,36,40,162,128,119,187,112,236
2,135,0,128,148,225,8,35,4,5,24,163,0,46,32,64,72,19,147,145,18,8,0,149,40,0,142,193,148,76,180,64
0,150,134,156,20,195,0,107,22,163,82,34,96,248,32,64,89,60,162,32,34,220,3,159,8,38,155,71,148,40,52,10
6,16,114,78,111,216,178,64,236,0,245,34,108,216,181,100,230,57,218,35,132,163,166,201,19,40,2,139,85,35,101,167
66,40,50,206,108,153,178,0,236,8,211,2,172,216,53,96,162,40,123,67,130,33,162,249,20,56,10,154,68,47,81,143
4,77,128,130,148,32,14,134,6,1,24,2,0,40,32,64,65,66,2,82,16,8,8,164,40,4,142,64,148,91,144,0
2,149,19,152,115,164,185,103,60,9,90,112,172,182,36,68,231,59,19,144,19,152,0,223,12,62,26,194,144,64,161,169
2,141,2,136,146,227,24,39,4,1,74,163,40,38,32,64,79,51,147,161,48,152,0,223,40,38,142,195,148,4,181,26
10,149,26,168,243,164,57,115,44,9,94,2,60,182,32,64,230,59,147,144,18,153,2,223,121,53,58,202,16,0,161,155
64,201,132,141,28,0,2,172,134,145,144,2,160,224,65,66,72,68,106,80,66,9,195,161,44,36,135,92,20,57,48,8
3,192,33,140,4,17,142,164,68,64,84,66,32,8,182,228,72,64,18,77,197,40,36,189,34,40,142,128,29,28,120,108
35,205,99,78,84,147,199,248,69,0,124,66,96,200,180,164,88,232,18,106,227,170,44,253,34,44,128,136,87,155,112,172
18,149,22,156,147,196,60,103,12,1,74,2,44,182,32,64,230,59,147,128,82,136,18,221,169,166,154,66,16,0,161,26
2,157,18,138,146,193,62,39,4,1,89,162,44,54,32,64,102,51,147,128,82,136,0,253,40,36,138,195,20,2,165,27
33,201,97,136,20,147,142,237,68,64,80,66,32,72,190,160,88,2,18,101,199,40,36,189,32,8,142,68,93,30,248,204
35,201,97,137,20,147,134,237,68,64,80,66,32,8,182,160,88,0,18,103,199,56,37,189,32,8,142,132,93,28,248,204
3,193,0,140,4,145,140,165,4,64,80,199,32,8,50,64,64,0,19,69,197,8,4,157,32,32,142,128,28,28,184,28
3,193,32,140,4,16,140,37,68,64,80,71,32,8,50,64,64,0,19,5,213,8,4,157,32,32,142,128,28,28,184,12
3,193,0,142,4,129,142,165,4,64,81,199,32,8,50,64,64,2,19,7,212,8,12,181,32,32,142,192,28,14,184,92
2,136,166,221,28,146,168,40,86,209,83,2,96,200,180,96,88,44,51,1,130,240,167,157,8,42,203,204,21,44,112,68
3,193,0,140,132,129,140,37,4,64,80,199,32,8,50,64,64,0,19,5,212,8,4,149,32,32,142,128,28,28,184,92
3,192,32,136,4,145,140,165,68,64,80,71,32,8,50,224,72,0,18,5,197,40,4,149,32,32,142,128,29,28,184,76
61,13,106,78,84,179,195,112,69,64,125,66,115,200,183,228,88,168,22,106,141,178,36,157,82,109,160,128,119,175,112,228
2,131,0,140,148,129,12,33,4,4,80,135,0,12,50,64,64,2,147,133,80,8,0,149,32,32,138,192,28,12,176,80
34,129,98,140,4,129,140,101,68,64,82,3,32,8,54,64,72,34,19,5,208,168,4,157,32,40,138,128,85,12,240,200
3,197,35,136,148,145,173,231,68,64,88,66,40,8,182,100,106,43,19,197,215,168,36,255,32,40,142,192,21,28,241,236
40,201,106,200,84,129,206,245,68,0,116,2,49,137,180,96,72,170,19,200,194,170,36,253,98,41,166,200,119,152,240,136
3,197,99,204,20,145,173,231,68,65,90,66,32,8,180,228,104,42,19,193,195,168,36,221,32,40,138,192,85,12,240,236
130,133,34,156,144,130,44,103,20,64,90,151,40,42,50,65,108,35,147,133,240,152,0,223,32,38,154,128,28,4,184,88
0,201,0,140,20,129,132,229,4,0,80,2,32,0,32,64,72,42,2,64,66,40,0,157,32,0,134,32,21,8,144,136
1,192,0,140,4,145,6,165,68,64,80,199,32,0,50,224,72,64,18,69,197,8,4,181,32,32,142,0,28,28,184,28
2,131,0,136,148,193,8,97,4,5,16,162,0,14,32,64,72,19,131,144,82,8,0,213,40,0,142,195,148,12,148,2
2,129,0,136,148,193,8,97,4,0,16,131,8,14,48,64,72,19,147,145,82,8,0,149,40,0,138,193,20,12,180,66
0,193,0,140,132,129,4,165,4,0,16,2,32,32,32,64,64,2,2,64,80,8,0,189,32,32,134,0,20,24,144,8
130,216,18,152,19,193,58,196,30,1,64,162,44,150,32,64,238,57,147,192,2,140,18,255,1,36,154,139,20,17,37,138
2,193,0,140,4,129,132,37,4,0,64,2,0,0,32,64,72,0,2,0,82,8,0,149,40,32,142,64,20,8,144,0
2,192,32,136,4,129,12,37,4,0,80,2,0,10,48,64,64,0,19,129,208,8,0,149,32,32,138,192,20,8,144,0
2,193,18,136,118,128,188,101,140,0,112,2,172,130,32,64,234,161,2,128,66,139,2,221,52,48,138,136,21,24,225,137
3,133,115,72,246,132,169,115,76,9,126,66,56,19,180,100,110,10,2,136,147,184,48,213,5,60,2,66,83,8,225,165
2,52,128,136,19,225,24,66,6,1,8,179,12,150,96,72,75,27,147,145,18,8,16,214,9,6,154,227,148,12,52,82
2,135,32,136,148,225,8,35,4,69,88,135,0,46,50,64,68,3,147,133,82,8,0,213,8,0,138,193,20,12,180,80
2,133,0,136,144,225,24,35,4,69,88,163,8,46,32,64,68,19,147,149,18,8,0,213,40,32,138,193,148,12,180,82
3,193,0,140,20,145,140,165,68,64,16,71,32,8,50,64,72,0,18,133,215,8,4,157,32,32,142,192,28,12,184,12
0,129,0,140,4,128,12,37,4,0,80,2,0,8,32,64,64,2,2,0,80,8,0,149,40,32,142,64,20,8,144,0
2,216,36,154,23,192,16,160,22,17,80,162,100,254,40,65,83,115,179,209,114,72,26,189,9,38,223,195,148,12,52,27
2,2,6,153,6,128,184,64,44,85,82,151,136,142,98,73,110,57,179,149,2,208,66,192,4,32,218,128,28,12,57,208
35,72,104,204,4,145,131,244,68,64,116,2,48,8,183,100,72,96,18,75,133,32,36,189,34,40,130,128,85,185,80,172
60,0,98,236,68,2,192,88,69,0,117,2,67,73,56,80,88,136,6,42,136,178,0,136,18,233,160,4,119,170,112,128
44,8,106,78,68,146,195,80,68,0,117,2,113,73,181,100,88,32,18,202,128,162,36,173,66,41,160,0,119,171,112,160
2,135,32,136,148,129,12,39,4,4,88,135,0,40,50,64,76,3,131,133,214,8,4,149,40,0,142,193,20,76,148,72
1,200,33,204,4,145,140,228,68,64,80,66,32,8,180,228,72,32,18,73,197,168,36,189,32,40,138,0,93,28,112,236
128,32,144,144,44,1,128,64,26,0,16,24,132,136,96,0,202,8,19,0,34,98,130,128,4,16,138,40,84,8,19,129
3,131,0,140,148,128,12,39,4,4,88,135,32,32,50,64,64,34,3,133,212,136,4,157,32,32,138,192,28,12,184,28
1,193,67,204,4,144,140,101,68,64,80,66,32,0,180,228,72,34,18,73,193,168,36,157,32,40,138,0,31,24,240,44
3,201,1,140,4,145,140,165,68,64,80,66,32,8,180,228,72,32,18,69,197,40,4,189,32,40,142,128,29,28,184,12
2,195,0,140,132,129,132,37,4,4,80,7,0,0,34,64,64,2,2,4,80,8,0,149,40,32,142,192,20,8,144,8
33,72,104,206,4,1,131,208,68,0,84,2,48,8,181,100,72,96,18,75,129,32,36,185,64,40,162,128,85,187,112,40
2,151,2,136,146,192,28,35,4,1,88,163,40,38,32,64,70,19,147,128,80,8,0,213,40,32,138,195,20,12,165,19
3,131,32,140,148,129,12,37,4,4,80,135,32,32,50,64,64,34,3,133,212,8,4,157,32,32,142,128,28,12,152,72
2,131,0,136,132,129,140,39,4,4,88,131,0,46,50,64,72,2,131,133,82,8,0,149,40,0,142,193,20,76,148,80
2,195,0,140,144,128,12,39,4,68,88,135,32,46,50,64,68,2,147,133,80,8,0,221,40,32,142,193,28,12,180,88
3,201,0,136,148,145,142,165,4,5,80,135,32,8,50,64,72,2,3,197,214,40,4,189,40,32,142,192,29,12,184,12
3,131,32,140,20,129,140,37,4,69,80,135,32,14,50,64,68,2,19,133,214,8,4,221,40,32,142,192,28,12,184,88
66,16,176,128,41,37,144,2,142,75,24,35,12,190,96,74,197,27,179,17,130,2,130,194,1,22,90,170,144,76,33,83
56,200,74,232,84,129,206,244,5,0,116,2,57,139,177,0,104,232,23,202,74,42,0,189,98,201,162,8,119,153,96,136
130,0,130,152,7,132,184,64,22,17,80,18,8,142,112,73,109,25,19,145,2,128,18,208,1,32,218,136,149,8,49,130
52,104,0,138,28,129,130,192,134,0,209,2,34,192,97,64,88,168,14,82,74,35,10,189,144,4,131,56,20,11,16,136
54,0,98,136,68,3,168,72,68,0,80,2,65,8,60,64,88,32,23,161,136,178,4,156,0,200,138,132,117,14,112,128
34,200,107,204,68,129,175,244,68,0,116,2,48,9,180,36,110,104,19,203,193,42,36,253,32,40,170,136,85,152,113,168
3,193,3,136,4,128,140,229,4,0,80,66,32,10,48,192,72,0,19,129,199,168,0,221,32,32,138,128,21,24,184,8
2,132,34,137,146,224,56,99,44,65,90,179,44,46,34,64,103,19,147,149,18,152,4,215,12,38,154,195,148,4,165,83
3,193,96,140,6,145,156,165,68,64,80,199,40,12,182,224,110,3,147,133,197,168,36,221,32,40,142,130,29,12,185,93
61,0,98,76,68,18,194,80,65,192,245,2,67,72,183,112,88,168,22,175,140,178,36,140,18,105,160,128,119,175,114,196
2,48,146,152,98,133,56,66,159,25,80,48,140,158,96,72,167,25,151,17,2,2,130,208,140,20,26,234,144,0,33,131
2,151,16,136,146,225,152,99,4,1,24,162,12,38,32,64,78,19,131,145,18,8,0,213,8,4,10,195,148,72,165,19
2,195,0,128,132,0,140,165,0,4,16,135,0,40,50,64,72,2,3,5,80,8,4,133,40,0,142,193,20,28,144,72
0,32,4,129,76,0,168,0,128,16,16,2,140,10,64,3,74,9,2,128,2,50,194,192,4,0,202,40,20,8,1,128
2,7,0,136,128,97,12,67,4,4,24,163,0,38,50,64,72,18,131,1,16,8,0,144,40,0,142,129,148,76,148,64
2,148,16,152,147,229,152,66,22,9,72,18,12,190,32,64,237,27,147,145,50,8,16,215,9,6,154,195,144,72,37,19
2,20,0,136,19,229,24,66,6,3,8,19,12,62,32,64,205,19,147,145,18,12,16,215,9,6,154,67,144,76,53,18
2,20,16,152,51,165,184,66,30,11,88,50,140,158,96,72,231,27,147,145,50,12,0,215,9,22,154,226,144,72,33,147
2,129,0,136,148,225,24,35,4,68,88,163,0,38,50,64,68,19,147,133,18,8,16,213,40,32,138,193,20,12,180,82
3,193,32,140,132,129,4,37,68,68,80,7,0,8,50,64,64,2,19,133,212,8,4,149,32,32,142,192,28,28,184,92
3,193,32,140,4,128,140,37,4,68,80,135,32,8,50,64,64,0,19,133,212,8,4,149,32,32,142,192,28,12,184,92
2,147,0,136,147,197,156,37,4,69,64,167,8,14,34,64,78,19,147,133,82,8,16,213,41,32,138,195,20,12,180,90
3,193,0,140,4,129,140,37,4,64,80,135,32,8,50,64,72,0,19,133,212,8,4,149,32,32,142,192,28,12,184,12
2,129,32,136,151,197,156,103,4,65,72,3,8,62,48,64,200,19,147,129,82,8,16,213,41,32,138,67,20,12,181,82
3,193,0,140,4,145,140,165,68,64,80,199,32,8,50,224,64,0,19,197,197,8,4,181,32,32,142,192,28,28,184,92
2,20,144,136,21,229,144,66,14,9,88,2,140,184,96,8,201,27,147,17,18,40,80,214,9,20,154,99,144,72,53,131
3,72,33,140,4,16,138,68,68,64,80,66,32,8,181,100,72,96,19,207,197,160,36,169,0,40,138,128,29,28,48,76
2,129,0,140,20,129,140,37,4,0,80,2,32,8,48,64,72,2,19,129,80,8,0,157,32,32,138,192,20,12,176,8
2,135,0,136,148,225,140,99,4,68,24,163,8,46,50,64,76,19,147,145,18,8,0,213,40,0,138,193,148,76,180,80
0,149,18,140,23,228,48,103,12,1,74,2,44,50,32,64,224,51,130,128,18,152,16,221,41,36,154,67,16,72,181,10
1,203,2,140,20,144,44,101,68,64,80,199,32,2,50,192,72,42,2,197,199,136,4,253,32,32,142,64,28,28,184,28
2,131,0,140,148,128,12,37,4,69,80,135,32,8,50,64,68,2,147,133,82,136,0,157,32,32,138,192,28,12,184,88
3,200,32,140,4,145,140,164,68,64,84,70,32,8,182,224,72,0,18,205,197,32,36,253,32,40,138,128,29,28,248,76
2,135,34,136,150,129,188,103,14,65,90,163,44,142,48,64,102,19,147,133,210,136,4,221,40,36,138,195,21,12,181,73
32,201,107,206,20,129,207,244,68,0,84,66,48,129,177,100,72,104,18,202,195,168,40,61,96,40,162,160,53,154,112,168
3,131,32,140,148,129,140,39,4,68,88,135,32,40,50,64,72,2,147,69,212,8,4,157,40,32,142,192,28,12,152,92
2,149,18,153,147,164,56,67,62,1,74,147,172,150,32,64,230,27,147,144,18,152,16,215,13,52,154,194,148,0,161,147
2,193,0,140,4,129,132,37,4,0,80,2,0,8,32,64,72,2,19,0,80,40,0,149,32,32,138,192,20,8,176,8
2,52,144,152,19,225,152,66,30,3,72,179,12,158,96,72,103,27,147,145,2,4,18,210,9,6,154,235,148,68,37,210
35,201,97,138,84,145,202,224,69,64,116,134,96,76,182,164,72,160,19,239,199,42,44,189,34,8,128,128,87,143,112,204
130,141,0,156,148,129,134,175,20,2,88,18,96,104,56,65,89,98,19,33,114,40,8,191,40,38,143,196,21,104,144,8
2,149,18,136,147,224,184,98,6,1,72,162,12,62,32,64,106,19,147,145,18,136,0,213,8,36,138,195,148,0,37,18
130,0,210,145,100,9,232,80,61,17,82,18,140,137,112,73,234,9,23,145,2,180,0,192,6,16,218,128,167,136,113,129
55,0,98,204,68,18,170,64,196,128,215,2,8,136,181,100,104,164,31,171,140,163,36,200,18,40,138,152,87,171,112,132
3,193,32,136,4,129,140,165,4,64,80,131,32,12,50,96,72,0,19,5,212,8,4,149,32,32,138,128,20,12,176,92
131,133,2,140,148,128,140,39,20,1,88,215,40,10,50,64,104,35,19,197,118,136,4,223,32,32,138,192,28,12,184,28
117,8,98,204,92,17,138,64,196,192,241,10,40,200,181,96,120,168,14,227,140,163,38,200,146,40,138,24,85,59,112,132
130,148,16,152,147,225,16,67,22,5,72,179,12,190,32,64,203,27,131,145,50,8,16,215,9,4,154,99,144,76,165,146
2,128,2,153,51,224,184,66,158,21,88,179,172,142,98,72,111,27,147,144,18,24,2,213,12,20,154,203,148,4,37,210
86,104,6,142,12,129,138,64,134,128,211,2,96,200,49,66,72,32,127,67,8,163,138,152,144,160,139,152,20,43,48,0
60,72,106,172,68,130,74,112,5,192,240,131,51,77,49,80,120,232,23,230,136,178,4,172,242,233,160,136,117,187,114,208
2,151,0,136,148,193,24,99,4,5,88,167,0,38,50,64,76,19,147,149,82,8,0,213,40,0,138,193,20,12,180,80
3,192,38,153,52,144,168,166,92,81,86,2,172,138,182,96,234,43,51,205,215,152,38,245,44,62,154,192,20,12,185,76
2,142,32,154,20,129,142,238,20,6,88,131,96,108,58,64,93,98,147,229,226,8,12,191,40,38,158,193,20,28,52,72
2,223,38,156,146,128,188,167,20,84,90,167,44,46,50,65,110,35,147,133,242,136,6,253,32,34,222,192,28,4,185,89
130,16,144,136,110,133,184,64,142,24,16,50,140,158,96,74,230,25,51,145,2,3,130,208,0,16,218,170,20,8,33,131
163,205,98,78,84,147,143,246,84,64,92,2,48,8,183,36,72,106,18,207,231,174,36,191,34,14,134,128,87,156,112,236
3,74,162,156,20,131,138,106,22,68,82,135,32,236,51,64,88,40,179,197,132,140,7,255,0,38,155,129,21,13,60,92
5,4,115,73,180,190,169,82,108,73,123,66,200,168,180,228,249,32,18,25,149,184,37,206,14,62,130,64,215,206,113,164
3,216,48,218,23,213,155,242,94,72,84,2,40,156,53,228,79,57,147,193,163,44,58,255,3,14,154,194,23,13,49,175
60,16,122,229,70,2,107,80,37,128,247,162,83,79,41,80,126,188,21,234,136,178,0,12,210,201,161,132,103,171,96,145
2,134,2,152,19,226,184,35,22,5,74,179,40,174,32,64,79,59,147,129,50,152,0,223,9,38,154,195,148,12,181,74
2,219,38,156,154,128,188,103,132,69,90,167,44,174,50,64,110,35,187,133,214,137,6,221,32,38,222,195,29,12,181,89
35,201,102,158,20,147,142,230,84,68,80,199,32,44,182,225,72,99,19,197,231,168,38,253,32,46,222,128,29,28,248,220
131,10,34,153,4,129,168,64,20,196,82,135,32,140,115,72,108,41,179,213,132,150,4,224,4,32,154,128,157,29,56,220
42,8,104,220,84,243,139,64,86,68,85,163,97,205,183,36,92,56,147,133,162,166,46,159,66,15,171,129,119,143,116,248
38,171,0,138,220,129,10,225,134,4,152,131,32,206,122,64,92,154,139,215,82,11,10,189,56,0,143,249,20,14,148,216
7,203,32,154,148,129,14,165,22,21,81,135,96,104,58,64,81,66,51,199,246,8,14,181,40,38,143,192,28,30,152,80
2,176,148,152,237,133,184,65,142,25,16,0,140,154,96,74,133,25,123,17,18,9,146,209,13,16,90,234,144,0,161,131
57,4,98,65,212,187,224,82,69,65,126,87,3,8,182,36,104,138,22,29,157,184,101,142,78,77,176,64,255,140,120,196
3,197,0,142,132,129,142,165,68,70,89,135,32,40,50,64,65,66,19,199,197,8,12,183,32,32,142,128,28,30,184,92
50,89,82,238,99,132,86,113,9,8,112,34,46,91,37,80,238,187,151,194,72,186,0,253,51,248,2,138,115,162,98,139
41,12,107,78,84,147,235,112,85,64,116,66,115,65,181,100,120,232,22,234,169,182,44,191,98,47,160,136,119,171,112,160
154,120,18,184,91,193,26,192,31,4,208,163,45,150,33,80,102,185,151,208,2,15,2,243,144,197,154,171,52,17,37,155
2,131,0,136,148,129,8,33,4,5,80,163,0,46,50,64,68,18,131,149,18,8,0,149,40,0,138,193,20,12,180,64
3,129,32,140,132,128,140,37,4,68,80,135,32,8,50,64,64,2,19,5,212,136,4,157,32,32,138,192,28,12,184,88
3,195,0,136,132,129,140,37,4,4,80,135,0,8,50,64,72,2,3,5,212,8,4,149,40,32,142,192,28,12,152,80
35,72,103,204,92,147,174,244,196,64,80,198,40,200,181,228,108,104,18,207,197,161,38,253,34,40,138,136,95,191,121,172
2,0,148,152,44,1,184,0,142,25,16,0,140,154,96,75,134,9,51,0,2,64,130,208,4,16,90,170,16,8,1,1
2,135,0,136,144,225,8,35,6,5,88,163,0,46,32,64,76,19,131,144,18,8,0,213,8,0,138,193,148,12,180,80
3,128,23,217,52,189,168,3,126,89,114,80,172,154,180,236,135,43,2,25,183,188,34,215,14,62,26,194,216,4,105,173
39,72,103,207,68,130,235,80,68,192,118,66,113,193,181,101,124,232,18,238,193,178,101,236,4,40,162,128,119,187,112,236
56,5,66,232,52,171,66,112,5,0,248,10,79,201,48,80,250,168,6,33,8,179,0,156,146,252,128,16,119,171,112,0
137,48,178,217,101,189,233,82,222,27,116,16,152,155,244,172,107,8,2,24,163,180,52,210,79,30,50,104,210,136,65,165
2,133,0,136,147,224,24,35,6,5,8,163,8,62,32,64,75,19,147,145,18,8,0,213,8,4,138,67,148,76,180,18
3,128,178,153,52,185,184,2,254,89,82,85,172,136,178,104,198,43,59,21,151,184,6,209,4,20,26,202,156,12,41,141
50,20,114,232,54,35,250,66,77,0,250,34,11,26,53,64,254,137,23,177,136,179,0,206,146,221,130,130,117,138,97,131
66,130,134,157,24,67,40,111,22,101,82,131,32,46,50,64,117,29,187,133,16,216,67,221,12,38,219,193,20,12,52,88
2,141,132,158,140,129,142,167,134,1,88,2,96,232,56,64,72,106,51,67,82,40,10,183,40,38,206,192,20,90,176,8
227,132,34,156,92,147,136,104,214,65,208,31,96,200,58,96,89,168,27,165,164,7,36,159,16,38,155,248,20,12,48,68
2,52,128,152,145,225,16,66,22,7,8,147,0,54,32,72,73,19,147,145,18,12,16,214,9,6,154,99,148,76,20,18
51,0,66,136,68,131,72,72,21,69,208,151,0,142,54,73,92,137,151,149,140,151,5,212,18,42,154,128,61,12,120,208
50,2,66,137,68,1,232,80,5,85,86,135,9,143,246,73,108,136,151,157,140,146,71,192,22,72,218,128,63,140,120,208
2,1,2,137,95,225,184,66,44,1,250,131,140,134,33,72,110,185,155,148,2,154,81,208,21,32,154,192,148,4,33,152
61,24,90,174,103,22,218,80,5,200,118,103,121,91,179,192,110,225,151,238,133,162,16,168,82,233,162,128,63,191,120,211
58,16,114,232,87,47,208,82,109,8,250,10,15,27,53,16,254,153,151,49,136,179,16,204,147,252,2,2,119,8,98,131
0,150,134,156,20,195,16,107,22,163,82,162,96,246,32,64,89,60,162,32,32,216,1,159,8,38,155,71,148,40,52,27
3,131,0,140,132,129,12,37,4,4,80,135,32,2,34,64,72,2,3,132,84,8,4,213,32,32,138,192,28,12,184,68
3,0,178,153,54,169,184,2,126,1,82,19,172,138,50,104,230,43,51,21,150,184,7,209,4,52,26,192,148,12,1,205
71,16,114,206,111,208,178,64,236,64,213,34,108,220,165,100,230,57,154,163,132,163,38,200,19,40,10,139,85,39,37,167
3,193,0,140,148,129,140,165,68,64,80,71,32,40,50,64,64,2,19,69,215,8,4,157,40,32,142,192,28,12,184,12
67,56,50,206,60,153,178,64,236,8,209,42,172,216,53,96,162,41,123,67,132,35,162,249,16,56,10,154,84,47,113,143
2,132,19,217,114,171,184,3,126,1,122,80,172,170,36,192,167,43,19,17,147,152,0,223,12,62,26,194,156,0,169,137
3,192,33,140,4,144,140,165,68,64,80,67,32,8,48,224,72,0,19,69,197,40,4,157,32,32,142,128,29,28,248,76
35,201,98,140,92,145,142,237,68,64,84,199,40,200,182,228,88,42,18,239,199,170,38,253,50,8,138,136,29,30,248,220
4,205,128,130,148,160,14,134,6,1,24,2,64,40,33,64,65,66,2,82,18,8,8,164,40,4,142,64,148,91,144,8
66,104,34,143,60,137,170,0,206,32,210,10,164,136,113,66,192,100,123,67,194,41,198,185,132,48,138,184,4,11,17,8
2,142,34,137,20,227,186,103,4,37,90,167,40,46,50,64,109,35,147,133,178,152,1,255,44,38,154,193,20,12,180,88
2,149,19,152,115,164,185,103,60,9,90,112,172,183,36,196,167,59,19,152,19,152,0,223,44,62,26,194,146,64,161,169
2,143,34,140,146,195,156,39,4,37,90,163,40,46,34,64,78,51,147,133,80,152,1,223,40,38,154,195,20,12,180,88
10,149,18,168,243,164,57,115,44,9,94,2,188,183,32,64,230,59,147,144,18,152,0,223,121,53,58,202,18,0,161,155
64,201,128,141,28,128,2,140,134,128,154,2,160,130,97,66,72,100,106,80,66,11,195,177,60,36,135,60,20,56,48,8
3,200,33,140,4,145,140,164,68,64,84,66,32,8,182,228,72,64,18,77,197,40,36,189,34,40,142,128,29,28,248,108
35,205,99,78,84,145,198,228,85,64,120,66,96,200,180,164,88,234,18,107,227,170,36,253,34,12,130,136,87,155,112,172
3,193,32,140,132,129,140,165,68,64,80,135,32,8,50,64,64,2,19,133,212,8,4,149,32,32,142,192,28,28,184,92
33,205,99,206,84,145,134,228,84,64,120,66,32,8,180,161,72,106,18,71,231,170,36,189,32,12,134,0,93,30,248,140
18,149,18,156,147,196,60,103,12,1,74,2,44,182,32,64,230,59,155,128,82,137,18,221,169,166,154,74,16,0,161,26
2,157,18,138,146,193,62,167,4,1,89,162,44,54,32,64,102,19,147,192,82,136,0,253,40,32,138,195,20,2,165,27
33,201,97,136,20,147,134,237,68,64,80,66,32,72,180,160,88,0,18,103,199,56,36,189,32,8,142,68,93,28,248,204
1,72,99,140,4,17,143,164,68,64,80,66,32,8,181,228,72,96,18,79,197,160,36,189,32,40,138,0,21,61,112,108
35,201,97,137,20,147,166,237,68,64,112,66,32,8,180,160,88,32,18,97,199,184,101,189,36,8,142,132,93,28,248,140
3,193,0,140,4,144,140,165,4,64,80,199,32,8,50,192,72,2,19,69,197,8,4,157,32,32,142,128,28,28,184,28
3,195,32,140,132,129,140,37,4,68,80,135,32,8,50,64,64,3,19,133,212,8,4,149,40,32,142,192,28,12,184,80
2,139,32,136,148,129,142,231,4,4,88,135,32,76,50,64,76,35,131,213,210,8,4,189,40,0,138,192,20,12,180,88
3,195,0,140,148,129,140,229,4,4,80,135,32,40,50,64,72,2,19,197,214,8,4,181,32,32,142,192,28,28,184,88
3,201,0,142,4,145,142,165,4,64,81,199,96,8,50,64,72,2,19,71,213,40,12,189,32,32,142,192,28,30,184,92
2,135,32,136,148,225,136,66,6,69,24,163,0,46,48,64,73,27,131,149,18,8,0,213,8,4,138,193,148,76,20,80
60,90,122,108,70,82,218,80,69,128,116,162,91,93,181,80,126,184,135,234,136,178,36,140,82,233,160,129,119,187,116,147
2,195,32,136,148,129,138,229,6,5,80,135,32,142,50,64,76,11,147,213,210,8,0,245,40,0,142,193,20,12,180,88
3,0,35,129,100,153,168,64,236,113,82,70,140,138,246,232,234,41,18,149,135,146,228,192,4,24,154,224,28,12,57,196
3,193,0,140,132,145,140,165,4,64,80,199,32,8,50,64,72,2,19,5,212,8,4,157,32,32,142,128,28,28,184,92
3,193,32,140,4,145,140,165,68,64,80,70,32,8,182,224,72,0,18,69,197,40,4,157,32,40,142,128,29,28,184,12
2,181,18,136,211,165,184,67,14,9,88,34,12,150,32,64,231,27,147,144,18,136,16,213,41,20,10,202,144,0,161,131
3,131,32,136,148,129,140,33,4,4,80,135,0,40,50,64,72,2,19,133,214,8,4,213,40,32,138,192,28,12,184,64
61,13,107,78,84,179,195,112,69,64,125,66,115,201,183,228,88,168,22,110,141,162,36,188,82,109,160,136,119,175,120,228
2,149,114,136,243,225,184,99,173,69,88,163,44,190,32,64,231,27,151,145,18,137,0,215,185,22,154,203,148,68,165,211
3,131,32,140,4,129,140,37,4,68,80,135,32,8,50,64,64,2,147,133,212,8,4,149,32,32,138,192,28,12,184,88
3,193,0,140,4,144,140,37,68,64,80,199,32,8,178,64,72,0,19,133,197,8,4,157,32,32,142,128,29,28,184,12
2,131,32,136,132,193,140,37,4,4,80,163,0,12,48,64,72,18,131,129,80,40,0,149,40,0,142,193,20,12,148,64
2,147,38,152,178,128,188,103,140,85,90,167,44,142,50,64,102,27,187,133,210,137,6,213,56,32,154,203,21,4,165,217
34,0,2,136,68,1,136,64,132,0,208,2,0,136,112,72,120,168,19,177,0,179,0,208,16,4,138,168,21,10,48,128
2,133,34,140,22,160,152,35,4,65,90,131,44,46,48,64,78,51,147,133,146,136,4,221,32,36,138,192,20,4,49,89
2,151,22,157,146,224,56,103,172,1,90,163,44,182,32,64,230,63,187,128,18,153,2,197,44,32,154,195,20,0,165,27
35,129,98,140,4,144,172,101,68,64,82,135,32,44,54,96,72,34,19,5,212,168,36,221,34,40,138,128,21,12,240,92
2,133,2,140,20,128,140,39,4,0,88,2,40,42,48,64,110,51,19,129,80,8,0,221,32,36,138,128,21,8,177,8
3,192,32,140,4,145,140,165,68,64,80,199,32,8,178,224,72,0,19,69,197,40,4,157,32,32,142,128,29,28,184,92
3,195,0,140,132,128,140,37,4,4,80,135,32,10,50,64,64,2,19,133,212,8,4,149,32,32,142,128,28,28,184,92
40,205,106,200,84,145,207,247,68,0,124,2,49,137,180,96,72,170,19,202,194,170,36,253,98,9,166,136,119,152,240,136
3,133,34,156,148,128,172,103,20,65,82,215,40,46,50,193,108,35,147,133,246,152,4,223,32,38,154,192,29,12,185,88
3,197,99,204,20,145,173,103,68,65,88,66,40,8,180,228,104,43,19,197,211,168,36,255,32,44,138,192,21,28,241,236
3,200,0,140,4,129,4,165,68,64,80,199,32,0,50,192,72,64,18,69,197,8,4,189,32,32,142,128,28,28,184,28
3,193,0,140,132,129,140,165,4,64,80,135,32,40,50,64,64,2,19,197,212,8,4,149,40,32,142,192,28,28,184,24
3,8,99,204,4,16,131,0,68,192,82,66,32,8,181,228,72,96,18,203,133,160,36,173,0,40,138,128,87,61,112,44
2,129,0,136,150,225,16,67,6,5,88,162,0,30,32,64,72,19,131,144,18,8,0,213,8,0,138,195,148,12,180,131
3,201,0,136,148,129,142,165,4,64,80,135,32,40,50,64,64,2,19,199,212,8,4,189,40,32,142,192,28,28,184,92
131,141,32,140,148,128,12,167,4,64,88,135,32,38,50,64,64,34,19,197,246,136,4,223,40,36,142,128,20,12,176,92
2,129,0,136,145,193,24,97,4,1,80,163,8,30,32,64,72,19,147,145,18,8,0,213,40,0,138,195,148,8,180,2
3,201,0,142,148,145,142,165,68,64,88,199,96,40,50,64,72,34,19,71,215,8,12,189,40,32,142,192,28,14,184,12
3,131,32,140,148,129,140,101,4,4,80,135,0,8,50,64,72,2,147,133,212,8,4,149,32,32,138,192,28,12,184,84
2,195,32,136,4,129,156,37,4,68,80,163,32,12,50,64,76,3,147,133,208,8,0,149,32,0,142,193,20,12,180,88
0,193,0,140,132,128,4,167,4,0,88,2,32,34,32,64,64,2,2,64,80,8,0,253,32,32,134,0,20,24,176,8
2,143,2,138,20,161,138,98,4,5,89,135,96,110,50,64,92,35,147,133,2,136,8,253,0,36,138,192,20,15,52,72
2,195,32,140,4,129,140,165,68,68,80,135,32,12,50,64,72,0,19,133,212,8,4,149,32,32,142,193,20,12,180,92
130,216,18,152,19,193,58,196,30,1,64,162,44,150,33,64,238,57,147,192,2,140,18,255,1,36,154,139,20,17,37,154
2,193,0,136,20,129,132,101,4,0,64,2,0,0,48,64,72,2,2,1,82,40,16,149,40,0,142,64,21,8,144,8
2,193,32,136,20,129,140,101,4,0,80,130,0,12,48,64,72,0,19,129,194,8,0,149,32,32,138,192,20,28,144,8
0,193,82,140,100,128,172,101,140,0,240,2,44,138,32,64,234,163,2,128,66,171,0,221,48,48,138,8,21,8,225,136
50,152,0,138,95,193,154,96,133,4,209,171,44,222,32,0,94,185,147,227,74,3,24,253,145,0,138,187,21,15,53,218
0,145,122,200,86,196,177,115,76,1,126,2,56,19,36,100,110,2,19,8,82,184,48,93,99,168,2,64,113,136,225,163
2,143,32,154,148,129,142,231,22,5,88,135,96,110,58,64,93,99,147,197,246,8,12,255,40,6,142,193,28,14,188,88
3,193,0,140,4,129,140,165,4,64,80,199,32,8,50,64,72,2,19,133,197,8,4,149,32,32,138,192,28,12,152,92
3,207,32,138,148,129,142,229,4,69,88,135,96,104,58,64,77,66,147,199,214,8,12,189,40,32,142,192,29,30,184,92
2,147,0,136,134,128,156,37,4,68,80,167,0,14,34,64,76,19,147,133,80,8,0,213,32,32,142,192,20,12,180,88
2,48,150,152,109,133,184,64,142,24,16,0,140,154,96,75,198,25,179,1,2,67,146,208,5,16,90,170,16,0,33,131
3,193,0,140,4,145,140,165,68,64,80,199,32,8,178,64,72,32,18,197,197,40,4,157,32,32,142,128,29,28,184,28
32,140,106,222,20,131,195,114,84,2,124,2,113,105,180,96,88,34,19,40,224,168,36,63,98,47,162,0,117,170,112,168
3,193,32,140,4,145,140,165,4,68,80,135,32,8,50,64,72,2,19,133,212,40,4,157,32,32,142,192,29,28,184,92
2,0,18,136,108,129,168,64,140,16,16,2,140,138,112,66,202,9,27,129,2,35,2,208,4,16,138,168,20,8,113,128
3,200,33,140,4,145,132,164,68,64,80,70,32,8,180,228,72,64,18,65,197,32,36,189,32,40,138,128,29,28,120,12
3,195,0,136,4,129,140,101,4,4,80,135,32,8,50,64,76,2,19,133,84,40,0,149,32,32,138,192,28,12,184,88
2,0,26,128,70,128,168,64,172,0,178,2,140,10,32,66,106,129,31,128,2,1,0,192,148,16,138,136,21,0,33,0
131,205,35,220,4,16,135,167,84,66,88,66,32,40,180,228,64,98,18,77,225,172,36,175,32,46,158,128,23,92,240,108
3,193,0,140,20,145,12,165,68,64,80,71,32,8,50,64,64,0,19,197,215,8,4,149,32,32,142,192,28,12,184,28
3,193,0,140,4,145,140,165,68,64,80,71,32,8,50,192,72,0,18,197,197,8,4,157,32,32,142,192,28,28,184,28
3,193,0,140,4,17,140,165,68,64,80,71,32,8,178,224,72,96,18,197,197,8,4,157,32,32,142,128,28,28,184,12
3,193,32,140,4,129,140,37,4,68,80,135,32,12,50,64,72,2,19,133,212,8,4,149,32,32,138,192,28,12,152,92
44,0,106,78,4,18,227,24,68,128,119,2,81,73,188,96,88,164,19,170,128,176,44,8,66,41,161,0,103,171,112,32
2,131,0,136,148,129,12,33,4,4,80,131,0,14,50,64,68,19,131,133,82,8,0,149,40,0,138,193,20,12,180,80
64,0,0,136,108,128,40,64,138,16,16,2,140,130,96,66,98,1,2,128,2,0,130,192,4,16,202,40,20,8,33,128
131,73,33,140,4,16,140,165,68,64,80,66,32,8,183,228,72,96,18,197,229,4,36,171,32,40,142,128,29,28,248,76
3,72,99,76,4,16,139,132,68,192,82,66,32,8,181,228,72,96,18,203,129,160,36,168,32,40,130,128,87,61,112,108
2,48,144,144,51,133,144,66,30,11,16,50,12,156,96,8,199,25,147,17,2,4,0,210,1,22,26,170,144,8,5,147
3,201,33,138,4,145,143,164,68,64,81,66,96,0,184,228,72,64,18,199,197,40,44,189,32,32,142,192,28,30,176,76
3,131,32,136,148,129,140,33,4,4,80,135,0,8,50,64,72,2,147,133,214,8,4,149,40,32,138,192,20,12,176,64
6,235,0,138,148,129,142,229,6,5,17,135,96,74,56,64,92,75,147,215,82,8,8,245,40,0,142,193,28,31,176,64
3,202,2,156,12,128,12,228,132,64,208,199,40,138,50,192,76,41,155,197,198,11,6,253,32,32,154,136,28,20,56,156
3,131,32,136,148,129,140,37,4,68,80,135,0,42,50,64,76,2,19,133,212,8,4,213,40,32,138,192,28,12,184,80
2,148,51,72,83,229,177,82,109,1,104,18,60,155,36,196,237,27,2,152,147,168,48,215,11,30,18,66,211,64,97,162
130,10,32,153,20,147,136,96,86,37,82,151,32,8,182,73,88,44,3,133,166,188,101,159,4,2,154,193,21,12,120,76
0,193,0,140,4,129,140,37,4,0,80,2,32,8,32,64,72,2,19,0,64,40,0,149,32,32,142,0,20,8,144,8
6,157,16,158,147,193,22,167,30,19,64,178,108,126,40,65,215,83,147,193,114,72,24,255,41,38,94,67,148,8,165,27
2,218,36,152,23,195,144,170,22,21,80,163,104,94,40,65,91,57,179,177,98,76,10,189,8,38,223,199,20,12,52,27
3,193,32,140,132,129,140,37,68,68,80,135,32,12,50,64,64,2,19,133,212,8,4,149,32,32,142,192,28,12,184,92
2,0,6,156,9,195,56,72,134,84,64,163,40,134,35,73,98,57,179,129,2,148,3,221,0,32,218,131,20,4,53,90
131,2,130,153,36,128,184,0,190,87,82,151,140,142,114,73,231,9,179,149,134,212,6,208,4,48,218,192,156,12,57,213
82,16,82,164,71,66,176,64,41,128,242,34,14,30,32,80,254,149,142,160,0,163,16,200,145,240,10,7,33,32,39,19
50,0,96,225,68,2,232,80,65,32,242,2,11,9,20,16,104,132,21,160,136,178,1,192,18,200,128,128,103,136,112,128
3,200,97,204,4,17,142,228,68,64,80,66,32,8,181,228,72,96,19,205,197,32,36,189,32,40,138,128,23,28,112,108
37,72,107,78,68,19,203,240,68,64,117,2,112,73,181,100,88,96,18,234,129,162,44,173,66,40,162,128,119,187,112,164
3,72,35,140,4,0,143,52,68,64,80,66,48,0,181,100,72,96,18,203,193,160,36,189,32,40,138,128,21,57,112,44
35,72,99,206,4,144,139,228,68,64,84,66,32,8,181,228,72,96,18,207,193,160,36,253,32,40,130,128,87,191,112,236
2,1,0,136,135,225,28,3,4,0,72,131,8,38,48,64,68,19,147,133,16,8,16,213,32,32,138,129,148,76,176,80
2,135,32,136,147,225,24,35,6,69,8,179,8,46,34,64,79,19,131,145,50,8,4,215,40,6,154,195,148,68,180,82
35,200,97,204,4,145,135,244,68,64,116,66,32,8,180,100,72,32,18,73,199,168,36,189,32,40,130,128,87,156,112,172
32,32,0,152,108,9,160,64,26,16,16,8,140,136,112,1,202,8,19,1,2,114,192,128,4,16,138,40,84,8,19,128
3,135,2,140,148,129,12,39,4,4,88,135,32,32,50,64,68,34,131,5,212,136,4,221,32,32,138,192,28,12,184,8
3,193,32,140,4,145,140,165,4,64,80,199,32,8,50,64,72,2,19,133,215,40,4,157,32,32,142,192,29,28,184,92
3,193,3,140,4,144,140,229,68,64,80,66,32,8,180,228,72,34,18,205,197,168,36,221,32,40,142,128,29,28,248,12
3,200,33,204,4,145,142,228,68,64,80,66,32,8,180,228,72,32,18,73,193,40,36,189,32,40,142,128,23,28,240,172
32,200,104,204,68,129,135,245,68,0,84,2,48,9,180,96,72,32,19,203,192,40,36,189,96,40,162,128,117,152,112,168
3,193,0,140,132,145,140,165,4,64,80,199,32,8,50,192,72,34,19,133,196,8,4,157,32,32,142,192,28,12,184,28
2,195,0,136,132,129,132,37,4,4,80,7,0,0,34,64,72,2,2,4,80,8,0,149,40,32,142,192,28,28,152,8
2,195,32,140,148,128,140,165,4,4,80,130,32,8,48,64,72,2,19,129,210,8,0,149,40,32,142,192,20,12,144,8
2,135,0,136,146,161,184,99,14,5,88,131,12,14,48,64,102,27,147,149,18,8,0,213,40,4,138,193,20,4,165,209
3,192,1,140,4,144,140,165,68,64,80,70,32,8,176,228,72,0,18,197,197,40,4,157,32,32,138,128,29,28,184,12
2,195,32,140,4,129,140,101,4,68,80,135,32,14,50,64,72,3,147,133,208,8,4,157,32,32,138,192,20,12,180,88
3,129,2,140,148,128,164,37,68,64,80,199,40,8,50,64,96,2,19,133,215,136,4,221,32,32,138,192,28,12,184,28
33,72,105,206,4,1,131,208,68,0,84,2,48,8,181,100,72,96,18,75,129,160,36,185,64,40,162,128,85,187,112,40
2,147,2,136,150,192,28,35,4,5,88,163,40,46,32,64,70,19,147,128,80,8,0,213,40,32,138,195,20,12,180,19
33,200,97,140,4,145,134,228,68,64,80,66,32,8,180,228,72,0,18,65,197,40,36,189,32,8,142,0,93,28,248,204
3,131,32,140,20,129,4,39,4,4,88,135,32,40,50,64,64,34,3,133,212,8,4,157,32,32,138,128,28,12,152,76
3,200,97,140,4,145,140,228,68,64,80,66,32,8,180,228,72,32,18,193,197,40,36,189,32,40,142,128,29,28,120,12
3,201,0,140,20,145,142,165,70,64,80,7,32,8,178,64,72,34,18,197,214,40,4,189,40,32,142,192,29,12,184,12
3,193,32,140,20,145,140,37,4,69,80,135,32,8,50,64,72,34,19,5,214,8,4,157,32,32,138,192,29,12,184,92
3,131,2,140,148,129,172,101,4,69,82,135,32,8,50,64,72,34,147,133,212,184,4,221,32,32,138,192,29,12,184,220
194,0,144,144,106,8,56,2,138,19,16,153,140,142,96,74,135,17,251,4,0,70,130,194,4,22,90,186,20,12,1,81
32,200,72,200,84,129,239,244,4,0,116,2,49,137,176,32,72,232,19,202,66,170,32,253,98,137,162,136,117,153,112,168
2,133,32,136,148,161,168,99,4,5,88,135,8,46,50,64,110,3,19,149,146,8,0,213,8,4,138,192,21,12,177,64
2,135,2,136,150,226,184,35,4,5,90,163,40,46,32,64,108,51,131,129,16,152,0,221,32,36,138,195,20,12,181,75
48,232,0,138,28,129,194,192,135,0,208,10,34,200,113,0,88,168,23,67,74,35,10,189,176,128,131,56,53,11,50,136
54,0,66,136,4,131,200,72,5,0,209,2,67,72,61,64,88,32,23,161,8,178,0,156,128,200,138,132,85,10,112,128
35,200,97,204,70,145,175,244,68,64,80,66,56,8,180,228,110,105,19,201,193,170,36,253,32,40,138,128,85,152,113,236
2,129,2,136,132,129,140,101,4,0,80,71,0,10,50,64,72,2,19,133,82,136,0,213,32,32,138,192,28,8,184,8
2,129,0,136,181,165,8,35,14,9,24,2,132,44,48,64,192,2,19,17,18,8,64,149,13,16,138,194,148,12,145,1
2,133,2,137,146,224,184,99,44,69,90,163,44,46,48,64,103,19,147,145,18,152,0,215,40,36,138,195,148,4,181,83
53,0,98,76,68,18,224,64,65,192,241,10,67,136,180,48,120,172,6,33,140,179,36,136,18,104,128,8,103,174,114,132
2,151,16,136,146,225,24,66,6,1,88,162,12,54,32,64,70,19,131,144,18,8,0,213,8,20,10,195,148,72,37,19
2,176,144,152,219,229,184,66,158,9,88,51,12,158,96,72,231,27,147,145,18,11,18,211,25,20,154,235,144,4,37,147
2,195,0,132,132,0,140,165,0,4,16,135,32,40,50,64,72,2,3,5,80,8,4,149,40,0,142,193,20,28,144,72
2,32,128,153,36,137,168,0,30,17,80,0,140,130,96,9,74,9,51,144,2,80,66,208,4,16,218,168,20,8,1,128
2,131,32,136,132,1,12,37,4,4,16,131,0,38,50,64,76,3,131,133,208,8,0,144,40,0,142,193,20,76,180,64
2,149,0,152,147,225,152,99,22,9,88,51,12,62,32,64,207,19,147,145,50,8,16,215,9,6,154,195,148,76,165,147
130,48,144,152,19,165,24,66,30,11,16,18,12,158,96,72,237,25,147,145,34,12,0,210,9,22,154,226,144,8,33,131
2,149,16,152,147,229,144,99,30,9,88,51,12,62,32,64,205,27,147,145,50,8,16,215,9,22,154,195,144,76,165,147
2,149,0,136,147,225,24,34,4,1,72,131,8,38,32,64,75,19,147,145,18,8,16,213,9,0,138,67,148,76,52,82
3,193,32,136,132,145,132,165,68,68,80,7,0,8,50,64,72,2,19,133,212,8,36,149,32,32,142,192,28,28,184,92
2,147,32,136,150,193,156,101,4,69,80,167,32,12,50,64,76,19,147,133,82,8,20,213,40,32,142,195,20,12,180,90
3,131,0,140,132,128,140,37,4,68,80,135,32,8,50,64,64,3,19,133,212,8,4,149,32,32,138,192,28,12,184,92
3,193,0,140,4,129,140,37,4,64,80,135,32,8,50,64,72,2,19,133,198,8,4,157,32,32,142,192,28,12,184,12
3,192,32,140,4,145,140,37,4,64,80,199,32,8,50,192,72,0,19,69,197,40,4,157,32,32,138,128,29,12,152,28
3,193,0,140,132,145,140,165,68,64,80,199,32,8,50,64,64,2,19,197,213,8,4,149,32,32,142,192,28,28,184,92
2,48,176,153,117,229,144,66,30,27,16,50,140,152,96,8,205,25,147,17,130,100,194,210,5,22,154,170,144,72,17,131
130,16,16,152,39,133,152,66,30,27,16,50,12,158,96,73,239,25,147,145,34,68,18,210,1,18,218,170,20,8,33,131
2,129,0,140,20,129,140,37,4,0,80,2,32,8,48,64,72,2,19,129,80,8,0,157,32,32,138,192,20,8,176,8
2,131,32,136,148,129,140,103,4,4,24,135,0,44,50,64,72,3,147,133,210,8,4,213,40,0,142,193,21,76,180,64
0,149,18,140,151,225,48,103,4,1,74,2,44,50,32,64,224,51,130,128,18,152,16,221,41,36,154,67,16,72,165,10
3,203,3,140,20,144,44,101,68,64,82,71,32,8,182,192,72,42,18,197,199,168,4,253,32,40,134,128,28,28,184,28
2,131,2,140,148,128,12,37,4,5,80,135,32,12,50,64,68,2,147,133,82,136,0,157,32,32,138,192,28,12,184,88
3,200,32,140,4,145,140,228,68,64,80,70,32,8,182,96,72,0,18,197,197,32,36,253,32,40,138,128,29,28,248,76
1,201,73,206,20,129,207,244,68,0,84,66,48,129,180,100,72,104,18,202,195,168,44,125,32,40,162,128,21,154,112,172
2,135,34,136,150,193,188,103,14,69,88,163,44,142,48,64,102,27,147,133,210,136,4,221,40,36,138,195,21,12,181,73
2,131,32,140,144,129,140,39,4,69,88,135,32,44,50,64,76,34,131,133,214,8,4,157,40,32,142,193,20,12,180,88
2,145,18,153,147,164,56,99,62,1,74,131,172,150,32,64,230,27,147,144,18,152,18,213,13,52,154,194,148,0,161,147
2,129,0,136,20,129,12,37,4,0,80,2,32,2,48,64,64,2,19,129,80,8,0,213,40,32,138,192,20,8,176,8
2,135,32,136,146,129,152,35,6,5,24,135,8,46,50,64,76,19,147,149,146,8,0,149,40,4,138,193,148,12,180,80
32,72,104,206,4,129,195,240,68,0,116,2,48,1,181,100,72,104,18,74,192,40,36,189,96,8,162,0,87,187,112,168
130,0,210,145,100,138,248,66,61,1,82,18,140,138,48,72,234,9,23,145,2,188,0,192,4,16,154,192,148,8,113,128
130,141,0,156,148,130,140,47,20,2,88,2,96,104,48,65,89,34,19,161,112,136,0,159,32,38,222,128,20,104,176,8
2,149,18,136,147,224,184,98,4,1,74,162,12,62,32,64,107,27,147,145,18,136,16,213,9,36,154,195,148,0,37,18
2,193,32,140,20,129,140,101,4,0,80,2,32,8,48,64,72,0,19,129,192,8,4,149,32,32,138,192,20,12,176,8
39,73,99,78,84,147,202,113,69,64,85,70,96,72,183,164,88,40,18,239,197,162,44,157,34,40,131,128,95,175,120,196
131,197,2,156,20,144,140,103,20,65,88,87,40,10,50,193,72,35,19,133,247,140,4,223,32,34,154,192,29,12,184,12
130,32,146,153,96,128,184,64,190,25,80,18,140,134,112,72,230,9,19,145,2,144,2,208,4,16,154,138,16,0,33,129
55,8,98,172,68,18,202,64,65,192,241,2,11,8,183,96,120,161,23,231,140,163,36,204,146,232,138,152,53,175,112,196
57,72,106,236,70,18,235,80,68,196,86,134,121,9,179,96,126,228,23,238,136,178,36,140,114,105,170,128,63,187,120,216
130,133,0,138,147,225,146,103,6,5,89,179,8,46,32,64,75,27,131,145,50,8,8,183,41,4,142,195,148,78,181,82
84,8,6,158,28,129,130,64,132,128,211,2,99,200,33,66,72,40,110,66,8,163,138,173,144,224,139,24,20,43,48,0
2,128,2,153,19,224,56,66,30,21,74,179,172,134,34,72,102,59,147,145,18,152,2,213,13,36,154,203,148,4,37,210
3,192,38,153,52,144,168,167,92,81,86,2,168,136,182,96,235,11,51,205,214,152,38,245,44,62,154,192,20,12,241,76
2,147,32,136,148,193,152,99,4,69,88,167,0,46,50,64,76,19,147,149,146,8,0,213,40,0,138,193,20,12,180,80
2,223,38,156,130,128,188,167,148,20,90,167,44,46,50,65,102,35,179,133,242,136,6,253,32,34,222,192,28,20,185,89
2,142,32,156,20,131,138,238,22,6,88,131,96,108,50,64,93,99,147,133,166,8,4,255,40,38,155,193,20,12,52,72
2,220,50,216,87,149,186,246,93,9,124,34,44,59,36,68,239,27,19,216,242,168,56,255,43,30,150,66,83,8,33,139
163,205,99,222,84,147,143,246,84,66,92,66,48,8,182,37,72,106,18,207,229,170,36,191,34,14,142,128,87,156,240,236
60,8,123,108,70,2,107,80,4,128,119,194,113,77,177,96,126,252,23,238,136,178,36,44,82,233,161,128,103,187,96,177
3,74,162,156,20,131,138,66,22,68,82,135,32,140,51,64,92,40,179,197,134,156,7,255,0,38,154,128,21,13,52,92
7,4,115,73,245,182,169,82,108,9,127,66,72,168,180,228,248,42,18,25,147,184,36,204,14,62,130,194,215,142,113,165
3,202,0,136,110,129,188,228,142,72,80,199,172,142,50,64,230,9,155,197,199,9,2,253,52,16,138,170,28,28,57,221
40,72,106,238,68,131,194,112,68,128,116,2,113,73,181,96,72,160,19,106,192,160,0,188,66,169,160,0,119,187,112,168
2,134,34,152,23,227,184,103,20,5,74,147,40,46,50,64,109,51,131,133,50,152,4,223,41,38,154,195,20,12,180,74
2,155,38,156,154,129,188,231,132,69,218,167,44,174,50,64,102,51,187,133,214,137,6,253,32,38,158,203,21,4,181,89
131,10,162,153,4,129,168,64,20,196,82,135,168,136,51,72,108,41,147,213,132,150,70,224,4,32,154,129,29,29,56,220
42,8,96,222,84,243,155,64,22,68,85,163,97,205,183,36,92,184,147,129,162,166,46,159,66,79,139,129,119,143,116,248
50,175,0,138,92,193,138,224,135,4,152,131,32,204,122,0,92,187,135,215,90,11,8,189,184,4,143,249,21,14,52,216
35,201,103,158,20,145,142,230,84,64,84,198,32,200,182,229,72,106,18,207,197,168,38,253,34,42,218,128,95,28,120,220
3,193,32,140,4,145,140,37,4,64,80,199,32,8,50,64,72,0,19,133,212,8,4,149,32,32,138,192,28,12,184,92
6,203,36,154,156,129,14,165,134,21,89,135,96,232,58,64,73,74,51,215,214,8,14,181,40,6,143,192,20,15,144,64
82,219,34,140,154,128,156,103,134,69,218,167,44,142,50,64,110,35,187,197,214,11,6,253,176,36,158,203,21,12,189,89
2,176,144,153,105,133,184,64,142,25,0,0,140,158,96,10,133,25,251,17,18,73,146,209,13,16,26,106,144,0,33,147
3,197,32,142,132,145,142,165,68,71,89,151,96,40,50,64,65,66,19,199,244,8,12,191,32,36,142,128,28,30,184,92
50,89,82,238,99,132,86,101,13,8,240,34,46,90,37,80,254,185,151,226,64,171,16,237,51,248,2,138,113,50,99,139
26,151,98,168,155,193,28,103,5,69,216,163,45,174,34,64,102,187,159,129,90,139,2,221,177,101,170,203,53,4,165,91
41,72,99,92,84,147,235,112,85,64,116,66,113,65,181,228,88,232,18,234,225,182,36,191,66,46,160,128,119,187,112,236
154,248,90,184,75,193,56,196,159,0,96,162,60,151,32,80,238,185,147,192,66,14,18,241,115,193,154,43,51,16,39,154
3,195,0,136,132,129,140,37,4,4,80,135,0,8,50,64,72,2,19,133,212,8,4,149,32,32,138,192,28,12,152,64
3,193,0,140,132,128,140,37,4,64,80,135,32,8,50,64,72,2,19,197,212,136,4,157,32,32,138,192,28,12,184,88
3,131,0,136,132,129,140,37,4,4,80,135,0,8,50,64,72,2,19,133,212,8,4,149,32,32,142,192,28,12,152,64
3,144,51,217,113,189,184,66,126,73,118,112,172,154,164,236,135,59,146,24,183,152,34,215,15,62,26,194,210,0,105,173
2,135,128,136,147,225,144,67,6,5,8,163,8,46,32,64,75,19,131,145,18,8,0,213,9,4,138,195,148,76,180,82
130,48,144,152,19,229,16,66,30,3,0,18,12,150,96,72,229,25,147,144,34,4,18,210,9,6,26,106,144,72,37,131
39,72,103,207,68,130,235,80,197,192,86,66,48,192,181,229,124,232,18,239,193,178,100,236,20,40,162,128,119,187,112,236
48,5,82,232,52,43,74,112,13,0,249,10,15,136,49,80,250,168,6,33,8,179,0,142,146,253,128,16,117,171,112,0
161,32,98,201,100,147,225,66,87,99,246,18,130,8,182,236,216,136,22,25,143,182,101,148,20,24,146,80,215,12,120,228
161,32,225,217,101,157,233,80,95,91,116,82,138,136,244,237,233,136,22,153,163,180,100,208,5,28,146,66,215,12,81,164
33,197,99,204,4,19,135,127,68,2,92,2,112,104,180,100,88,34,18,41,225,184,37,159,32,44,135,0,87,250,240,172
134,143,32,154,148,227,142,239,22,22,89,179,96,110,57,65,89,115,147,179,114,72,8,191,40,6,143,199,148,127,180,80
3,0,146,153,52,185,184,3,254,89,82,213,172,138,178,72,198,43,51,21,151,184,6,209,4,48,154,202,156,12,25,221
134,157,0,154,147,225,30,167,20,3,73,179,108,118,40,65,83,83,147,210,114,12,24,247,41,38,142,67,148,91,165,26
2,130,134,157,20,138,168,3,22,101,82,135,160,140,50,64,108,15,179,133,18,216,193,213,12,38,154,193,20,12,20,216
3,146,50,152,101,181,184,67,158,89,80,117,172,154,114,73,230,43,147,149,150,24,2,209,4,16,26,234,152,4,169,151
18,20,82,136,23,39,184,66,45,0,250,2,12,154,37,64,238,145,206,176,16,163,0,204,145,140,138,10,85,8,33,129
227,0,34,156,92,179,136,104,214,97,209,31,96,200,190,96,88,168,27,165,164,135,100,159,16,46,155,248,21,12,48,68
2,34,2,137,70,168,184,66,174,21,82,167,172,142,114,72,110,43,171,149,2,152,195,209,4,48,154,193,20,12,53,216
2,135,0,136,148,225,24,67,6,69,24,163,0,46,48,64,73,19,131,145,18,8,0,149,8,4,138,193,148,76,148,66
134,205,4,158,156,128,142,167,134,17,88,2,96,232,56,64,73,74,51,195,82,8,10,183,40,36,142,200,20,90,176,8
2,1,66,137,91,225,184,66,44,1,120,131,140,142,32,64,110,185,147,144,18,154,80,208,21,32,154,194,21,0,33,144
50,2,70,168,68,3,104,88,5,69,210,135,9,143,54,73,124,137,183,149,12,146,7,208,18,104,218,132,63,140,120,208
3,195,99,205,36,144,175,53,76,68,82,230,168,12,180,228,102,50,19,207,193,184,36,253,36,56,138,128,23,156,245,124
2,146,134,157,20,194,48,107,22,161,82,162,32,182,32,64,89,60,163,128,34,216,1,157,8,38,155,199,20,8,52,27
6,18,118,204,74,193,184,88,167,4,115,167,104,207,45,88,126,185,163,128,128,179,2,208,2,40,138,139,87,134,36,211
3,131,0,140,132,129,12,101,4,4,80,135,32,2,34,64,72,2,3,132,212,8,4,213,32,32,138,192,28,12,184,68
56,16,114,232,119,47,216,80,85,8,252,10,11,25,53,48,254,168,6,33,136,179,16,142,211,253,32,2,115,138,114,131
3,2,162,153,52,169,168,3,62,5,82,147,172,138,50,72,226,43,19,21,150,152,70,209,4,52,154,193,148,12,17,201
3,201,0,142,20,145,140,165,68,64,80,71,32,8,50,192,72,2,19,69,199,8,12,189,40,32,142,192,28,30,184,12
87,24,50,206,62,153,178,64,236,72,209,42,172,216,55,96,230,41,95,67,132,163,162,249,144,56,10,154,20,47,113,199
32,218,107,77,70,147,239,117,69,68,118,166,49,13,180,100,110,176,19,204,193,184,101,253,102,40,160,128,119,152,228,248
3,193,33,140,4,144,140,165,68,64,80,67,32,8,48,228,72,0,19,69,197,40,4,157,32,32,142,128,29,28,248,44
35,203,98,136,92,145,142,237,68,64,80,199,40,200,182,224,88,41,147,229,199,170,6,253,50,40,142,136,29,30,248,220
2,148,19,217,114,186,184,99,60,9,90,112,172,170,164,196,167,59,19,17,51,152,32,223,12,62,26,194,148,0,169,169
4,205,128,130,148,160,14,166,6,1,24,2,64,104,33,64,65,66,2,82,82,8,8,166,40,4,143,64,148,123,144,8
66,104,34,142,60,137,170,64,206,160,146,10,172,136,49,64,202,108,127,67,194,41,198,253,144,48,138,184,4,15,17,9
2,143,34,139,20,163,170,166,12,69,90,135,228,44,50,64,110,35,147,133,182,152,4,255,44,38,138,193,21,14,53,88
3,193,0,140,4,145,140,165,68,64,80,199,32,8,50,224,72,0,19,69,197,40,4,157,32,32,142,128,28,28,184,92
26,143,34,168,214,193,190,231,4,69,88,167,45,142,50,64,110,155,151,197,86,138,4,253,248,69,170,203,53,12,181,218
3,201,0,142,20,129,142,229,4,64,80,199,96,72,58,64,88,34,19,199,214,8,12,189,32,32,142,192,28,14,184,28
2,135,34,137,148,163,186,103,4,101,90,163,40,46,50,64,108,51,147,133,80,152,5,255,40,6,154,193,21,12,180,88
10,149,18,168,243,164,57,119,44,9,94,2,188,183,32,68,230,59,147,144,18,152,0,223,105,53,58,202,146,0,161,139
82,233,128,140,28,128,10,140,134,128,144,2,160,130,97,66,72,236,110,208,74,11,195,185,184,36,143,188,20,58,48,8
3,200,33,140,4,145,140,164,68,64,84,66,32,8,182,228,72,64,18,77,197,40,36,189,34,40,142,128,29,28,248,108
35,201,99,78,84,145,198,236,69,64,120,66,32,200,188,164,88,232,18,107,199,170,44,189,32,12,130,136,87,158,112,172
18,203,34,138,156,129,142,231,4,69,216,135,40,140,50,64,76,43,151,197,222,137,6,253,168,36,158,201,21,14,180,216
3,195,0,136,132,129,140,165,4,64,80,199,32,8,50,64,72,2,19,133,212,8,4,149,32,32,142,192,28,28,184,92
33,205,103,158,84,145,142,228,84,64,88,66,32,72,182,161,72,42,18,71,231,170,4,189,32,8,142,0,93,30,248,140
2,157,26,138,147,193,62,231,4,1,88,163,44,118,32,64,102,19,147,128,82,136,0,255,40,36,138,195,20,2,165,27
35,201,97,137,20,147,134,237,68,64,80,66,32,8,180,164,88,0,18,105,199,56,101,189,32,8,142,196,93,28,240,140
3,200,33,140,4,145,142,164,68,64,80,66,32,8,181,228,72,96,18,79,197,40,36,189,32,40,138,128,29,29,112,108
35,201,97,141,20,147,166,229,68,64,112,66,32,8,180,228,104,32,18,233,199,184,100,189,36,8,138,128,85,28,248,140
2,139,0,136,148,129,142,229,4,4,80,135,32,72,50,64,76,34,131,229,214,8,4,189,40,0,142,197,21,12,180,216
3,193,0,140,4,144,140,165,4,64,80,199,32,8,50,192,72,2,19,69,197,40,4,189,32,32,142,128,28,28,184,28
3,131,0,140,132,129,140,37,4,4,80,135,0,42,50,64,64,3,147,133,212,8,4,149,40,32,138,192,28,12,184,92
2,207,36,136,148,129,140,231,20,5,88,135,32,8,50,65,76,2,147,197,242,136,0,189,40,32,158,192,28,28,176,216
33,72,123,79,102,139,231,244,77,0,116,2,48,73,181,36,122,104,18,106,195,186,36,253,102,24,32,0,119,155,80,173
3,195,32,140,148,129,142,231,4,5,88,135,32,40,50,64,72,2,19,197,214,8,4,181,32,32,142,192,29,28,184,92
3,201,0,142,4,145,142,165,4,64,81,199,96,72,58,192,88,2,19,199,199,40,12,189,32,32,142,192,29,30,184,92
2,135,0,136,144,225,24,98,6,5,88,163,8,46,50,64,77,19,131,149,18,8,0,213,8,4,138,195,148,76,52,64
60,90,122,108,70,210,218,112,69,0,116,162,123,93,181,0,126,184,151,234,200,178,36,188,114,233,160,137,119,187,116,179
2,203,32,136,20,129,138,229,6,5,80,135,32,12,50,64,76,3,147,197,214,8,4,253,40,0,142,193,21,12,180,72
3,0,34,129,102,153,168,64,236,65,82,135,140,138,246,232,106,137,27,149,135,147,164,192,20,24,138,224,29,12,57,196
3,193,0,140,132,144,142,165,4,64,80,199,32,8,50,192,72,2,19,7,213,40,4,189,32,32,142,128,29,28,184,92
3,193,33,140,4,145,140,165,68,64,80,66,32,8,182,224,72,0,18,69,197,40,36,189,32,40,142,128,29,28,248,76
2,181,18,136,211,165,184,67,14,9,88,34,12,150,32,64,231,27,147,144,18,10,16,213,41,20,26,202,144,0,161,131
3,192,0,140,4,144,140,165,68,64,80,71,32,8,178,224,72,0,18,197,197,40,4,157,32,32,138,128,29,28,184,12
45,13,106,78,84,179,195,112,69,64,125,66,115,200,183,228,88,168,22,110,141,162,36,189,114,45,160,136,119,175,120,236
2,149,114,136,243,225,184,99,173,69,88,163,44,190,34,64,231,27,151,145,18,137,0,215,184,52,154,203,148,4,165,211
3,193,0,140,4,144,140,37,68,64,80,199,32,8,50,96,72,2,19,5,197,40,4,157,32,32,142,128,29,28,184,76
3,193,32,136,4,129,140,37,4,68,80,135,32,8,50,64,72,2,19,133,212,8,4,149,32,32,138,192,28,12,184,88
54,0,98,236,68,2,202,64,65,128,241,2,64,201,53,64,88,168,23,163,136,179,0,200,18,40,138,136,55,170,112,128
3,200,35,140,4,145,142,228,68,64,80,70,32,8,181,224,72,96,18,199,197,168,36,189,32,40,138,128,29,28,120,12
2,131,32,136,132,193,140,37,4,4,80,163,0,12,48,64,72,19,131,129,80,8,0,149,40,0,142,193,20,12,180,64
3,211,34,152,150,128,188,103,158,69,82,167,44,142,50,64,102,43,147,133,214,8,6,213,32,32,154,202,29,12,185,221
35,129,98,140,20,144,172,101,68,64,82,135,40,12,182,96,104,2,19,133,212,168,36,221,34,40,138,192,21,12,240,76
35,205,104,204,84,145,207,246,68,64,92,130,48,141,180,100,72,106,19,205,195,42,36,253,98,13,170,136,119,152,240,236
2,149,22,157,146,224,56,103,172,1,90,163,44,182,32,64,102,63,187,128,82,153,2,197,44,32,154,195,20,0,165,27
56,201,96,232,84,129,198,246,71,0,252,10,35,137,52,0,72,170,23,75,202,42,0,189,50,201,160,56,119,152,112,136
2,131,38,156,150,128,188,103,28,69,82,151,44,142,50,64,110,35,179,133,246,152,6,221,40,38,154,192,29,4,185,216
3,193,0,140,132,145,140,165,4,64,80,199,32,8,50,64,64,2,19,69,212,8,4,157,32,32,142,128,28,28,184,28
2,133,2,140,20,128,140,103,4,0,88,2,40,42,48,64,104,35,19,129,80,136,0,221,32,32,138,128,21,8,176,8
3,197,35,156,20,145,172,231,84,65,88,199,40,44,180,224,106,43,19,133,247,168,36,223,32,46,158,192,21,12,177,236
40,205,106,200,84,129,207,247,68,0,124,2,49,137,180,96,72,170,19,201,194,170,36,253,98,41,166,200,119,152,240,168
3,200,1,140,4,145,134,164,68,64,80,199,32,8,178,224,72,64,18,71,197,8,4,189,32,32,142,128,28,28,56,28
3,201,0,140,148,145,142,167,4,64,88,71,32,40,50,64,64,98,19,199,212,8,12,189,40,32,142,192,28,28,184,28
131,141,34,140,148,146,140,39,68,64,88,135,32,44,50,64,72,34,18,133,214,136,36,223,32,32,142,128,20,12,176,76
2,149,0,136,147,225,144,99,6,1,72,2,8,22,32,64,201,19,147,144,18,8,16,213,9,4,138,67,144,8,165,18
3,137,0,138,148,145,142,165,68,64,88,71,96,104,50,96,72,34,18,71,215,8,12,189,40,32,142,192,28,14,184,12
3,200,1,140,4,145,142,228,68,64,80,70,32,8,180,224,72,96,18,197,197,168,4,189,32,40,138,128,29,28,56,12
2,131,32,136,132,193,156,37,4,68,80,163,32,14,50,64,76,19,147,133,80,8,0,213,32,32,138,193,20,12,180,88
2,142,2,138,20,161,138,98,4,5,89,135,96,74,50,64,92,35,147,133,2,136,8,253,0,36,138,192,20,15,52,72
2,195,32,136,4,129,140,37,4,68,80,167,32,12,50,64,76,3,147,133,212,8,4,157,32,0,142,193,20,12,180,88
130,88,18,152,19,193,58,196,30,0,64,162,44,150,33,72,238,57,147,192,66,140,18,255,1,36,154,11,20,17,37,154
0,193,0,136,21,129,12,101,4,0,64,2,32,10,48,64,72,0,19,129,82,8,16,149,41,32,142,64,20,8,144,8
42,192,120,201,116,149,255,245,76,8,116,2,60,31,180,0,206,25,19,200,194,56,32,245,110,25,170,224,87,136,241,169
0,129,82,140,102,128,236,101,141,0,112,2,44,10,52,64,106,163,6,129,80,171,0,221,48,56,138,8,85,8,241,136
26,133,98,201,148,178,232,51,69,1,94,2,41,41,180,96,106,35,23,137,146,184,37,221,102,237,170,192,183,140,240,132
1,133,35,73,116,191,160,98,76,73,122,66,168,8,180,228,200,42,18,8,151,184,36,223,4,60,146,64,95,140,113,228
2,143,32,138,148,129,14,231,6,5,88,135,104,110,58,64,93,67,147,197,246,8,12,255,40,36,142,192,28,14,188,88
3,131,34,136,20,129,140,101,4,69,80,135,32,10,50,64,76,3,131,133,214,8,4,221,32,32,138,193,28,12,184,92
3,200,1,140,4,144,140,101,68,64,80,71,32,8,182,224,72,32,18,197,197,40,4,189,32,40,138,128,29,28,56,76
3,207,0,138,148,129,142,229,4,4,89,135,32,42,50,64,76,3,147,199,214,8,12,245,40,32,142,192,28,30,184,28
3,72,3,142,4,16,142,164,68,64,80,70,96,8,177,228,72,96,18,199,197,168,12,189,32,32,138,128,29,31,120,28
2,147,32,140,148,129,140,37,4,68,80,167,0,12,50,64,76,2,147,133,208,8,4,149,32,32,142,193,20,12,180,88
56,0,106,225,68,18,104,80,65,160,118,2,75,11,180,80,120,132,21,168,136,178,33,136,82,233,160,132,103,168,112,128
40,140,106,222,20,128,195,114,84,2,124,2,113,105,176,96,72,34,19,8,224,168,36,63,98,47,162,0,117,170,112,168
2,131,32,136,148,129,140,103,4,68,88,135,32,14,50,64,76,3,147,133,214,8,4,213,40,0,138,193,20,12,180,84
2,0,22,137,108,129,168,64,140,16,80,2,140,138,112,67,194,9,27,145,2,0,2,209,4,16,138,234,20,8,33,129
2,195,0,136,132,129,140,229,4,4,80,135,32,8,50,64,76,2,3,133,82,40,0,149,32,32,138,192,21,12,180,88
2,0,30,136,100,128,168,64,172,16,18,2,157,10,32,66,106,33,27,128,2,1,2,192,132,144,138,136,20,0,33,128
131,205,99,220,4,144,135,167,84,66,88,66,32,32,180,229,72,98,18,75,225,172,36,175,32,46,158,128,23,220,240,108
3,193,0,140,20,145,12,165,68,64,80,71,32,8,50,192,64,0,19,197,199,8,4,157,32,32,142,192,28,12,184,28
3,192,1,140,4,145,140,165,68,64,80,71,32,8,176,224,72,0,18,69,197,40,4,157,32,32,142,128,29,28,152,12
163,77,97,140,4,16,142,228,84,66,80,198,32,8,181,228,72,98,18,207,229,164,36,239,32,40,138,128,31,61,120,124
3,193,0,140,132,17,140,165,68,64,80,71,32,8,50,224,72,0,18,197,197,8,4,189,32,32,142,128,28,28,184,28
3,193,32,140,4,145,140,101,68,64,80,199,32,8,50,64,72,2,19,5,197,40,4,157,32,32,142,128,28,28,152,92
2,131,0,136,148,129,8,33,4,5,80,131,0,14,50,64,76,3,131,133,82,8,0,149,40,0,138,193,20,12,180,80
2,48,146,152,47,133,56,64,142,25,80,2,140,154,96,74,230,25,51,145,2,0,130,208,1,16,26,170,144,8,33,131
130,48,16,152,19,197,152,64,30,25,16,50,12,150,96,73,205,25,147,144,34,68,18,208,9,0,154,226,148,8,37,147
131,205,33,140,4,16,140,167,84,66,88,70,32,8,183,224,72,98,18,197,229,44,36,171,32,40,142,128,29,92,248,76
5,72,99,76,4,18,171,16,68,192,84,2,48,72,181,100,72,96,18,203,129,160,36,232,0,40,163,128,87,185,112,44
60,64,98,108,68,2,70,88,65,128,246,10,67,73,185,16,120,228,4,106,136,179,0,136,242,233,33,4,103,187,98,0
2,48,144,144,51,133,144,66,30,11,16,50,12,158,96,8,231,25,147,17,2,4,2,210,1,20,26,162,144,8,5,147
3,195,0,136,148,129,140,37,4,68,80,135,0,14,50,64,72,2,19,133,214,8,4,149,40,32,142,192,28,12,184,80
3,192,1,142,20,145,142,236,68,64,81,70,96,104,184,224,88,64,18,231,197,0,44,189,40,32,142,128,28,31,48,12
169,13,107,206,4,2,239,49,84,130,95,2,113,97,177,96,120,100,18,170,225,180,36,14,98,47,162,128,39,170,112,32
3,131,32,136,148,129,140,37,4,4,80,135,32,10,50,64,76,2,147,133,214,8,4,213,40,32,138,192,20,12,176,64
6,235,32,138,148,129,142,237,6,5,25,135,72,202,122,64,88,75,147,247,210,8,8,245,40,0,143,193,20,31,180,0
18,195,2,168,26,128,28,101,133,4,208,135,41,130,50,64,110,171,159,133,74,11,2,213,176,96,138,201,52,4,189,200
3,193,32,140,20,145,140,165,4,68,80,135,32,8,50,64,72,2,19,5,212,8,4,157,32,32,142,128,29,28,184,92
129,128,51,89,117,189,176,82,125,11,114,80,172,152,52,236,225,41,18,24,179,188,34,215,7,62,18,66,218,8,97,165
165,4,110,204,20,162,235,80,84,64,87,18,81,201,189,105,120,40,19,169,176,176,37,14,64,47,162,128,53,171,112,96
131,2,38,153,20,147,168,2,86,37,82,151,160,8,182,73,72,40,35,133,166,188,69,157,4,2,154,193,85,12,88,204
2,193,0,140,132,129,12,37,4,0,80,2,32,10,48,64,64,2,19,129,80,8,0,149,32,32,138,192,20,8,176,8
3,201,32,140,4,145,140,229,68,64,80,71,32,8,182,224,72,0,18,69,197,40,4,189,32,40,142,128,29,28,248,76
134,220,16,154,147,193,146,174,30,19,80,179,108,126,40,65,247,83,147,193,114,12,24,255,40,38,30,199,148,8,165,27
2,218,36,156,22,195,152,170,22,20,80,163,96,236,32,65,91,49,179,161,34,72,6,221,8,38,219,195,20,12,52,91
3,193,32,140,4,145,140,37,68,64,80,7,32,8,178,96,72,2,19,133,213,40,36,157,32,32,142,128,29,28,184,76
130,0,38,157,11,195,40,64,20,101,66,179,40,134,50,73,106,41,179,129,0,148,7,209,0,32,218,131,20,4,53,90
3,148,51,152,151,245,184,82,78,65,74,86,140,190,54,236,231,27,147,149,151,136,48,215,11,30,154,66,150,68,33,119
82,16,82,128,75,66,176,64,169,128,226,34,12,22,33,82,238,149,203,160,0,131,16,200,145,32,10,11,1,0,39,147
3,193,0,140,4,129,140,37,4,0,80,71,32,8,50,64,72,0,19,133,196,40,0,157,32,32,142,128,28,24,184,8
35,72,99,206,4,16,139,160,68,64,80,198,32,12,183,228,72,96,18,207,133,160,36,249,0,40,138,128,31,191,120,108
3,192,33,140,4,144,140,165,68,64,80,199,32,12,182,224,72,0,19,197,197,40,36,221,32,40,138,128,29,28,248,92
3,201,0,142,20,145,142,229,68,64,80,199,96,72,190,224,92,99,19,199,197,8,12,253,32,40,142,128,29,30,184,92
45,72,106,78,68,147,203,216,68,64,116,2,113,73,181,100,88,224,18,234,129,162,44,173,98,41,160,128,119,187,112,160
28,0,106,236,4,2,235,80,68,128,87,2,81,73,177,96,120,164,23,171,136,176,37,8,66,169,170,128,37,170,112,32
2,195,32,140,132,1,140,37,4,68,80,135,0,12,50,64,72,2,147,133,208,8,4,149,40,0,142,192,20,12,180,88
35,72,107,206,68,145,203,240,68,64,84,66,112,72,181,100,72,96,18,202,193,160,36,189,34,40,162,128,119,187,112,236
2,129,32,136,132,193,140,37,4,64,80,131,0,44,50,64,72,3,147,133,80,8,0,149,32,0,142,129,20,12,180,80
3,131,0,140,132,145,140,37,4,68,80,135,32,40,178,64,76,34,147,133,212,8,4,157,32,32,142,192,29,12,152,76
3,131,32,140,20,129,140,101,4,68,80,135,40,14,50,64,76,3,147,133,214,8,4,221,32,32,138,192,29,12,184,92
3,201,97,140,4,145,140,229,68,64,80,66,32,8,180,228,72,32,18,205,197,40,36,189,32,40,138,128,93,28,240,236
128,52,16,128,23,229,144,66,6,1,8,18,12,152,96,0,205,25,130,17,2,36,16,150,9,0,18,99,145,8,17,130
3,193,2,140,4,144,140,37,68,64,80,199,32,8,178,192,72,34,18,133,197,136,4,221,32,32,138,128,28,28,184,28
33,201,97,204,20,129,135,228,68,64,80,66,48,8,180,100,72,96,18,75,195,168,36,189,32,40,130,0,87,156,112,236
3,193,2,140,20,145,140,165,4,64,80,199,32,8,50,192,72,35,19,197,215,8,4,157,32,32,142,192,29,28,184,28
2,135,2,140,144,128,44,39,4,5,90,135,40,42,50,64,100,35,131,133,86,136,0,221,32,32,138,193,20,12,185,8
32,200,104,204,68,129,207,245,68,0,84,2,49,9,176,96,72,32,19,203,192,170,36,189,96,41,162,128,117,152,112,168
3,193,0,140,4,145,140,165,4,64,80,199,32,8,178,192,72,34,18,197,213,8,4,157,32,32,142,128,28,28,184,28
3,195,0,136,148,129,132,229,4,0,80,7,32,40,50,64,72,2,2,5,84,40,0,149,40,32,142,192,28,28,152,8
2,195,32,136,148,129,140,229,4,4,80,3,32,8,48,64,72,2,19,133,210,40,4,149,40,32,142,192,29,12,144,8
2,131,0,136,18,129,152,101,6,5,80,135,12,14,50,64,110,19,147,149,82,8,0,213,40,36,138,192,28,12,177,80
3,192,1,140,4,144,140,165,68,64,80,70,32,8,180,228,72,0,18,197,197,40,4,157,32,40,138,128,29,28,184,12
2,195,32,136,4,129,12,101,4,68,80,135,32,14,50,64,72,3,147,133,212,8,4,149,32,32,138,192,28,12,180,88
3,129,2,140,148,144,164,37,68,64,80,199,40,8,50,64,96,2,19,133,215,136,4,213,32,32,138,192,28,12,184,28
32,8,104,206,4,0,131,80,68,64,84,2,112,9,181,96,72,96,18,75,129,160,36,185,64,40,162,0,117,187,112,168
2,147,2,136,150,192,28,35,4,5,88,163,40,46,32,64,68,19,147,128,80,8,0,213,32,32,138,195,20,12,180,83
1,8,107,206,4,2,131,16,68,64,85,2,112,72,181,100,72,96,18,107,129,160,36,137,64,40,162,0,85,171,112,108
33,200,97,204,4,145,134,228,68,64,112,66,32,8,181,228,72,0,18,73,197,40,36,189,34,8,142,0,93,28,120,172
3,131,32,140,4,129,12,37,4,4,80,135,32,40,50,64,64,34,3,133,212,8,4,157,32,32,142,128,28,12,152,76
3,201,0,140,20,145,142,165,68,0,80,7,32,8,178,64,72,34,18,197,214,40,4,189,40,32,142,192,29,12,184,12
3,131,32,140,20,129,136,37,4,69,80,135,32,8,50,64,76,0,19,133,214,8,4,157,40,32,138,192,28,12,184,92
3,129,2,140,148,131,172,101,4,64,82,199,32,8,50,192,104,35,19,133,212,184,4,221,32,32,138,192,29,12,184,220
2,135,32,136,148,160,168,99,4,5,88,135,8,46,50,64,110,3,19,149,146,8,0,213,8,4,138,192,21,12,177,64
2,135,34,140,150,130,188,99,4,5,90,163,40,46,50,64,110,51,147,129,80,152,0,221,40,36,138,195,21,12,181,72
50,232,64,170,20,129,74,224,7,0,208,10,35,200,49,0,72,168,23,195,74,35,10,189,176,192,139,184,53,11,114,136
60,0,98,168,4,131,200,64,69,0,209,2,67,72,57,64,88,160,23,163,136,178,0,156,128,201,138,128,117,42,112,128
2,133,0,137,180,169,40,35,14,9,88,2,140,34,48,64,192,2,19,17,18,24,64,149,12,20,138,192,148,72,145,0
3,201,99,204,70,145,172,229,68,64,80,66,40,8,180,228,110,33,19,205,199,170,36,253,32,40,142,128,29,28,249,172
3,192,3,140,4,145,140,229,68,0,80,66,40,8,176,228,72,33,19,193,193,40,4,253,32,32,138,128,29,28,184,12
2,129,0,136,180,165,24,3,14,9,88,2,140,44,48,64,192,3,19,17,18,8,64,149,13,20,138,194,148,12,145,1
61,8,98,78,68,147,202,80,69,192,117,139,115,205,183,32,120,168,23,239,140,178,36,140,82,105,160,136,119,175,112,192
2,52,16,136,18,225,184,66,14,1,24,162,140,54,32,64,199,19,147,144,18,8,0,212,8,20,10,227,148,72,37,147
2,131,32,136,20,129,136,229,6,69,80,167,32,140,50,64,76,11,147,133,214,8,4,221,40,36,158,193,21,12,180,220
130,32,144,152,52,141,56,2,30,11,80,16,140,130,96,72,195,9,19,16,34,84,2,210,12,22,26,224,144,0,1,129
2,131,0,136,128,64,12,39,4,4,88,163,0,38,34,64,76,3,131,133,80,8,0,144,40,32,142,193,20,76,180,64
2,135,0,136,147,225,156,103,6,69,88,163,8,46,50,64,73,27,147,129,82,8,0,213,41,4,138,195,21,12,180,210
2,148,0,136,147,229,24,2,6,1,72,131,8,54,32,64,205,19,147,145,18,8,16,213,9,4,138,67,144,76,53,82
3,193,32,136,148,129,140,165,4,64,80,135,32,12,50,64,64,2,19,133,212,8,4,213,32,32,142,192,28,12,176,92
2,195,32,136,20,129,140,229,4,69,80,135,32,12,50,64,76,3,147,197,214,8,20,157,40,0,142,193,29,12,180,92
3,193,0,136,132,145,140,229,68,68,80,135,32,8,50,64,72,2,19,133,215,8,4,157,32,32,142,192,28,12,184,92
3,131,0,140,132,128,140,37,4,68,80,135,32,8,50,64,64,2,19,133,212,8,4,149,32,32,138,192,28,12,184,76
3,195,0,140,20,129,140,37,4,68,80,135,32,10,50,64,76,2,19,133,84,8,4,221,40,32,142,192,28,12,184,88
2,195,32,136,149,145,140,229,68,5,80,131,32,8,54,0,72,2,147,197,86,40,4,149,40,0,142,193,21,12,212,206
3,193,0,140,4,129,140,101,4,64,80,199,32,8,50,64,72,0,19,133,198,8,4,157,32,32,138,192,29,12,184,24
3,193,0,140,132,145,140,165,68,64,80,199,32,8,50,64,64,2,19,133,197,8,4,149,32,32,142,192,28,28,184,92
130,32,144,145,108,137,184,0,26,59,16,16,140,136,80,11,203,9,51,17,34,116,194,208,4,18,218,174,148,8,81,129
2,129,0,140,20,129,140,37,4,0,80,2,32,10,48,64,72,2,19,129,80,8,0,221,32,32,138,192,20,8,176,8
2,131,32,136,148,129,140,103,4,4,88,135,0,46,50,64,76,3,147,133,210,8,4,213,40,0,142,193,21,92,180,80
0,149,18,136,151,231,48,99,12,1,74,2,44,186,32,64,224,51,130,0,18,152,16,223,41,54,154,67,144,8,165,10
3,203,3,140,20,144,14,229,68,64,80,199,32,8,178,192,72,42,18,197,199,136,4,253,32,32,142,128,28,28,184,28
2,131,0,140,148,128,12,37,4,69,80,135,32,12,50,64,68,2,147,133,82,136,0,157,32,32,138,192,28,12,184,88
3,193,32,140,4,145,140,165,68,64,80,135,32,8,182,96,72,0,19,197,212,40,36,213,32,40,138,128,29,28,184,92
33,201,105,206,20,129,199,244,68,0,116,66,49,193,177,100,72,104,18,202,195,168,40,61,96,40,160,128,53,154,112,168
2,131,32,140,144,129,140,39,4,5,88,167,32,44,50,64,76,35,147,133,214,8,4,157,40,32,142,193,20,12,180,88
2,149,18,153,147,164,56,99,44,1,74,131,172,150,32,64,230,27,147,144,18,152,18,215,13,52,154,66,144,0,161,146
35,201,96,136,84,145,142,228,4,64,80,199,32,12,182,64,76,35,147,197,198,40,4,253,34,8,138,192,29,12,248,156
2,193,0,136,4,129,12,37,4,0,80,2,32,2,48,64,64,2,19,129,80,8,0,149,40,32,138,192,20,8,176,8
2,135,32,136,146,161,24,35,6,5,24,167,8,46,50,64,76,19,147,149,18,8,0,213,40,4,138,193,148,76,180,81
3,193,0,140,4,145,140,229,68,64,80,199,32,8,50,96,72,3,19,133,199,8,4,221,32,32,142,128,29,28,184,140
130,0,178,145,118,169,184,66,125,1,82,18,140,154,48,72,239,25,19,145,162,188,0,194,4,22,26,194,148,8,33,129
2,141,2,156,148,2,140,47,20,2,88,2,96,40,48,65,88,38,19,161,112,136,1,159,32,38,222,128,20,40,176,8
35,201,97,78,84,147,202,112,69,64,117,70,96,200,182,36,88,40,18,111,199,162,44,189,34,8,128,128,127,143,112,196
2,193,32,140,20,129,140,101,4,0,80,2,32,8,48,64,72,0,19,129,192,8,4,149,32,32,138,192,20,12,176,8
35,9,98,142,20,147,138,112,68,64,85,198,96,72,183,228,88,40,18,239,197,170,44,189,34,8,138,128,95,175,120,204
63,8,98,172,4,18,202,80,65,192,243,3,75,10,183,96,122,165,21,231,140,179,36,204,146,233,170,128,37,175,112,68
2,0,66,128,68,128,168,64,172,0,240,2,140,138,32,0,106,169,19,128,0,178,0,192,20,0,138,136,69,8,99,128
84,32,6,172,12,130,10,64,132,128,211,2,67,200,33,66,72,44,110,98,8,131,130,136,144,225,139,24,4,43,48,0
2,144,18,152,75,197,184,64,142,25,64,2,12,150,96,72,230,57,187,144,18,15,18,209,17,20,26,107,16,0,37,147
3,200,38,153,52,144,168,166,222,81,86,2,172,136,182,96,234,43,51,205,198,152,38,245,44,62,154,192,20,28,241,76
2,147,0,136,150,193,152,99,4,69,88,167,0,14,48,64,76,19,147,149,18,8,0,213,40,0,138,193,148,12,180,80
2,142,32,156,20,131,138,238,22,6,88,131,96,108,50,64,93,99,147,133,38,8,12,255,40,38,159,193,20,12,52,72
5,4,115,73,244,178,171,82,108,73,127,66,200,40,180,228,250,42,18,25,149,184,36,206,14,62,130,66,215,143,113,165
24,147,90,233,210,194,120,119,37,1,126,162,25,31,164,80,110,155,151,176,82,154,1,213,126,233,162,193,55,128,228,131
18,156,80,202,83,197,146,246,29,1,124,2,44,127,36,64,239,155,147,192,114,42,24,255,59,6,134,67,51,10,161,139
40,8,106,238,68,131,226,112,69,128,117,2,115,73,181,64,88,160,6,106,136,178,36,189,66,233,160,0,119,187,112,136
60,0,74,224,6,2,75,80,33,160,247,131,91,15,57,80,126,149,21,174,8,179,0,140,208,233,163,132,101,171,96,80
34,220,112,218,87,213,154,240,23,0,92,162,104,223,37,36,79,57,147,193,34,46,56,255,11,14,154,195,55,11,52,190
2,219,38,156,26,128,188,231,132,69,218,167,44,174,50,64,110,51,187,133,214,137,6,253,32,38,222,202,29,12,181,93
35,205,99,222,84,145,143,230,84,66,84,198,48,76,182,165,72,106,18,207,231,170,36,191,34,14,158,128,95,156,112,236
2,135,34,136,23,163,184,103,22,5,90,151,40,46,50,64,109,43,131,133,54,152,4,223,40,38,154,193,21,12,188,74
50,175,64,170,86,193,154,226,7,4,216,163,105,206,36,0,93,187,151,243,74,11,8,191,184,68,143,251,53,142,52,218
135,40,162,147,100,144,168,64,124,195,83,215,140,136,247,200,234,41,19,151,135,148,6,226,4,24,154,128,140,13,57,212
42,2,98,200,84,243,201,72,23,68,84,163,97,205,183,4,88,40,151,173,136,182,36,159,66,79,168,129,119,141,116,244
6,203,4,154,148,129,14,165,22,21,89,135,96,238,58,64,68,67,179,199,82,8,14,245,40,38,142,193,20,15,180,80
2,176,148,152,105,197,176,67,142,25,0,0,172,158,96,74,133,25,187,17,18,73,146,209,13,16,26,106,144,0,161,131
43,2,234,9,84,51,233,82,84,197,86,151,1,140,183,108,120,40,19,157,132,182,37,202,66,13,178,193,247,140,116,196
3,197,0,142,132,128,142,165,20,71,89,135,96,108,58,64,65,66,19,199,244,8,12,183,32,38,158,192,28,94,184,88
35,201,102,158,28,145,174,228,196,64,86,198,32,200,183,228,72,96,50,205,199,169,38,253,34,42,138,136,93,30,120,220
50,89,82,140,75,196,158,101,137,8,240,34,44,222,37,80,254,185,151,226,64,3,16,205,177,160,10,139,17,50,39,155
2,195,32,136,148,129,12,37,4,4,80,135,32,8,50,64,72,2,147,133,212,8,4,149,32,32,138,192,20,12,176,64
41,72,103,77,84,147,235,112,85,64,116,66,113,193,181,101,88,232,22,234,137,182,36,189,66,46,160,128,119,187,112,172
3,131,2,140,132,128,140,37,4,68,80,135,32,8,50,64,64,2,19,133,212,136,4,157,32,32,138,192,28,12,184,88
3,200,0,140,4,145,142,164,68,64,80,71,32,8,50,224,72,64,18,197,197,8,4,189,32,32,142,128,29,28,56,12
26,143,106,168,210,193,30,103,5,5,216,163,45,175,34,64,110,187,151,129,94,138,4,253,250,101,170,203,55,140,180,219
3,129,99,141,20,146,169,103,84,65,82,86,0,40,180,228,120,6,18,173,245,184,101,223,36,46,154,192,31,12,240,108
90,72,242,228,36,10,218,16,105,136,114,2,47,9,53,82,234,229,21,99,136,177,0,232,130,249,226,128,103,185,113,9
2,135,0,136,146,225,24,99,6,5,24,163,8,38,32,64,77,19,131,144,18,8,0,213,8,0,138,195,148,76,180,80
3,128,118,153,52,185,168,3,126,65,82,84,172,136,182,232,163,43,50,21,151,184,103,213,4,62,26,192,220,12,73,141
48,5,82,168,54,171,202,113,13,128,250,10,15,136,53,80,250,168,14,33,24,163,0,220,144,252,128,24,117,171,114,1
2,135,0,136,151,225,152,35,6,5,24,163,8,46,32,64,75,19,131,145,18,8,0,213,8,4,138,195,148,76,180,82
161,32,98,153,100,155,192,64,93,97,244,18,130,8,182,173,88,136,22,29,143,182,101,208,22,24,146,96,93,12,120,228
131,0,97,209,100,153,232,64,93,91,112,82,138,8,246,173,232,136,22,153,143,246,100,192,6,88,218,224,215,140,120,229
131,133,99,204,20,19,143,127,84,66,88,66,96,104,180,228,88,34,18,169,225,184,37,159,32,46,138,128,87,172,240,236
134,143,36,154,148,227,142,235,22,214,89,179,96,108,57,65,93,115,147,183,114,72,10,191,40,6,207,197,148,108,180,80
3,128,2,153,100,185,184,3,254,89,82,213,172,138,50,72,198,43,51,21,151,184,6,209,4,48,154,202,156,12,57,221
2,130,134,157,20,138,168,67,22,101,82,135,160,140,50,72,108,15,187,133,18,152,193,213,12,38,154,193,20,12,20,216
18,20,114,136,87,36,248,66,45,0,250,130,12,30,36,64,238,145,159,177,152,171,16,204,147,204,138,194,245,8,97,129
51,0,34,156,92,179,136,104,86,65,208,31,96,200,50,96,88,168,31,165,172,135,100,159,144,6,155,252,21,12,48,68
2,48,148,154,73,197,16,64,158,27,16,16,140,150,96,11,205,25,179,16,2,68,146,208,1,16,90,170,144,8,33,131
2,141,0,158,156,128,142,175,134,1,88,2,96,234,56,64,89,74,51,195,82,8,138,183,40,36,142,200,20,90,176,8
51,2,102,168,76,3,104,88,5,84,210,135,1,142,54,73,124,137,183,181,140,146,7,208,18,72,218,132,63,140,120,212
3,149,2,137,150,178,184,35,76,65,90,231,172,56,182,228,110,3,146,165,149,152,5,221,44,36,138,195,29,12,185,21
131,205,32,142,132,145,142,167,84,66,88,71,32,40,182,224,72,98,19,199,245,140,4,191,32,42,158,128,29,30,184,12
184,16,122,232,119,22,208,80,85,8,117,2,27,25,53,112,254,153,151,169,136,179,48,142,211,237,32,130,119,136,112,131
2,146,130,157,20,226,48,75,22,37,82,178,32,174,32,64,120,60,163,129,16,152,65,223,12,38,154,195,148,8,52,139
6,16,86,220,74,131,184,72,167,0,115,163,108,206,37,88,126,185,179,128,2,178,2,221,18,32,138,138,85,135,37,211
3,193,0,140,4,144,140,37,4,64,80,199,32,8,50,64,72,2,18,133,212,40,4,149,32,32,138,128,28,12,184,28
130,2,50,153,54,169,184,3,126,5,82,19,172,138,48,72,230,43,51,21,146,184,5,215,4,54,26,193,148,12,129,205
3,201,0,142,20,145,142,165,68,64,80,71,96,8,178,224,72,34,18,71,199,40,12,189,32,32,142,128,28,30,184,12
57,72,106,206,84,131,203,112,85,0,116,10,51,73,181,36,88,168,22,234,201,178,108,189,118,140,161,0,119,139,112,168
59,203,98,138,84,145,174,237,69,68,88,135,41,204,182,64,124,171,147,229,198,10,12,253,48,73,138,201,29,14,185,220
2,149,19,217,242,181,184,103,60,9,90,112,172,190,164,196,231,59,147,17,147,152,0,223,12,62,26,194,152,0,161,137
40,72,106,109,64,131,239,244,5,64,116,135,49,15,183,16,76,184,23,238,200,186,96,61,102,169,160,128,119,152,98,248
3,193,32,140,132,128,140,165,68,64,80,199,32,8,50,224,72,2,19,133,213,8,4,157,32,32,142,128,29,28,184,28
131,195,32,140,148,128,140,37,4,68,80,199,32,8,50,64,72,2,147,133,212,8,4,159,32,32,142,192,28,12,184,92
10,157,106,168,211,193,187,231,4,69,92,163,60,191,34,64,110,59,147,145,82,138,20,253,121,37,154,203,55,12,165,251
4,205,128,130,148,161,142,166,6,1,24,2,96,104,33,64,73,66,2,82,114,40,8,174,40,4,143,64,148,123,144,8
114,104,34,142,60,137,138,64,204,128,208,10,164,136,49,64,74,232,95,67,202,43,196,253,180,48,138,184,4,31,19,72
2,143,34,143,20,131,170,231,4,69,90,135,104,44,50,64,108,35,147,133,212,152,4,255,44,36,138,193,21,14,188,72
3,201,0,138,20,145,142,229,4,64,80,199,96,72,58,64,88,34,19,231,215,8,12,189,32,32,142,192,28,14,184,28
82,233,0,140,28,136,138,228,134,160,144,10,160,138,81,64,72,236,127,193,74,11,194,189,184,164,143,184,20,11,16,8
3,200,97,140,4,145,142,164,68,64,80,66,32,8,182,228,72,96,18,77,197,40,36,189,34,40,142,128,29,28,240,108
35,201,99,74,84,145,142,236,68,64,88,70,32,200,188,164,88,40,18,207,199,170,36,253,34,12,130,200,95,158,120,140
3,193,0,140,4,145,140,165,68,64,80,199,32,8,178,224,72,2,19,197,197,40,4,157,32,32,142,128,29,28,184,92
18,145,34,140,147,192,156,103,7,5,216,163,44,158,32,64,110,59,159,129,90,137,2,221,168,36,154,203,21,12,181,90
35,205,102,158,84,145,142,229,196,64,88,71,32,200,182,161,72,42,19,199,199,170,12,189,32,8,142,128,93,30,248,140
2,141,26,136,146,193,186,231,4,1,88,163,44,118,32,64,102,59,147,192,82,136,0,253,40,36,138,195,20,0,165,26
35,201,97,201,20,147,134,237,68,64,80,66,32,8,180,164,88,40,18,105,199,184,100,189,36,8,142,128,85,28,240,172
3,200,33,140,4,145,142,164,68,64,80,70,32,8,182,228,72,96,18,77,197,40,36,189,32,40,142,128,29,28,248,76
35,201,99,205,84,147,166,228,68,96,112,66,32,8,180,164,104,40,18,105,197,184,100,189,36,8,138,128,85,28,208,236
2,143,32,136,148,129,142,231,6,4,88,167,40,110,50,64,76,35,131,213,82,8,4,253,40,0,142,193,20,12,180,88
3,193,0,140,4,145,140,165,4,64,80,199,32,8,50,192,72,2,19,197,213,8,4,157,32,32,142,192,28,28,184,28
3,192,0,140,4,145,140,165,68,64,80,199,32,8,50,192,72,0,19,197,197,8,4,157,32,32,142,128,29,28,184,28
2,157,18,136,147,224,186,227,12,1,90,163,44,126,32,64,127,51,147,129,18,136,0,255,40,38,138,195,20,70,165,27
35,201,99,205,102,155,175,244,76,64,112,66,40,8,180,228,106,104,18,79,197,184,36,253,36,56,130,128,87,156,113,236
3,195,32,136,148,129,142,229,4,5,80,135,32,40,50,64,76,2,19,197,214,8,4,253,40,32,142,192,28,12,184,88
3,192,0,140,4,144,140,165,68,64,80,199,32,8,178,224,72,32,18,197,197,8,4,157,32,32,142,128,28,28,184,28
60,90,114,108,70,67,218,112,69,132,116,163,123,93,177,16,126,184,135,226,136,178,4,140,82,233,160,137,119,191,102,209
3,201,0,142,148,145,142,165,4,64,81,199,32,72,50,64,72,3,19,199,212,8,12,189,32,32,142,192,29,14,184,92
2,203,32,136,148,129,140,229,6,5,80,135,32,12,50,64,76,11,147,197,210,8,0,253,40,0,142,193,20,12,180,88
3,48,50,129,102,153,184,64,238,89,86,162,140,158,246,236,230,9,19,29,135,184,38,208,6,24,26,194,20,12,41,229
3,193,32,142,4,145,142,229,68,64,80,70,32,8,182,224,72,2,18,71,197,40,12,189,32,40,142,128,29,30,248,12
3,193,0,140,4,144,140,165,4,64,80,199,32,8,50,64,72,2,19,133,196,40,4,157,32,32,138,128,29,28,184,28
60,13,98,76,84,179,194,112,69,128,253,10,83,201,181,52,120,168,6,106,136,179,36,156,50,237,160,8,119,171,114,164
2,145,18,136,245,165,184,67,14,9,88,34,140,146,32,64,231,11,2,16,18,136,0,213,13,20,26,202,144,8,161,129
2,149,82,136,243,224,184,99,45,65,88,179,44,190,36,64,231,27,151,145,18,153,0,215,29,52,26,203,148,4,165,211
3,195,32,140,132,129,140,37,4,68,80,135,32,8,50,64,72,2,19,133,212,8,4,149,32,32,138,192,28,28,184,88
3,200,1,140,4,145,140,164,68,64,80,199,32,8,178,224,72,0,19,197,197,40,4,189,32,32,138,128,29,28,56,12
2,129,0,136,149,193,156,39,4,4,88,163,0,14,32,64,72,19,147,129,82,8,0,149,40,32,142,195,20,8,180,2
38,0,66,140,68,129,200,64,133,0,209,10,0,200,49,64,88,168,19,163,0,35,0,200,16,0,138,168,85,43,112,128
3,201,99,156,22,144,188,231,20,65,80,199,40,142,182,224,110,43,147,197,199,136,38,255,32,46,158,192,29,28,185,220
2,131,22,156,146,128,188,103,172,5,90,163,44,174,32,64,102,59,187,129,82,153,2,213,44,32,154,195,20,4,165,91
3,195,0,140,132,129,140,165,4,4,80,135,32,42,50,64,68,2,19,133,212,8,4,213,32,32,142,192,28,12,184,92
2,133,2,140,20,128,140,103,4,1,88,2,40,42,48,64,104,35,19,129,80,136,0,221,32,32,138,128,20,8,176,8
56,201,64,234,84,129,198,244,7,0,112,2,51,137,52,0,72,170,23,67,74,42,0,189,50,201,164,40,119,154,112,136
3,197,35,156,20,144,172,231,84,65,88,199,40,46,182,228,106,43,19,133,247,136,36,223,32,46,158,192,21,12,177,252
3,129,38,156,148,128,188,103,20,65,82,151,40,174,50,64,110,35,147,133,246,152,6,221,32,38,154,192,29,4,185,216
40,205,98,200,84,129,207,247,68,0,124,2,49,137,180,100,72,170,19,201,194,170,36,253,98,45,174,200,119,152,240,168
3,203,0,140,132,129,142,165,4,64,80,135,32,40,50,64,64,66,19,197,212,8,4,189,40,32,142,192,28,28,184,28
1,8,33,14,4,16,131,32,68,64,80,70,112,64,181,228,72,96,18,79,197,160,44,189,0,40,130,0,20,59,48,108
3,201,0,142,148,129,142,167,4,64,88,135,32,40,50,64,64,66,19,199,214,8,12,189,40,32,142,192,28,30,184,28
131,141,34,140,148,130,140,39,84,64,88,135,32,44,50,64,72,34,19,133,246,136,4,223,32,36,142,128,20,12,176,92
2,149,0,136,151,225,144,99,6,1,72,34,8,22,32,64,201,19,147,145,18,8,16,213,9,4,138,67,144,8,165,18
3,193,0,140,4,145,140,165,68,64,80,199,32,8,178,192,72,2,19,197,197,40,4,157,32,32,142,128,29,28,184,28
2,129,0,136,151,193,152,35,4,5,88,163,8,14,32,64,74,19,147,129,82,8,16,213,40,0,138,195,20,12,180,82
2,143,2,138,20,161,138,98,6,5,89,135,96,74,50,64,92,34,147,133,2,136,8,253,0,36,138,192,20,15,52,72
3,201,0,140,20,145,140,229,68,64,80,199,32,8,182,224,72,2,19,197,197,40,4,189,32,40,142,192,29,28,184,92
2,195,32,136,132,129,140,37,4,68,80,135,32,12,50,64,76,3,147,133,212,8,4,157,32,0,138,193,20,12,180,92
130,216,18,152,19,193,56,196,22,1,64,162,44,150,33,72,106,57,147,192,2,140,18,255,1,36,154,139,20,25,37,154
0,193,0,136,21,133,12,165,4,0,64,2,32,10,32,64,72,2,2,128,66,8,16,149,41,32,142,64,20,8,176,8
0,193,82,140,100,128,236,101,141,0,240,2,44,138,48,64,234,163,2,129,82,171,0,221,52,48,138,8,21,8,225,136
42,216,112,234,119,133,154,244,13,8,112,35,60,95,36,0,236,57,151,195,194,42,24,253,115,217,170,234,87,14,112,155
1,145,122,72,86,132,177,115,76,1,126,2,56,17,36,100,106,18,18,8,83,184,48,213,99,40,2,64,83,136,225,162
3,131,34,136,20,129,140,101,4,69,80,135,32,10,50,64,76,3,147,133,214,8,4,221,32,32,138,192,28,12,184,92
3,72,33,140,4,16,142,100,68,64,80,66,32,8,181,228,72,96,18,205,197,160,36,173,32,40,138,128,29,60,112,76
7,143,32,138,148,129,142,239,4,68,88,135,96,104,58,64,93,66,147,231,214,40,12,191,40,4,143,192,29,30,184,92
3,195,0,142,20,145,142,165,68,64,80,199,96,8,50,64,72,2,19,199,197,8,12,253,32,32,142,192,28,30,184,28
2,147,32,136,150,128,156,37,4,68,80,167,32,46,50,64,78,19,147,133,210,8,0,213,32,32,138,192,20,12,180,88
7,72,99,78,4,18,139,16,68,192,87,66,112,64,181,228,88,96,18,234,129,160,44,232,0,40,130,128,87,191,112,172
40,12,106,220,20,147,195,115,84,2,124,2,113,105,176,96,88,34,2,40,224,168,36,63,98,175,162,0,119,170,112,168
2,131,32,136,148,129,140,37,4,68,80,135,32,46,50,64,76,3,147,133,212,8,4,213,40,32,138,193,20,12,180,84
2,0,22,152,108,133,184,64,142,25,80,0,140,154,96,73,198,9,19,17,2,16,2,209,4,16,154,234,16,8,33,129
2,195,0,136,132,129,140,229,4,4,80,135,32,8,50,64,76,2,131,133,210,8,4,149,32,32,138,192,21,12,180,88
131,205,99,220,4,144,135,167,84,66,92,66,48,32,181,229,72,98,18,75,225,168,36,175,32,46,158,128,21,220,240,108
3,192,1,140,4,145,140,165,68,64,80,70,32,8,176,224,72,0,18,69,197,40,4,157,32,32,138,128,29,28,184,12
3,193,0,140,4,145,140,165,68,64,80,71,32,8,178,224,72,0,18,197,197,40,4,157,40,32,142,128,29,28,184,12
163,77,97,156,4,16,142,230,84,66,80,198,32,8,183,229,72,98,18,207,229,164,36,255,32,42,142,128,29,124,120,92
3,201,1,140,4,16,140,165,68,64,80,70,32,8,177,228,72,32,18,69,197,40,36,189,32,32,142,128,29,28,184,12
3,193,32,140,4,145,140,101,68,64,80,199,32,8,50,64,72,2,19,133,197,8,4,149,32,32,142,192,28,28,152,92
3,195,32,136,4,129,140,101,4,68,80,135,32,8,50,64,72,2,19,133,214,40,4,149,32,32,138,192,29,12,152,68
3,72,34,140,4,16,140,164,68,64,80,70,32,8,183,228,72,96,18,197,197,32,36,189,32,40,138,128,29,28,120,76
2,48,146,152,35,133,56,64,142,25,80,18,140,154,96,72,231,25,179,17,2,0,18,208,5,20,26,234,144,0,33,131
44,0,106,72,68,18,235,80,68,128,119,2,81,73,181,64,120,164,23,170,136,178,44,136,66,169,163,132,119,171,112,128
131,77,33,140,4,16,142,166,68,66,88,66,32,8,181,228,72,98,18,205,229,36,36,191,32,40,142,128,29,92,248,76
130,48,144,152,98,133,184,64,30,25,16,50,140,158,96,8,135,25,147,17,2,68,2,208,0,20,26,170,144,8,1,131
3,193,0,136,148,129,140,37,4,68,80,135,0,14,50,64,72,2,19,133,214,8,4,149,32,32,142,192,28,12,184,88
3,200,33,142,4,144,142,172,68,64,81,198,96,64,188,228,88,64,18,239,197,32,44,253,32,40,142,128,28,31,48,108
2,135,32,136,148,225,136,99,6,5,88,163,0,44,50,64,77,3,147,149,18,8,0,213,8,4,138,193,148,76,180,64
6,195,0,138,148,129,142,237,6,5,89,135,72,74,58,64,92,75,147,215,82,8,8,245,40,0,143,193,20,31,180,64
26,195,2,168,154,128,12,101,133,5,208,167,41,134,50,64,110,139,135,133,90,11,2,213,176,225,170,201,52,4,181,200
3,193,32,140,148,145,140,165,4,68,80,135,32,8,50,64,72,2,19,69,212,8,4,157,32,32,142,192,29,12,184,92
2,148,51,216,83,229,177,66,79,1,104,18,28,159,36,100,237,27,130,144,19,168,48,215,9,30,26,66,211,64,33,162
165,0,110,204,20,162,235,80,84,64,87,2,81,201,188,97,120,40,19,169,177,176,37,14,64,47,162,192,53,171,112,160
130,10,32,153,20,147,168,64,86,37,82,151,32,8,182,73,72,40,163,133,166,188,101,157,4,34,218,193,21,12,92,204
2,193,0,140,132,129,12,37,4,0,80,2,32,8,48,64,64,2,19,129,80,8,0,149,32,32,138,192,20,8,176,8
3,193,32,140,132,145,140,37,4,68,80,135,32,12,50,64,72,2,19,133,212,8,4,221,32,32,142,192,28,12,184,92
3,201,32,140,4,145,140,229,68,64,80,71,32,8,182,224,72,32,18,69,197,40,4,189,32,40,142,128,29,28,248,76
130,156,16,158,147,193,30,164,30,17,64,178,108,126,40,65,247,83,179,192,114,8,26,255,41,38,94,67,148,8,165,27
130,0,38,157,11,195,56,64,20,69,82,179,40,134,50,73,98,61,179,129,0,148,71,209,0,32,218,131,20,4,37,74
3,148,179,152,151,181,184,66,94,65,74,86,140,190,54,236,231,27,147,149,151,140,48,215,9,30,154,66,156,68,41,119
114,16,82,128,67,66,184,64,169,128,178,34,12,30,36,82,238,149,219,160,0,131,16,192,17,0,138,15,37,0,39,131
2,135,8,136,148,161,136,35,4,5,88,163,33,42,50,64,72,3,131,129,18,8,0,213,40,33,170,193,20,8,180,64
3,200,32,140,4,144,140,164,68,64,80,199,32,8,182,224,72,96,19,197,197,8,4,189,32,40,138,128,29,28,120,92
3,192,33,140,4,144,140,229,68,64,80,199,32,8,180,224,72,32,19,197,197,40,36,221,32,40,138,128,29,28,248,92
3,201,1,142,4,145,142,229,68,64,80,199,96,72,190,228,88,99,18,231,197,40,12,253,32,40,142,128,29,30,248,92
37,72,106,78,68,147,207,248,68,0,116,2,113,73,181,100,88,224,18,234,193,162,36,189,98,40,160,0,119,187,112,172
2,20,160,152,147,225,152,67,22,71,8,179,12,46,34,72,79,27,147,145,50,8,0,214,9,6,154,227,149,76,180,210
3,193,32,140,132,1,140,229,4,68,80,135,32,12,50,64,72,2,19,133,212,40,4,149,40,0,142,128,21,28,176,92
35,72,99,206,68,145,131,244,68,64,84,66,112,8,181,228,72,96,18,203,193,168,36,189,32,40,162,128,87,187,112,172
2,195,32,136,132,129,140,101,4,4,80,131,0,12,50,64,72,2,19,133,208,8,4,149,32,0,142,129,21,28,180,64
3,193,0,140,4,145,140,229,68,64,80,199,32,8,182,192,72,98,18,197,197,40,4,189,32,40,142,128,29,28,216,28
3,131,32,140,20,129,140,101,4,68,80,135,40,14,50,64,76,35,147,133,214,8,4,221,32,32,138,192,29,12,184,92
3,201,97,204,4,145,142,228,68,64,80,66,32,8,180,228,72,32,18,77,197,40,36,189,32,40,138,128,93,28,240,236
48,0,96,64,68,3,192,72,65,160,176,10,64,8,52,16,88,132,6,32,136,178,1,136,18,8,129,20,117,168,82,128
3,193,2,140,4,144,172,37,68,64,82,70,32,8,176,228,72,34,18,205,197,168,4,221,32,32,142,128,29,28,248,12
33,200,97,204,4,129,135,244,68,64,112,66,48,8,180,100,72,96,18,75,195,40,36,189,32,40,130,0,85,152,112,236
3,193,2,140,148,145,140,229,4,64,80,199,32,8,50,192,72,35,19,133,214,8,4,157,32,32,142,192,29,12,184,28
32,200,106,206,4,129,207,117,68,64,84,2,49,9,180,96,72,32,19,203,193,168,36,189,96,40,170,128,117,154,112,168
3,193,0,140,4,144,140,165,68,64,80,199,32,8,178,192,72,34,18,197,213,40,4,157,32,32,142,128,29,28,184,28
2,195,0,140,148,129,140,165,4,4,80,135,32,34,34,64,72,2,130,132,82,8,0,149,40,32,142,193,20,12,180,8
48,0,98,204,68,18,224,64,69,0,242,2,3,8,53,32,104,168,23,161,136,178,36,204,18,104,130,0,117,40,112,140
2,131,32,136,146,129,152,97,6,69,80,167,12,14,50,64,110,27,147,149,210,8,0,213,40,0,138,193,21,12,181,209
2,195,32,136,148,129,12,165,4,4,80,131,32,10,48,64,64,3,19,133,210,8,4,157,40,32,142,193,20,12,180,72
3,72,99,204,4,128,139,180,68,64,80,66,48,0,181,228,72,96,18,203,129,160,36,169,32,40,138,128,23,185,112,44
3,201,97,204,20,129,143,245,68,0,80,66,48,8,180,100,72,32,19,203,195,40,36,253,32,40,138,128,23,152,112,172
3,195,32,136,148,129,140,101,4,68,80,135,32,12,50,64,72,3,147,133,214,8,4,157,32,32,138,192,28,12,184,88
60,0,106,236,68,2,194,80,68,128,119,2,83,73,177,64,88,160,23,43,136,162,0,136,66,233,162,0,117,171,112,128
2,147,2,136,150,192,156,39,4,5,88,163,40,46,32,64,76,19,147,129,82,136,0,213,40,32,138,195,20,12,180,83
3,192,33,140,4,145,140,164,68,64,80,199,32,8,178,224,72,0,19,197,197,8,4,189,32,32,138,128,29,28,56,92
3,131,0,140,148,129,140,39,4,4,88,135,32,40,50,64,72,34,19,133,212,136,4,157,32,32,138,192,28,12,152,92
