2,131,32,136,132,129,12,165,4,4,80,135,0,40,50,64,72,2,3,5,208,8,4,149,40,32,142,193,20,12,148,72
3,129,0,140,4,145,132,37,68,0,80,135,32,40,50,64,64,34,19,133,213,8,4,157,32,32,142,128,28,12,152,12
2,207,0,136,145,193,142,167,6,5,72,131,32,44,50,64,73,2,131,197,82,8,0,181,41,6,158,193,20,12,148,72
2,148,18,136,147,224,56,98,44,1,74,162,12,54,32,64,103,19,147,144,18,8,16,215,9,6,154,195,148,64,37,2
2,157,18,152,52,133,184,103,30,9,80,2,44,154,36,64,204,59,2,129,50,136,0,223,1,62,154,194,16,8,33,139
0,129,6,141,20,130,32,103,4,1,90,2,32,128,48,64,64,42,34,129,80,152,1,157,36,36,154,64,20,8,176,8
3,201,32,142,148,129,6,167,68,65,88,3,32,40,50,96,64,66,19,69,212,8,12,189,40,32,142,192,20,30,176,76
0,193,0,140,132,129,4,37,4,0,80,2,32,0,48,64,64,2,2,129,80,8,0,149,32,32,142,0,20,24,144,8
9,193,40,168,20,129,140,245,68,64,80,131,49,13,50,64,72,0,19,69,198,40,4,189,96,97,174,192,52,156,144,88
3,128,32,136,4,129,140,37,4,64,80,131,0,12,50,96,64,0,19,133,212,8,4,149,32,32,142,192,20,12,144,84
1,200,34,200,20,145,142,228,68,64,80,2,40,136,182,96,72,8,2,193,198,170,36,253,32,8,138,40,85,24,240,140
0,64,0,128,132,0,4,5,0,0,16,2,0,0,32,64,72,0,2,0,0,0,0,128,32,0,134,0,20,24,144,0
2,32,130,152,96,128,56,64,174,81,80,131,140,134,112,73,230,57,147,149,2,144,2,192,4,16,154,168,20,4,33,209
32,72,106,206,68,131,167,112,68,0,118,2,48,9,181,100,72,32,18,106,192,184,36,173,96,40,160,0,117,170,112,168
48,0,66,128,68,2,224,64,1,0,242,2,1,10,52,64,104,132,6,129,8,178,0,192,144,232,130,0,37,8,112,128
2,149,18,152,147,228,176,103,62,25,72,50,44,190,32,64,231,27,131,144,50,136,16,215,41,54,26,67,144,0,165,147
2,149,18,152,147,225,24,103,6,5,72,163,8,182,32,64,107,27,179,144,18,8,0,213,41,38,154,195,148,0,181,18
28,0,106,224,4,18,232,16,64,128,86,2,81,9,176,96,120,132,21,169,136,176,37,128,66,233,162,132,39,168,112,32
2,149,50,136,181,165,176,99,142,9,88,2,172,158,32,64,228,27,155,145,146,9,18,213,25,52,26,202,144,0,161,131
2,135,32,136,148,225,136,35,6,5,24,163,0,46,50,64,76,19,131,149,18,8,0,149,40,4,142,193,148,76,148,80
2,148,18,185,116,169,120,115,61,1,88,176,172,135,32,64,231,59,23,144,50,152,0,215,142,180,154,194,150,128,177,145
3,8,98,155,20,187,170,66,92,67,87,18,168,200,183,108,106,40,18,153,165,180,36,254,6,46,146,128,213,13,121,236
34,156,88,218,82,193,155,226,22,1,120,162,56,254,36,64,79,155,147,130,98,170,24,255,105,7,138,195,21,10,37,154
49,64,99,76,84,147,203,88,85,64,112,66,96,200,181,228,88,168,22,234,137,178,36,221,16,44,130,136,119,191,112,228
2,149,16,136,147,225,16,199,6,1,72,34,12,182,96,64,235,27,147,144,18,8,18,215,41,4,154,99,144,72,165,146
3,203,0,136,20,131,134,229,70,4,80,135,32,8,50,0,72,42,19,197,198,168,4,189,40,0,142,192,93,28,152,156
3,193,32,140,132,129,12,37,68,4,80,135,0,8,50,64,64,0,19,5,212,8,4,149,32,0,142,192,28,12,152,28
2,149,18,136,147,229,56,231,30,9,72,18,12,178,32,64,229,27,147,144,50,136,16,215,41,20,158,106,144,64,161,139
33,201,99,78,84,145,174,229,68,64,112,66,40,200,180,228,120,42,18,239,197,170,36,253,34,40,130,0,93,30,248,172
56,72,74,238,84,131,74,80,5,0,240,130,51,143,49,80,120,232,23,226,72,146,64,189,242,233,160,136,53,187,114,136
2,131,0,136,144,225,8,34,4,5,24,131,0,6,48,64,68,19,131,149,18,8,0,149,8,0,138,193,20,12,20,80
57,72,104,172,84,131,78,244,69,96,240,10,51,9,51,48,88,232,23,99,204,186,68,189,242,201,160,184,119,191,82,200
2,144,18,156,19,230,56,103,62,9,66,50,44,190,32,64,231,59,147,129,50,156,18,223,1,54,154,194,144,4,165,27
35,201,99,76,84,147,207,253,69,64,116,194,104,77,180,164,92,48,19,236,193,170,36,253,34,40,134,128,87,156,112,252
2,142,34,153,18,224,186,39,60,69,74,179,44,174,50,64,103,59,147,145,50,156,4,255,12,38,154,195,148,4,181,90
56,233,104,236,84,131,78,252,69,0,116,10,51,201,48,16,88,168,23,234,202,42,0,189,114,137,165,168,119,152,114,200
2,136,2,153,19,224,184,70,62,69,66,179,172,142,34,72,103,59,147,145,54,156,6,247,5,38,154,195,148,4,37,94
3,201,98,142,148,145,174,229,68,64,82,71,40,40,182,224,106,35,19,199,213,168,4,253,32,40,142,192,93,30,249,204
35,200,97,204,4,16,135,228,68,64,84,66,32,8,181,100,72,32,18,75,193,32,36,189,32,40,138,128,87,184,80,108
2,81,18,136,123,132,176,69,172,9,80,32,172,150,96,64,166,57,219,0,18,9,2,193,17,16,26,202,16,0,165,155
0,140,130,156,28,131,10,42,150,129,91,2,96,232,40,64,81,44,34,0,2,140,10,159,8,38,139,72,148,42,48,0
3,192,33,140,4,145,140,165,68,64,80,66,32,8,180,228,72,0,18,73,197,40,36,189,32,40,142,128,21,28,240,44
3,192,1,140,4,145,140,165,68,64,80,66,32,8,180,224,72,0,18,69,197,40,4,157,32,40,142,128,29,28,184,12
2,203,32,136,156,129,142,231,134,21,88,135,32,140,54,64,76,11,147,197,214,10,6,245,40,32,142,201,21,12,188,216
2,131,32,136,148,129,140,39,4,4,88,199,32,40,50,64,68,2,131,133,212,8,4,157,40,32,142,193,20,12,188,72
3,193,32,140,4,129,140,37,4,68,80,135,32,8,50,64,72,0,19,133,196,8,4,157,32,32,142,192,28,28,152,92
2,151,0,152,146,192,28,39,20,5,72,183,40,38,34,64,70,19,147,129,114,8,0,215,40,38,154,195,20,12,165,90
2,209,16,136,146,193,20,101,4,0,80,163,44,30,32,64,78,19,147,128,82,8,16,213,32,32,142,195,20,8,165,27
2,195,0,136,148,129,140,229,4,68,80,167,32,4,50,64,76,19,147,133,82,8,0,149,40,0,142,225,20,28,148,216
60,0,98,238,68,3,66,80,69,0,117,2,67,73,57,16,88,168,6,106,136,178,8,140,18,233,160,0,119,171,114,128
60,0,74,238,68,130,194,80,5,0,117,2,83,73,57,64,88,160,6,106,8,162,0,140,82,233,160,0,119,171,112,128
2,131,0,136,148,193,12,101,4,4,80,167,0,12,34,64,76,18,131,4,82,8,0,149,40,0,138,193,20,12,148,88
2,209,0,136,149,193,28,165,4,64,64,131,32,22,32,64,64,19,147,128,80,8,16,157,41,32,142,195,20,12,180,90
58,211,66,172,82,131,92,117,5,4,208,167,41,15,38,80,110,187,151,229,88,155,0,221,178,225,138,195,55,148,164,217
134,143,0,154,148,161,142,239,22,69,88,151,96,110,58,64,93,66,147,181,118,8,12,255,40,6,143,196,156,92,180,88
3,193,0,142,132,129,14,165,4,68,81,135,96,76,58,64,64,2,19,199,212,8,12,189,32,32,142,192,28,30,184,92
2,195,32,136,132,129,140,37,4,4,80,135,32,32,50,64,64,2,19,5,208,8,4,149,32,32,142,192,28,12,176,64
3,193,0,136,132,129,132,37,4,68,16,135,0,4,34,64,68,2,19,4,84,8,0,149,40,32,142,192,20,12,176,80
2,195,0,136,132,128,132,37,4,4,16,7,0,0,34,64,64,2,131,4,80,8,0,149,32,32,142,192,28,12,184,80
2,195,0,136,132,129,132,37,4,4,16,135,0,0,34,64,64,0,130,4,80,8,0,149,40,32,142,192,20,12,148,80
2,129,0,136,132,129,12,33,4,4,80,131,0,12,50,64,64,3,19,5,80,8,0,149,40,32,138,192,20,12,144,64
130,144,16,152,19,193,24,32,22,1,80,179,12,22,32,64,71,17,179,145,50,12,0,215,8,6,154,195,148,8,37,19
2,149,1,200,146,225,9,35,6,1,76,162,16,54,32,100,66,19,147,144,19,8,32,213,8,0,138,195,20,8,165,50
3,195,32,140,132,129,140,37,4,4,80,135,32,8,50,64,64,2,3,133,212,8,4,149,40,32,142,192,28,12,176,88
3,201,1,140,4,145,140,165,68,64,80,66,32,8,176,224,72,32,18,69,197,40,4,189,32,32,138,128,29,12,184,12
35,200,97,206,4,144,131,32,68,64,80,66,32,8,180,100,72,32,18,75,193,160,36,189,32,40,138,128,87,138,80,44
2,132,26,137,22,160,184,66,60,1,90,18,140,130,48,64,103,43,19,145,18,152,0,215,12,36,154,192,148,0,33,128
2,0,2,145,20,128,168,64,60,17,82,18,140,130,32,72,106,41,19,144,2,152,0,212,4,0,154,192,149,0,49,128
2,144,18,136,115,133,184,64,142,9,80,2,12,150,96,64,230,25,147,144,2,3,18,209,17,20,138,234,16,0,33,147
2,133,2,136,19,192,56,35,20,5,74,179,44,62,32,64,102,19,147,129,50,136,0,223,40,36,138,195,20,4,181,26
3,129,2,140,4,129,4,33,4,4,80,135,32,32,34,64,64,2,3,4,84,136,4,149,32,32,138,192,28,12,180,80
0,0,0,129,76,129,168,64,172,16,16,2,136,10,96,74,104,136,10,144,2,16,66,192,20,0,138,40,21,8,49,128
2,135,32,140,148,129,140,103,4,4,88,135,32,42,50,64,76,34,147,197,214,136,4,157,32,32,138,193,20,12,184,72
1,193,0,140,4,16,4,165,68,64,80,70,32,0,176,228,64,96,2,197,197,8,4,157,32,32,142,0,28,28,152,12
2,52,144,144,147,229,144,66,30,7,8,19,12,182,96,72,201,27,147,144,18,12,16,210,9,6,154,107,144,76,37,66
33,201,104,206,68,129,199,240,69,64,116,2,48,73,183,36,72,232,19,207,193,170,44,189,98,8,160,128,119,139,112,232
2,48,144,152,251,165,48,66,30,9,80,50,12,150,96,72,167,27,147,144,18,11,146,211,25,20,26,234,144,0,33,131
66,48,18,128,75,192,184,64,172,0,146,162,172,158,96,66,38,177,219,144,2,1,146,192,21,0,10,139,4,0,37,147
3,8,99,206,4,0,131,64,68,0,81,66,32,72,181,100,72,96,18,75,129,160,36,168,0,40,130,128,87,171,112,44
4,141,0,138,148,129,14,167,4,0,88,2,96,104,32,64,81,66,2,98,80,8,8,191,40,32,143,68,20,122,144,8
3,129,0,140,4,145,140,37,4,4,80,135,32,40,50,64,64,34,19,133,212,8,4,157,32,32,142,192,28,12,184,12
2,207,0,136,149,193,140,167,6,5,72,131,32,44,50,64,73,2,131,197,82,8,0,181,41,6,158,193,20,12,148,88
3,193,1,136,4,145,140,165,68,64,80,71,32,8,178,224,72,0,18,197,215,40,4,245,32,0,138,192,28,12,184,12
33,200,105,200,4,129,131,240,68,0,84,2,48,9,181,100,72,32,18,75,195,40,44,189,0,8,162,128,85,153,80,172
34,149,16,136,87,193,16,103,4,1,72,162,40,150,32,64,74,59,147,128,82,10,16,221,49,36,138,107,20,8,180,154
32,8,106,202,84,130,235,80,68,0,116,2,48,139,177,64,108,40,19,202,128,178,0,237,64,41,170,128,117,139,96,168
2,148,18,136,147,228,56,66,60,3,74,50,12,50,32,64,231,27,147,144,50,8,16,215,9,38,154,195,148,64,37,2
2,137,18,152,53,133,184,99,30,9,112,2,44,154,36,64,204,43,2,129,50,136,0,223,9,62,154,194,16,8,33,137
2,129,2,136,84,129,168,97,132,1,208,2,40,138,48,64,104,41,27,145,82,153,0,213,52,32,138,192,20,8,177,136
2,151,32,136,146,193,156,35,4,69,88,167,0,46,50,64,76,19,147,133,208,8,4,149,40,32,138,195,21,12,148,80
0,129,6,141,20,130,32,103,4,1,90,2,32,130,48,64,64,46,34,129,82,152,1,157,32,36,154,64,20,8,176,8
35,8,115,202,86,147,171,112,76,64,117,66,40,200,181,100,110,41,18,235,131,162,36,252,0,40,138,136,87,139,113,165
2,145,34,140,87,195,152,99,4,0,88,163,44,30,48,64,78,59,147,129,80,170,20,221,32,32,138,195,21,12,181,218
2,141,18,137,52,133,186,103,12,9,88,2,172,2,32,64,234,43,19,128,82,152,0,255,37,52,138,192,16,8,161,137
120,0,66,161,4,2,72,80,33,32,242,2,11,11,24,80,122,141,21,160,8,178,1,128,146,233,162,132,39,128,96,0
2,129,2,136,132,128,140,37,4,0,80,2,8,10,48,64,76,3,19,129,80,8,0,213,40,32,138,192,20,8,176,0
3,201,32,136,20,131,138,231,6,69,88,135,32,136,50,64,72,42,19,197,198,8,4,189,40,4,142,224,28,12,184,216
3,205,32,136,148,129,142,231,6,69,88,135,32,108,50,64,72,66,19,197,214,8,4,189,40,4,142,192,28,28,176,92
52,0,98,236,4,2,202,64,69,0,243,2,67,73,53,64,120,160,6,163,136,179,0,136,146,232,130,0,119,171,112,128
3,201,32,140,148,128,14,167,4,65,88,131,96,44,50,64,64,66,19,197,214,8,12,181,40,32,142,192,20,28,176,88
0,193,0,140,132,129,132,165,4,0,80,2,32,8,32,64,72,2,2,64,80,40,0,157,32,32,142,0,20,24,144,8
9,192,40,168,20,129,143,244,68,64,80,135,49,13,50,64,72,32,19,69,198,40,4,189,96,33,170,128,54,156,144,88
18,201,0,168,20,129,68,229,5,0,144,10,34,8,48,64,72,128,31,65,88,43,0,189,176,128,142,81,53,24,144,8
2,193,0,140,132,129,132,37,4,0,80,2,0,8,48,64,64,0,19,1,80,8,0,149,32,32,142,192,20,8,144,0
2,16,148,152,165,37,144,2,30,27,16,48,140,56,32,75,197,19,179,17,48,104,2,192,9,18,90,194,144,72,17,3
3,128,32,136,4,129,12,37,4,64,80,131,32,12,50,64,64,0,19,133,212,8,4,149,32,32,142,192,20,12,144,88
2,201,2,140,20,129,12,37,6,1,80,2,32,2,48,64,64,42,19,129,66,136,0,157,40,36,142,192,20,8,176,8
2,48,16,144,34,129,56,64,30,16,16,162,12,150,96,1,102,25,19,144,2,64,128,208,0,0,10,170,20,8,33,129
2,193,0,136,148,129,172,101,4,0,80,2,40,10,48,64,104,3,19,129,82,8,0,221,32,32,138,192,21,8,177,8
2,129,18,140,146,129,188,103,4,1,88,130,44,46,32,64,110,59,147,128,80,152,0,221,32,32,138,194,21,8,161,153
3,201,34,136,84,145,140,228,68,64,80,2,40,136,182,96,72,40,18,193,198,170,36,253,32,8,138,136,85,28,240,204
2,193,0,136,20,129,142,228,4,0,80,66,32,8,48,64,72,8,19,193,66,40,0,253,32,0,142,192,21,8,176,136
3,193,8,140,4,145,12,37,4,64,80,70,32,10,162,96,64,2,18,4,85,8,4,149,32,32,142,192,28,12,184,12
2,193,34,136,20,129,172,101,4,68,80,135,40,14,50,64,108,11,147,133,210,170,0,221,32,32,138,192,29,12,180,216
2,193,32,136,150,129,140,229,4,0,80,131,44,14,48,64,78,19,147,133,210,8,0,221,32,32,138,192,21,12,177,88
3,193,1,140,4,145,140,37,68,0,80,66,32,8,176,228,72,0,18,9,197,40,4,157,32,32,138,128,28,28,184,44
34,8,98,202,84,131,202,80,69,0,117,2,33,201,181,4,72,168,19,202,192,162,0,189,2,200,130,168,119,175,112,168
3,215,32,136,150,129,156,231,4,69,88,167,32,12,50,64,76,3,147,133,214,8,4,149,32,32,142,195,21,28,180,221
2,192,33,136,4,129,140,165,4,64,80,195,32,12,48,192,72,0,19,133,193,8,4,149,32,32,138,192,28,12,184,24
2,65,0,136,132,0,12,5,0,0,16,2,0,2,32,64,72,0,19,128,80,0,0,128,32,32,142,128,20,24,176,0
47,8,98,206,68,147,235,80,69,192,117,2,112,201,183,36,88,40,19,175,128,162,36,136,82,41,170,136,119,174,112,224
2,151,32,136,179,224,28,39,6,77,88,163,44,62,32,64,231,27,147,129,18,8,0,213,41,38,154,195,148,4,165,83
2,16,18,137,98,128,184,64,172,16,80,163,172,134,96,74,110,57,147,148,2,144,2,192,4,16,138,138,20,4,33,145
40,72,106,109,68,130,227,112,68,0,119,2,115,73,177,96,120,164,23,234,200,178,36,12,102,169,160,0,101,170,112,136
2,176,146,152,211,197,56,64,30,25,64,18,12,150,96,64,229,27,147,145,18,14,18,215,25,4,154,106,144,0,33,131
0,0,2,129,68,1,168,64,140,16,16,2,140,10,96,66,106,0,2,128,0,1,0,192,20,0,138,8,21,8,49,128
2,149,18,152,147,228,176,103,62,25,72,50,44,190,32,64,231,27,147,144,50,136,18,213,41,54,26,67,144,0,165,147
34,199,32,136,148,145,140,231,6,5,88,135,32,168,50,64,76,11,147,197,214,8,4,183,40,36,142,233,20,12,188,220
2,149,18,136,147,225,24,71,6,1,72,163,12,182,32,64,107,27,147,144,18,8,18,213,41,36,154,67,148,0,165,18
35,207,32,152,84,129,140,231,22,5,88,135,32,170,50,64,77,10,131,133,246,10,4,255,40,4,158,233,21,12,184,216
2,7,32,136,148,225,152,67,6,69,24,163,0,46,48,64,76,19,147,149,18,8,0,213,40,4,138,193,148,76,148,82
1,129,2,157,20,131,44,39,20,1,90,71,160,34,34,64,72,38,35,132,84,152,65,157,36,38,218,64,28,8,184,8
2,149,50,136,181,165,176,99,174,9,88,2,172,158,32,64,229,27,155,17,146,9,18,215,169,20,26,202,144,0,161,131
2,148,128,136,147,225,24,66,6,3,8,179,8,190,96,64,79,27,147,145,18,8,16,214,9,6,154,195,148,76,52,83
3,193,7,157,52,136,168,167,60,1,82,82,172,40,48,224,232,34,19,1,87,184,0,253,36,54,218,192,28,12,185,12
0,205,0,138,149,193,6,231,6,1,88,2,96,96,32,64,73,98,19,64,114,40,8,191,40,38,142,65,20,26,176,8
2,135,0,136,146,225,24,99,6,5,88,179,0,46,34,64,73,27,131,145,50,8,0,215,40,6,154,195,148,76,164,67
2,135,32,136,148,225,136,35,6,69,24,163,0,46,50,64,76,19,131,149,18,8,0,149,40,4,142,193,148,12,148,80
2,204,0,152,20,195,138,230,22,0,88,2,96,104,48,64,89,42,19,161,98,44,0,191,40,6,159,192,20,12,48,8
2,132,66,185,116,169,120,115,61,1,90,144,172,143,36,64,239,59,23,144,50,152,0,215,14,190,154,194,150,128,161,145
3,12,98,155,20,187,170,66,92,67,87,18,168,200,183,108,122,40,18,153,165,180,36,222,6,46,154,192,213,13,121,228
2,21,114,201,211,179,248,114,5,1,126,130,8,63,180,100,126,155,147,184,146,186,53,212,79,12,130,194,183,200,96,181
34,156,120,218,86,193,155,224,22,1,89,163,56,222,36,64,79,187,147,129,34,170,24,255,105,7,139,203,21,11,37,154
3,193,0,140,4,129,140,37,4,64,80,135,32,8,50,64,72,0,19,133,196,8,4,157,32,32,142,192,28,28,152,92
33,12,99,76,84,131,195,120,69,0,248,66,112,200,181,100,88,168,6,106,137,178,36,157,48,44,128,8,119,171,112,164
2,150,50,217,244,181,184,82,31,9,94,179,172,159,164,100,231,27,147,148,146,152,34,213,79,30,154,194,150,204,37,183
2,135,0,140,144,129,8,35,4,5,88,131,32,46,50,64,76,3,131,133,82,8,0,149,40,32,138,193,20,12,148,64
2,74,2,157,12,128,184,68,132,68,82,135,40,142,51,65,108,57,179,197,64,146,2,217,0,32,138,136,21,28,52,216
2,203,32,138,148,129,142,165,6,69,89,135,96,236,58,64,73,74,179,213,214,8,14,181,40,36,142,192,28,30,148,88
57,64,99,76,84,147,203,88,85,64,112,66,96,200,181,228,88,168,22,233,137,178,36,221,16,44,130,136,119,191,112,228
35,5,98,137,84,163,192,122,69,69,120,135,2,8,54,0,88,136,23,53,156,186,5,157,18,12,128,192,127,140,120,212
2,140,4,158,20,131,14,175,22,162,88,2,96,106,48,64,81,102,51,163,112,136,11,191,40,38,207,132,20,106,176,8
3,131,32,140,148,128,140,35,4,4,88,135,32,40,50,64,64,2,3,5,214,136,4,149,32,32,138,192,28,12,184,64
18,90,18,140,10,192,156,101,140,0,208,163,44,158,33,64,110,177,159,225,64,131,0,205,176,32,138,155,21,56,37,155
2,193,0,136,132,129,132,101,4,0,80,2,0,8,48,64,72,0,19,1,80,40,0,149,32,32,142,192,21,24,144,0
2,181,16,136,147,225,16,231,14,1,72,18,12,182,96,64,227,27,147,144,18,8,16,215,41,4,30,107,144,72,165,154
3,201,0,136,20,147,134,229,70,64,80,71,32,8,50,128,72,34,18,69,198,168,4,189,40,0,142,192,93,28,152,140
3,192,0,140,4,145,132,165,68,64,80,199,32,8,178,224,72,0,19,69,197,40,4,181,32,32,142,128,29,28,152,12
3,0,2,157,20,131,40,64,54,65,82,151,168,142,50,72,124,45,59,133,6,149,5,221,20,38,154,128,20,12,48,88
18,2,2,137,68,128,40,64,45,69,82,135,136,134,50,73,126,137,151,133,2,146,2,208,148,32,154,137,21,4,53,208
56,73,82,236,102,138,126,117,45,0,112,2,47,75,32,80,234,163,6,226,72,184,0,173,178,249,34,128,119,168,96,137
35,200,97,204,4,128,143,244,68,0,80,2,48,1,181,100,72,96,18,202,193,40,36,189,32,40,130,128,21,153,112,172
2,143,34,136,148,129,140,103,4,4,88,135,32,140,50,64,72,43,147,133,210,136,4,157,32,0,138,225,21,12,180,200
57,8,114,108,102,18,210,112,65,72,246,2,107,24,181,116,254,169,22,235,141,179,36,172,146,249,32,130,119,171,112,173
33,72,99,76,84,131,239,244,69,0,116,2,48,195,181,36,122,232,2,234,193,178,36,253,50,40,128,8,119,152,96,172
114,72,66,172,20,129,74,64,133,0,208,10,35,202,49,80,88,168,23,195,10,131,64,189,176,228,138,184,53,27,48,8
2,131,32,136,132,129,140,33,4,68,80,135,32,8,50,64,72,2,19,133,212,8,4,149,40,32,138,192,20,12,148,80
2,156,18,156,19,164,184,103,30,11,90,18,44,54,32,64,231,51,147,128,50,136,16,223,41,54,26,66,144,0,161,11
3,209,99,140,22,147,142,109,68,64,80,230,104,76,182,228,94,35,146,237,199,168,36,221,34,40,138,128,29,12,249,220
56,72,98,172,84,129,74,80,5,192,244,3,59,201,49,80,120,232,23,239,200,178,0,173,242,233,160,136,55,191,112,200
57,72,98,172,84,131,78,244,69,64,240,10,51,9,51,48,88,232,23,99,204,186,68,189,242,201,160,184,119,191,82,200
2,148,18,152,19,226,56,103,28,1,66,51,44,190,32,64,231,59,147,129,50,156,16,223,9,38,154,195,148,4,165,27
35,201,99,76,84,147,207,253,69,64,116,194,32,77,180,36,92,176,19,236,193,170,36,253,34,40,134,128,87,156,240,252
2,142,34,153,22,224,186,103,60,5,90,183,40,174,54,64,103,43,147,149,50,152,4,255,44,38,154,193,21,4,181,91
56,201,104,236,84,131,78,252,69,32,116,10,51,137,49,16,88,168,23,235,202,58,0,189,114,201,165,168,53,184,114,136
3,72,99,206,4,16,139,32,68,64,80,70,32,8,180,228,72,32,18,207,197,160,36,189,0,40,138,128,87,46,112,108
2,142,34,152,18,240,184,67,62,5,90,179,172,142,50,64,103,59,147,149,54,140,36,247,8,54,154,195,148,4,53,93
3,201,98,142,148,145,174,229,68,64,82,71,104,40,182,224,106,35,18,199,213,168,4,253,32,40,142,192,93,30,249,140
34,16,98,200,70,1,248,80,133,1,240,163,8,143,117,72,110,153,147,165,128,179,2,192,22,8,138,132,23,170,112,144
2,16,144,152,19,133,24,66,30,11,64,18,12,150,96,72,229,25,147,144,2,4,18,210,9,22,154,194,144,0,33,3
56,233,72,232,84,129,78,252,2,0,116,10,51,195,40,16,88,232,23,234,74,10,8,61,114,201,160,108,53,154,242,136
3,200,97,140,4,145,143,100,68,64,80,66,32,8,180,228,72,32,18,207,197,40,36,189,32,40,138,128,21,28,112,108
2,208,18,136,107,196,184,69,172,25,80,34,12,158,32,66,230,57,155,144,66,11,18,209,21,16,26,202,16,0,165,155
18,32,98,137,68,35,232,66,61,65,82,147,8,142,114,72,120,137,23,149,130,182,4,192,20,0,154,196,149,12,113,208
0,132,130,156,28,163,10,106,150,129,91,2,96,232,40,64,81,40,34,16,2,148,130,159,8,38,139,72,148,40,48,0
3,193,33,140,4,144,140,165,68,64,80,199,32,8,182,224,72,2,19,197,197,40,4,189,32,40,142,128,29,28,184,76
3,193,33,140,4,145,140,165,68,64,80,66,32,8,180,224,72,0,18,197,197,40,4,157,32,40,142,128,29,28,248,12
2,149,146,152,247,165,184,67,63,9,88,18,140,158,36,72,231,27,147,17,18,152,18,213,15,60,26,202,144,64,161,131
1,201,97,76,4,16,135,164,68,64,80,66,32,8,181,228,72,96,18,75,197,40,36,189,32,40,142,0,87,60,112,108
35,203,96,152,28,145,142,228,6,69,80,199,32,200,54,192,76,43,147,197,198,40,14,253,40,4,142,200,29,28,248,220
3,203,0,136,20,145,142,165,4,64,80,199,32,8,50,192,72,34,18,69,214,8,4,189,40,0,142,192,28,28,152,12
3,193,0,140,132,145,140,37,68,64,80,199,32,8,50,64,72,34,19,133,196,8,4,157,32,32,142,192,28,12,184,92
2,148,18,152,147,228,176,67,190,9,74,18,44,190,32,64,231,27,155,144,18,137,18,215,25,22,26,203,144,64,165,147
3,195,0,140,20,129,140,165,4,4,80,199,32,8,50,192,64,34,3,69,212,8,4,157,32,32,142,192,28,12,184,28
2,131,34,152,148,129,156,103,4,5,88,167,40,14,50,64,76,3,147,133,214,136,4,223,40,38,158,193,20,12,188,216
2,149,18,152,147,228,176,99,174,9,74,34,44,182,32,64,231,27,147,144,18,136,18,215,9,52,154,195,144,64,165,147
2,131,32,136,148,129,140,37,4,4,80,135,32,14,50,64,68,3,147,133,212,8,4,213,40,32,138,193,28,12,180,88
3,195,2,140,20,129,140,165,4,5,80,135,32,8,50,64,72,34,19,197,214,8,4,157,32,32,142,192,28,12,184,12
2,151,18,152,147,192,56,39,20,69,72,183,44,38,34,64,102,27,147,129,114,136,16,223,41,38,154,195,20,4,165,90
2,149,18,136,151,164,48,99,12,1,74,2,12,50,32,64,228,19,19,0,18,136,16,213,41,52,138,66,144,64,161,3
3,193,0,140,132,145,140,165,4,64,80,199,32,8,178,192,72,0,19,133,197,8,4,149,32,32,142,192,29,28,184,28
2,149,18,136,147,196,60,39,4,65,72,147,44,54,32,64,230,19,147,129,114,136,16,223,41,36,138,195,20,4,165,90
35,201,97,204,20,145,135,228,68,64,112,66,32,8,180,164,72,32,18,73,195,168,36,189,32,40,130,128,87,28,240,172
3,192,32,140,4,144,140,165,68,64,80,7,32,8,182,224,72,0,18,69,197,40,36,157,32,40,138,128,21,28,240,76
2,195,32,136,148,193,140,231,4,4,88,163,32,12,50,64,72,3,131,133,210,40,4,157,32,0,142,193,21,12,180,216
41,72,106,78,68,147,195,112,69,0,117,2,113,73,181,36,88,232,18,202,192,162,44,189,98,41,160,0,119,187,112,168
2,145,16,140,147,193,20,101,12,1,64,163,44,54,32,64,70,19,147,128,82,8,16,213,41,32,142,67,20,8,165,26
2,193,0,140,4,128,140,37,4,0,80,2,32,8,48,64,72,2,19,129,80,40,0,213,32,32,142,192,20,8,176,8
2,195,0,136,146,193,28,229,4,69,80,163,40,14,32,64,78,19,147,133,82,8,0,213,40,0,142,193,20,12,180,216
60,72,98,238,68,131,66,120,69,0,245,2,115,201,177,16,88,168,6,106,136,162,12,188,82,233,161,8,119,187,112,128
96,0,64,129,12,10,72,0,9,32,178,8,138,2,4,82,72,133,93,128,8,3,65,192,148,184,138,20,37,136,80,0
44,8,106,206,68,131,203,80,69,0,117,2,113,73,181,68,88,160,19,234,128,162,36,189,66,169,160,128,119,171,112,160
1,200,98,140,4,145,134,228,68,64,112,66,32,8,182,228,72,32,18,77,199,168,36,189,32,40,130,0,93,28,248,204
2,131,32,140,148,129,140,101,4,69,80,135,32,12,50,64,76,35,147,133,210,136,4,157,32,32,138,193,20,12,180,88
1,164,112,193,244,185,248,66,239,65,56,26,142,8,182,40,175,139,22,17,150,56,100,215,12,28,18,104,213,76,67,197
2,195,0,136,20,193,12,101,4,68,80,163,32,14,34,64,76,19,131,4,82,8,0,149,40,32,138,193,20,12,148,88
82,17,18,140,75,70,148,101,169,0,224,34,12,150,32,80,254,177,223,160,64,3,16,204,177,176,10,27,81,0,167,155
2,131,0,136,148,193,156,101,4,4,80,163,32,14,32,64,72,18,131,129,82,8,0,149,40,0,138,195,20,8,180,18
2,131,32,136,148,193,140,37,4,68,80,163,32,12,50,64,72,2,147,133,82,8,0,157,40,32,142,193,20,12,180,88
3,28,130,153,55,180,184,66,94,75,90,87,172,154,55,232,231,43,147,149,151,156,22,223,12,62,154,194,156,69,57,95
2,195,32,136,148,193,140,101,4,4,80,163,0,12,48,64,72,16,147,129,82,8,0,149,32,0,138,193,21,12,180,72
2,145,0,140,151,193,28,37,4,0,64,131,44,54,32,64,68,19,147,129,80,8,16,221,41,32,142,67,20,12,180,26
62,0,114,232,86,163,218,120,85,0,117,130,105,207,189,80,126,185,6,168,168,166,8,223,18,239,129,136,247,171,96,129
1,157,115,77,87,252,179,99,109,65,126,2,60,120,180,100,106,59,2,9,147,184,52,253,39,60,2,66,87,72,97,173
130,142,0,156,148,131,136,235,22,6,80,151,104,110,50,64,93,35,147,165,240,12,13,223,40,38,223,197,149,44,52,88
40,72,106,95,20,155,235,80,84,64,119,2,121,201,181,96,122,40,51,75,162,180,44,191,70,111,162,128,119,139,112,136
6,143,0,154,148,161,142,239,22,69,88,151,96,108,58,64,93,67,147,247,246,8,12,255,40,6,143,196,157,94,184,88
3,195,32,142,148,128,142,165,4,68,89,135,104,78,58,64,84,3,19,199,214,8,12,253,32,32,138,192,28,14,184,92
130,48,144,152,43,133,144,64,30,27,16,50,12,158,96,72,229,25,179,17,2,68,2,208,1,18,90,170,144,8,33,131
3,193,0,142,132,129,140,101,4,64,81,135,32,8,50,64,72,2,19,133,213,8,12,157,32,32,142,192,28,30,184,76
2,195,0,140,132,128,12,37,4,4,80,135,32,2,50,64,64,2,19,133,80,8,4,149,32,32,138,193,20,12,180,72
45,72,106,78,4,18,75,24,68,128,119,2,113,65,185,96,88,96,18,234,128,160,44,8,98,233,161,128,55,187,112,32
3,201,231,220,20,146,141,174,84,64,82,66,96,232,181,228,88,98,50,201,193,168,38,253,32,46,222,128,23,60,112,108
3,193,0,136,132,129,132,37,4,68,80,135,32,12,50,64,68,2,19,133,84,8,0,149,32,32,142,192,20,12,144,88
2,195,0,136,20,129,12,229,4,4,80,135,32,6,34,64,76,11,147,196,66,8,0,149,40,0,142,193,20,12,180,72
2,195,0,136,132,129,132,37,4,4,80,135,0,0,34,64,64,2,131,4,80,8,0,149,32,32,142,192,28,12,184,80
2,149,16,136,151,193,152,35,4,0,72,2,44,62,32,64,238,19,147,129,82,8,16,213,41,32,138,67,20,12,181,10
3,198,36,156,4,128,140,167,84,66,88,215,32,40,50,65,65,34,19,133,228,76,4,159,32,38,222,128,28,92,184,88
2,195,0,136,132,129,132,101,4,4,80,135,0,12,50,64,64,2,131,5,82,8,0,149,40,32,142,192,20,12,148,80
2,131,0,136,128,193,12,37,4,4,80,131,0,14,34,64,72,3,19,132,80,8,0,149,40,0,138,193,20,12,176,64
2,131,32,140,132,129,12,37,4,68,80,135,32,14,50,64,68,3,147,133,208,8,4,149,32,32,138,192,20,12,180,80
40,0,106,193,68,2,233,80,68,128,118,2,16,11,180,32,104,128,19,168,128,178,33,192,70,9,162,128,101,136,112,160
3,131,32,136,132,129,12,37,4,68,80,135,0,46,50,64,64,2,19,133,212,8,4,149,32,32,142,192,20,12,176,80
131,195,0,140,132,129,12,37,20,4,80,151,0,10,50,64,64,3,147,133,244,12,4,151,32,32,138,192,28,12,184,92
3,192,0,140,4,145,140,164,68,64,80,71,32,8,178,224,72,32,18,197,197,40,36,157,32,32,138,128,28,28,56,76
130,150,0,152,18,193,152,34,22,69,80,179,12,14,32,64,79,19,147,129,50,12,0,215,8,6,154,195,20,12,37,83
3,193,40,136,4,145,140,37,68,64,80,7,32,8,178,96,72,0,19,5,196,40,36,149,32,32,142,192,21,28,176,76
67,200,4,140,76,144,142,164,196,64,208,199,32,136,50,192,72,224,59,199,197,43,6,189,48,32,138,152,28,28,56,92
3,193,0,140,132,145,140,165,4,68,80,135,32,8,50,64,72,2,19,5,212,8,4,157,32,0,142,192,29,28,152,28
19,72,4,140,12,144,206,228,197,64,208,71,32,8,179,224,72,224,30,199,205,43,4,189,176,32,138,152,29,61,56,12
2,193,32,140,4,129,140,229,4,64,80,131,33,12,48,64,72,2,19,133,210,8,4,149,32,97,174,192,21,12,176,88
19,72,0,140,4,144,206,228,197,64,208,71,34,8,181,224,72,224,31,199,205,171,4,189,176,40,138,144,61,61,56,12
3,193,0,140,132,145,140,165,4,68,80,199,32,8,50,64,72,2,19,69,212,8,4,157,32,32,142,192,29,12,184,92
2,193,0,140,148,129,132,101,4,0,80,2,32,0,32,64,72,2,19,0,82,40,0,149,32,0,142,192,20,24,176,8
3,193,0,140,4,144,140,165,4,64,80,199,32,8,50,64,72,2,19,197,197,40,4,157,32,32,138,192,29,12,184,28
2,133,26,136,182,160,184,99,46,1,90,18,156,138,48,64,103,27,19,145,18,152,0,215,12,20,186,192,148,0,161,129
2,0,2,153,86,129,168,64,44,17,82,18,140,138,48,72,106,41,19,145,2,152,2,209,4,0,154,192,149,0,49,129
130,0,18,152,7,196,56,64,30,25,80,18,12,150,32,72,239,25,147,144,2,132,18,208,1,0,154,202,144,0,33,131
50,8,98,236,70,2,234,80,69,0,241,2,41,137,53,64,106,169,23,163,136,178,4,200,146,233,138,128,119,171,112,128
34,200,97,200,4,129,141,228,68,0,80,66,32,8,180,100,72,0,19,201,193,40,36,189,32,40,138,128,21,152,112,172
35,72,99,204,68,129,143,116,68,64,112,66,48,9,181,100,72,40,18,201,193,170,36,189,32,40,162,128,87,152,112,172
2,144,18,152,19,192,56,98,30,1,74,179,44,158,32,64,102,27,147,144,18,136,16,215,9,36,154,195,20,4,37,26
3,129,2,140,20,128,140,37,4,64,80,135,32,10,34,64,64,2,3,4,84,136,4,213,32,32,138,192,28,12,184,80
0,0,0,129,76,137,168,64,164,16,240,2,136,10,96,66,104,136,10,144,2,50,64,192,20,0,138,104,21,8,49,128
35,201,35,140,4,145,140,229,68,64,80,66,32,8,180,228,72,34,18,197,197,168,4,157,32,40,138,128,93,12,248,140
2,135,34,140,20,128,172,103,4,5,90,135,40,46,50,64,76,35,147,133,210,136,4,221,32,32,138,193,21,12,180,72
2,135,34,136,20,129,140,103,4,4,88,135,32,42,50,64,76,35,147,133,214,136,4,221,32,32,138,193,21,12,188,72
2,131,32,136,148,129,140,231,4,5,88,131,32,46,50,64,76,34,131,197,86,136,4,221,32,32,142,193,20,12,188,72
130,144,16,152,19,229,184,66,30,1,64,50,12,158,32,72,231,25,147,145,50,140,18,215,9,6,154,195,144,4,37,147
2,135,0,136,148,129,140,103,6,5,88,163,32,46,50,64,72,19,131,129,82,8,0,157,40,0,142,193,20,12,180,72
1,193,0,140,4,16,4,37,68,64,80,199,32,0,178,192,64,32,2,133,197,8,4,157,32,32,142,0,28,28,152,28
130,48,144,152,147,229,144,66,30,31,0,17,12,150,96,8,193,27,179,145,50,78,146,210,9,22,26,107,144,64,37,147
61,0,106,111,68,2,235,16,68,160,119,2,83,65,177,96,120,228,22,106,137,176,45,8,70,169,161,132,103,171,112,160
3,193,1,136,4,144,140,37,68,64,80,66,32,10,178,224,72,2,18,129,213,8,36,213,32,32,138,192,20,12,184,76
3,131,34,140,150,128,172,103,4,69,90,135,44,42,50,64,110,35,147,133,214,136,4,221,32,36,138,192,29,12,185,92
56,200,74,238,84,129,70,244,4,0,116,2,51,9,176,80,72,232,6,202,74,170,0,61,114,201,160,40,117,154,114,136
3,195,0,136,148,129,140,229,4,4,80,135,32,8,50,64,72,2,19,133,214,8,4,149,32,32,142,192,28,12,184,88
35,201,97,206,68,129,207,244,69,64,116,194,48,12,182,36,72,104,19,207,195,170,44,253,34,40,130,128,87,159,112,252
2,16,146,153,51,165,184,66,62,11,80,50,140,158,96,72,231,27,147,144,2,156,2,215,13,22,26,194,144,0,33,131
3,211,32,136,20,145,156,229,4,68,80,167,40,140,50,64,78,11,147,197,214,8,4,221,32,0,138,195,29,12,185,220
50,0,66,128,68,8,168,64,140,128,242,10,8,136,49,64,104,160,23,161,0,179,0,200,20,32,138,128,5,40,113,128
2,176,144,152,219,229,16,67,30,9,80,50,12,150,96,72,231,27,147,145,18,11,18,211,25,20,26,235,144,0,165,147
3,200,1,140,4,145,142,164,68,64,80,66,32,8,179,228,72,96,18,71,197,32,36,189,32,32,142,128,29,28,24,12
56,72,106,110,68,147,230,112,69,0,116,2,123,73,181,96,120,232,23,234,200,162,36,173,114,233,160,0,119,187,112,136
32,32,96,193,68,169,232,66,107,35,244,26,136,136,84,24,107,136,6,152,130,54,196,195,22,12,154,104,213,72,115,128
2,50,22,153,42,192,184,64,172,21,80,163,172,158,96,75,230,57,171,144,2,1,130,192,4,16,10,139,20,4,37,147
56,32,98,160,68,19,224,72,81,35,240,26,3,8,116,40,120,136,23,177,136,182,36,128,146,205,146,164,117,12,114,132
131,20,18,152,50,166,184,66,28,75,82,119,172,154,50,72,231,43,147,149,183,140,0,215,8,54,154,194,156,4,41,215
60,0,66,232,68,131,201,88,21,0,117,2,81,201,57,8,88,168,23,170,8,182,2,152,82,201,161,168,119,174,112,128
51,8,99,204,76,145,202,224,197,64,212,66,40,136,181,228,108,241,23,207,141,163,36,253,16,40,138,136,93,61,120,140
3,132,50,141,54,176,184,34,76,65,94,18,172,40,182,100,226,35,18,141,151,168,36,223,4,60,138,194,20,12,57,205
37,8,106,206,4,2,131,80,68,128,119,2,112,73,181,100,88,32,18,106,129,160,44,168,64,40,130,0,85,171,112,36
2,132,34,141,20,131,136,103,4,97,90,19,32,40,48,64,89,38,19,165,240,184,69,159,32,38,154,192,21,12,176,72
2,207,0,136,149,193,142,167,6,5,72,135,32,12,50,64,73,2,131,133,82,8,0,189,41,6,158,193,20,12,148,90
3,193,0,136,20,145,140,229,68,64,80,71,32,10,50,192,72,0,19,133,215,8,4,213,32,32,138,192,28,28,184,28
1,200,97,200,4,129,139,244,68,0,84,66,48,8,181,100,72,96,18,203,195,40,36,189,32,8,138,0,21,153,112,172
34,149,16,136,87,193,16,103,6,1,72,131,44,150,32,64,74,59,131,128,82,10,16,221,49,4,138,107,21,8,180,154
2,148,18,136,147,228,56,66,60,1,74,50,12,50,32,64,231,19,147,144,50,136,16,215,9,38,154,195,148,64,37,2
2,131,32,136,134,129,140,101,4,68,80,135,40,46,50,64,76,3,147,133,208,8,4,213,40,0,142,192,21,12,181,88
2,128,2,137,86,129,168,65,140,0,210,2,12,138,48,64,106,9,27,145,82,153,0,213,20,32,138,192,21,12,177,128
2,128,34,137,84,129,168,64,140,81,208,2,168,138,48,64,104,137,27,129,146,136,6,213,4,48,138,200,21,12,49,136
2,135,32,136,146,129,156,103,4,68,88,167,40,44,50,64,76,3,147,133,210,8,4,149,40,0,138,193,21,12,180,89
0,129,6,137,20,130,160,39,4,1,90,2,32,136,48,64,72,42,42,129,18,184,67,157,44,36,154,64,20,8,176,136
40,0,122,202,86,147,235,112,68,0,117,2,57,203,188,96,126,184,23,184,130,178,36,220,82,169,162,192,55,138,96,160
2,149,34,136,87,195,184,99,12,0,88,163,44,158,48,64,110,59,147,129,80,170,16,221,1,32,138,195,21,12,181,219
40,217,112,108,244,145,214,245,77,0,52,34,59,57,180,0,206,82,23,88,208,42,96,173,106,217,36,194,86,152,208,139
120,0,66,160,4,2,104,80,33,160,246,2,75,11,24,80,122,140,21,168,8,178,1,128,210,233,160,132,39,128,112,0
2,129,2,136,132,128,140,37,4,0,80,2,40,10,48,64,74,3,19,129,80,8,0,213,40,32,138,192,20,8,176,0
2,192,0,136,4,129,140,229,4,0,80,2,32,8,48,64,72,0,19,193,64,40,0,157,32,0,142,128,21,24,176,136
2,52,160,152,19,225,152,66,22,87,16,183,12,190,98,72,207,27,147,145,50,12,18,210,9,6,154,227,149,76,53,211
3,201,0,136,20,131,142,231,6,68,88,135,32,136,50,64,72,42,19,197,215,8,4,189,40,4,142,192,29,12,184,92
52,0,66,132,4,2,200,64,129,0,242,2,10,10,36,64,120,128,6,160,8,163,0,200,144,40,130,4,69,42,112,128
3,201,32,136,148,129,142,167,70,65,88,131,32,44,50,64,72,66,19,197,214,8,4,189,40,36,142,192,20,28,176,88
130,0,18,153,55,165,168,66,30,3,80,18,140,130,32,72,227,9,19,144,34,148,18,211,5,20,154,64,148,8,33,130
0,193,0,140,132,129,4,165,4,0,80,2,32,34,48,64,72,2,2,193,80,8,0,157,32,32,142,0,20,24,176,8
18,193,72,200,20,145,76,181,5,0,68,2,49,3,48,68,68,0,19,200,90,8,48,213,107,169,142,64,54,136,176,40
2,193,0,140,132,129,132,37,4,0,80,2,0,8,48,64,64,0,19,1,80,8,0,149,32,32,142,192,20,8,144,0
130,148,144,154,135,97,148,39,20,7,8,19,0,60,32,64,73,19,131,1,48,44,16,151,41,6,158,67,144,72,180,18
3,129,32,136,4,129,8,37,4,64,80,131,32,12,50,64,64,0,19,133,212,8,4,149,32,32,138,192,20,12,144,88
2,201,0,140,20,129,12,101,6,1,80,2,32,2,48,64,64,42,19,129,82,136,0,157,32,36,138,192,20,8,176,8
34,0,66,128,68,0,168,64,40,0,48,2,12,10,96,0,106,9,2,128,0,179,128,192,16,0,138,168,5,8,115,128
2,193,2,136,148,129,44,101,4,0,82,2,40,10,48,64,104,3,19,129,82,136,0,221,32,32,138,192,20,8,176,8
2,129,18,140,146,128,188,103,4,1,90,130,44,46,32,64,110,59,147,128,80,136,0,221,32,32,138,194,21,8,161,153
35,200,34,136,84,145,140,228,68,64,80,3,40,136,182,96,72,8,19,197,198,170,36,253,32,8,138,200,21,28,240,204
3,193,0,140,132,145,12,37,4,64,80,70,32,2,178,96,64,2,18,133,85,8,4,157,32,32,138,192,28,12,184,12
2,193,2,136,212,129,172,101,4,69,80,135,40,14,50,64,108,43,147,133,82,136,0,221,32,32,138,192,21,12,181,216
2,193,32,136,20,129,140,229,4,64,80,131,40,12,48,64,78,3,19,197,210,8,4,221,32,32,138,192,21,28,177,216
7,201,0,142,132,16,142,165,68,64,81,71,64,72,58,192,64,66,19,199,213,8,12,177,40,32,142,128,28,30,184,28
2,149,18,136,182,162,184,98,12,1,90,34,44,58,32,64,230,51,19,129,18,152,0,221,8,52,154,194,148,0,49,3
34,8,98,206,84,131,202,80,69,0,117,2,33,201,181,4,88,168,19,202,192,162,4,157,18,72,130,168,119,175,112,168
2,65,0,128,132,0,132,5,4,0,16,2,0,8,48,64,72,0,19,1,80,0,0,128,32,0,142,128,20,24,144,0
3,193,0,136,4,129,140,37,4,64,80,195,32,8,48,192,64,1,19,133,213,8,4,149,32,32,138,128,28,12,184,24
47,8,98,206,68,147,235,80,69,192,117,2,112,201,183,36,88,168,19,175,128,162,36,140,82,41,170,136,119,175,112,228
2,151,34,136,179,192,60,39,14,69,88,167,12,62,32,64,231,19,147,129,82,136,0,213,40,38,154,195,20,4,165,91
3,215,32,140,148,129,156,231,4,69,88,167,32,44,54,64,76,3,147,133,214,8,4,253,32,36,142,193,29,28,188,92
130,0,50,153,50,132,56,64,62,89,82,147,140,158,96,73,230,57,147,149,162,148,2,192,4,16,154,194,148,4,33,209
32,32,98,193,84,137,232,64,109,1,112,2,8,8,52,0,104,169,6,145,130,58,0,208,22,8,138,104,213,8,99,128
56,0,114,228,70,2,224,80,65,0,114,2,107,9,49,64,122,169,6,161,136,178,0,136,210,233,162,0,103,168,112,136
2,176,18,152,121,133,184,64,158,25,80,0,140,146,96,72,206,9,147,144,18,11,2,209,9,16,154,234,144,0,33,131
130,0,18,152,38,133,184,64,158,27,80,18,140,130,96,73,231,9,2,144,34,68,2,208,5,16,218,170,20,8,33,129
2,149,18,152,147,228,176,103,62,25,72,50,44,182,32,64,231,27,147,144,18,136,18,213,41,54,26,195,144,0,165,147
34,199,32,136,148,145,140,231,6,5,88,135,40,174,50,64,76,11,147,197,246,8,4,247,40,36,142,233,20,12,188,220
2,144,144,152,147,225,48,67,22,1,72,18,12,150,32,64,227,27,147,144,18,8,18,215,9,4,154,75,144,0,165,18
34,207,32,152,212,129,140,231,22,5,88,167,32,142,50,64,77,11,131,133,246,10,4,255,40,4,158,233,21,12,188,204
2,131,32,136,148,129,140,103,4,69,24,135,0,44,50,64,76,3,147,149,210,8,0,149,40,0,142,193,20,12,148,80
2,149,50,136,245,165,176,99,174,9,88,48,172,158,32,64,231,27,23,17,146,41,18,215,169,20,26,202,144,0,161,131
2,151,0,136,147,225,24,99,6,1,24,163,8,46,32,64,79,19,147,145,18,8,0,214,41,4,142,195,148,76,148,82
3,193,6,153,52,137,168,167,12,1,82,70,172,136,48,64,106,42,51,1,87,184,3,213,44,52,154,192,28,12,185,8
2,205,0,154,149,193,134,231,22,1,88,2,96,96,32,64,73,98,19,64,114,40,8,191,40,38,142,193,20,24,180,10
2,135,0,136,144,161,24,103,6,5,88,179,0,46,34,64,77,19,131,145,18,8,0,151,40,6,154,195,148,76,180,66
2,135,32,136,148,193,140,99,4,5,24,135,0,46,50,64,76,3,131,149,82,8,0,149,40,0,142,193,20,12,148,88
2,204,0,156,20,195,138,230,22,0,80,2,32,72,48,64,89,42,19,129,98,12,0,191,40,6,159,193,20,12,48,8
3,12,98,91,84,187,170,66,92,67,91,2,40,200,183,96,120,40,18,129,165,188,36,255,6,46,154,192,213,143,113,196
2,132,114,217,118,179,232,99,125,1,126,18,168,43,180,96,111,59,2,152,146,152,101,223,14,62,154,192,183,128,225,141
58,149,114,193,214,179,248,115,5,1,126,163,8,31,36,64,110,155,147,144,18,152,49,213,126,140,138,194,183,140,224,147
2,148,114,217,116,181,184,82,31,25,94,179,172,159,180,100,231,27,147,149,146,152,34,213,14,30,154,194,150,140,33,151
33,12,99,76,84,131,195,120,69,0,248,66,112,200,181,100,88,168,2,106,129,178,36,157,48,44,162,8,119,171,112,164
2,135,32,140,144,129,8,35,4,5,88,131,32,46,50,64,76,2,131,133,210,8,0,149,40,36,138,193,20,12,180,64
2,74,34,156,78,128,184,68,132,68,82,135,40,142,51,72,108,57,179,197,192,147,2,249,16,32,138,136,21,28,53,216
7,203,32,138,148,129,142,229,134,69,89,135,96,204,58,64,89,74,187,213,214,9,14,181,40,4,142,224,29,14,152,92
130,197,32,158,132,129,12,167,20,64,88,147,32,46,48,65,72,3,19,197,240,8,4,247,32,32,142,192,20,30,176,88
2,140,6,159,20,131,142,99,22,162,91,2,96,232,48,64,89,102,51,129,64,184,9,191,40,38,207,192,20,42,48,8
34,90,98,140,78,0,186,68,132,68,208,167,44,142,51,66,110,177,147,199,192,131,2,232,48,32,138,139,21,28,53,216
35,133,98,168,84,179,224,107,69,97,88,15,2,8,182,32,88,138,23,37,156,186,4,157,18,12,136,192,125,12,120,196
130,193,0,136,148,129,12,37,4,0,80,18,0,8,48,64,72,2,19,129,112,8,0,151,40,32,142,192,20,8,176,8
2,149,16,136,147,225,16,231,6,1,72,179,44,182,32,64,235,27,147,144,18,8,16,215,41,4,154,99,148,72,165,154
3,16,178,153,118,177,184,66,94,83,80,182,140,158,246,232,231,25,147,149,135,28,36,211,4,28,154,194,156,12,57,197
56,5,74,233,84,171,96,82,5,1,120,10,27,9,48,80,120,168,6,176,24,186,64,156,214,205,160,64,119,136,112,128
56,9,114,236,100,138,126,113,101,0,118,2,63,107,176,80,106,162,6,74,200,184,0,173,102,233,34,128,119,168,96,137
18,88,18,184,83,193,26,66,159,4,192,163,45,150,33,80,110,185,135,208,10,11,2,253,145,228,154,171,52,1,37,155
3,193,1,140,4,144,140,229,68,64,80,66,32,8,180,228,72,1,18,193,197,40,36,253,32,40,138,128,29,28,248,12
2,133,2,140,151,225,156,103,4,5,88,163,40,46,48,64,73,59,147,129,82,136,0,223,40,4,154,195,21,12,181,218
55,24,114,206,102,18,218,112,69,8,245,34,75,24,181,116,126,185,22,235,136,179,36,236,146,248,2,138,119,187,96,165
33,73,99,76,84,147,175,228,68,64,112,66,56,200,181,164,120,40,2,234,193,170,36,253,32,40,130,0,87,156,112,236
2,152,18,153,19,192,56,230,62,17,66,178,172,150,32,64,231,59,147,144,18,152,18,245,13,54,154,195,148,0,165,155
114,104,66,174,28,129,74,64,133,0,208,10,35,200,49,80,120,168,31,195,74,35,64,189,176,228,138,184,52,27,48,8
130,48,16,152,19,229,152,66,22,1,0,50,12,158,96,72,239,25,147,145,34,12,18,215,9,4,154,99,144,8,37,146
3,201,99,204,22,147,140,101,68,64,86,198,40,12,180,228,92,51,146,237,197,184,37,221,34,40,138,128,29,12,248,252
2,156,18,156,19,166,184,103,62,9,74,18,44,182,32,64,231,59,51,128,50,136,18,223,45,54,26,66,144,0,161,11
60,72,98,174,84,131,74,80,5,64,244,10,59,201,49,80,120,232,23,235,200,179,0,169,178,233,170,168,55,191,112,136
57,72,98,236,84,139,70,112,69,64,240,10,51,137,49,48,104,232,23,99,204,186,68,189,114,201,160,184,119,159,82,200
35,201,99,76,84,147,207,124,69,64,116,194,48,13,180,100,92,176,19,238,193,186,36,253,34,40,130,128,87,156,112,252
56,200,104,172,84,131,78,252,69,96,244,10,51,137,49,16,88,168,23,235,202,58,64,189,114,201,160,184,55,154,114,136
54,0,114,204,110,145,186,64,204,128,241,2,8,216,53,96,126,185,31,227,136,163,36,200,146,8,138,186,85,43,113,133
2,135,2,141,146,194,188,39,4,5,90,163,40,46,32,64,110,51,147,129,82,152,0,255,44,36,138,195,20,4,181,91
3,200,35,140,4,145,142,36,68,64,80,198,32,8,182,228,72,32,18,207,197,136,36,253,32,40,138,128,29,28,120,108
3,143,34,136,18,178,184,99,12,69,90,167,44,170,54,64,102,43,147,133,150,152,4,223,40,36,138,195,29,4,185,93
3,201,98,142,22,145,174,229,68,64,80,70,104,104,180,224,106,35,18,199,215,168,4,253,32,40,142,128,93,30,249,140
34,32,66,200,70,1,248,64,133,1,241,131,8,142,117,72,124,153,147,165,0,179,2,192,22,8,138,136,21,172,112,144
56,233,72,232,84,129,78,252,2,0,116,10,51,195,32,16,88,232,23,234,74,42,0,61,114,201,164,44,117,154,114,136
3,200,99,140,4,145,142,228,68,64,80,70,32,8,180,228,72,32,18,207,197,168,36,189,32,40,138,128,29,28,112,108
2,208,18,152,75,196,184,68,174,81,64,35,172,158,96,73,230,57,179,145,2,25,18,209,21,16,154,75,16,4,37,219
2,32,226,137,68,163,232,66,63,65,82,147,8,142,48,72,120,137,23,149,138,182,4,192,20,0,154,196,149,12,49,208
0,32,130,156,28,163,10,74,22,129,82,18,96,200,32,64,89,40,51,16,2,150,2,159,24,38,139,72,20,8,48,0
3,203,2,140,148,131,174,101,4,4,82,135,32,8,50,64,72,34,19,197,212,184,4,189,32,0,138,128,29,28,184,24
3,193,32,140,4,144,140,165,68,64,80,199,32,8,50,192,76,2,19,197,213,40,4,157,32,32,142,192,29,12,184,28
3,193,1,140,4,145,140,165,68,64,80,70,32,8,180,228,72,32,18,197,197,40,4,189,32,40,142,128,29,28,248,12
3,193,0,140,4,145,140,37,4,64,80,199,32,8,178,192,72,32,19,197,197,8,4,221,32,32,142,128,28,28,184,28
35,201,98,140,92,147,138,224,68,64,80,199,32,200,183,228,72,40,18,231,199,170,14,253,34,8,138,136,29,15,120,220
3,193,33,140,20,144,140,165,68,64,80,199,32,40,182,224,72,98,18,197,197,40,4,189,32,40,142,128,29,28,184,92
2,139,0,136,148,129,140,231,4,4,88,135,32,10,50,64,76,34,131,197,214,8,4,157,40,0,142,193,20,12,188,76
2,148,146,217,245,164,184,67,63,9,88,16,172,154,36,72,231,59,19,16,18,152,18,213,15,28,26,194,144,64,161,131
3,131,32,140,132,128,140,37,4,4,80,135,32,42,50,64,76,3,131,133,212,8,4,221,32,32,138,193,28,12,184,92
2,149,18,136,147,225,184,103,142,5,88,163,44,190,32,64,239,27,147,144,18,137,18,215,57,4,154,203,148,4,165,219
3,195,0,136,20,145,140,229,4,65,80,199,32,8,50,192,72,2,19,197,199,8,4,253,32,32,138,192,28,12,184,28
3,131,0,140,148,129,140,165,4,4,80,199,32,8,50,192,72,34,131,133,212,8,4,157,32,32,142,192,28,12,184,28
3,195,32,140,132,129,140,229,4,64,80,199,32,8,50,64,76,2,19,133,212,8,4,157,32,32,142,192,29,12,184,92
3,205,34,140,20,145,142,231,68,64,88,199,32,8,182,224,72,34,18,205,199,168,36,253,32,40,142,128,29,28,248,220
3,195,2,140,20,129,140,165,4,5,80,135,32,8,50,64,72,35,19,197,214,8,4,157,32,32,142,192,28,12,184,12
2,131,32,136,148,129,136,99,4,5,88,135,8,46,50,64,76,3,147,133,214,8,4,213,40,32,142,193,20,12,180,80
2,135,2,156,147,192,188,39,20,69,90,183,44,46,34,64,110,59,147,133,118,136,4,223,40,38,154,195,20,12,165,90
2,149,18,136,151,228,176,99,12,1,74,2,44,58,32,64,224,19,147,144,18,136,16,213,41,52,138,67,144,72,161,2
2,131,2,136,150,193,156,231,4,5,88,163,8,14,32,64,76,19,131,129,82,8,0,213,40,32,142,195,21,12,180,201
3,201,33,204,20,145,142,228,68,64,80,66,32,8,180,228,72,32,18,201,199,168,36,189,32,40,138,128,93,28,240,172
3,131,0,136,132,129,140,37,4,68,80,135,32,10,50,64,76,3,147,133,214,8,4,213,40,32,142,192,28,12,184,92
2,149,34,140,147,192,60,103,20,69,74,179,44,62,32,64,102,51,147,129,114,136,16,223,41,36,138,195,20,4,165,90
35,201,97,204,20,145,135,244,68,64,112,66,48,8,180,100,72,32,18,75,195,168,36,189,32,8,130,128,87,156,112,172
3,193,0,140,132,145,140,229,68,64,80,199,32,8,178,224,72,0,19,5,197,8,36,149,32,32,142,192,29,28,184,92
3,193,32,136,20,145,140,165,68,64,80,135,32,12,50,96,72,2,19,133,212,8,36,149,32,32,138,128,28,12,176,92
2,149,18,136,147,229,56,99,46,1,74,131,12,182,32,64,231,27,147,144,18,136,16,213,9,52,154,194,144,4,165,83
56,0,98,229,68,18,232,88,65,32,118,2,83,9,188,64,120,132,23,168,136,178,33,136,86,233,160,132,103,136,112,128
2,149,34,140,151,192,156,103,4,5,88,163,44,30,32,64,78,19,147,129,82,136,0,221,40,32,142,195,20,12,181,27
35,72,99,206,4,145,143,244,68,64,84,66,48,8,181,228,72,96,18,207,197,168,36,253,32,40,130,128,87,159,112,236
2,193,0,140,4,129,140,37,4,0,80,2,32,8,48,64,72,2,19,129,80,40,0,157,32,32,142,192,21,8,176,8
3,195,0,140,20,145,140,165,68,68,80,199,32,8,50,64,72,2,19,133,212,8,4,157,32,32,138,192,29,12,184,92
37,73,107,78,68,147,207,240,69,64,116,2,113,73,189,100,88,232,18,234,193,162,44,189,98,41,160,128,119,187,112,172
66,0,20,145,108,12,56,0,136,24,16,8,140,130,64,91,130,1,127,0,0,64,194,192,5,48,202,184,16,8,17,1
45,72,99,206,68,147,203,240,68,0,116,2,112,73,181,100,88,96,18,202,129,162,36,189,66,40,162,128,119,187,112,168
2,131,32,136,148,129,140,103,4,5,88,135,32,14,50,64,76,3,147,133,214,8,4,149,40,32,142,193,21,12,180,64
3,195,34,140,20,129,140,101,68,68,80,135,32,8,50,64,72,2,147,133,214,168,4,221,32,32,138,192,29,12,184,92
3,200,0,140,4,145,140,229,68,64,80,199,32,8,178,224,72,32,19,197,197,40,4,189,32,32,142,128,29,28,184,28
3,201,98,140,20,145,140,229,68,64,80,71,32,8,182,224,72,32,18,69,199,168,36,189,32,40,138,128,93,28,248,204
2,131,32,136,148,193,156,101,4,69,80,167,40,14,50,64,76,19,147,133,82,136,0,221,40,32,138,193,20,12,180,90
35,32,242,145,116,185,232,66,109,65,120,30,138,8,246,40,235,171,22,149,151,184,100,194,6,28,146,192,197,204,83,196
2,195,0,136,18,193,28,101,4,68,80,163,32,14,34,64,76,19,131,4,82,8,0,149,40,0,138,195,20,12,148,88
82,81,18,140,75,68,52,69,173,0,224,34,12,150,32,66,238,145,219,160,64,3,144,192,177,48,10,11,16,0,165,147
2,131,0,136,150,193,156,101,4,4,80,163,32,14,32,64,72,18,131,129,82,8,0,149,40,0,138,195,20,8,180,18
114,165,2,136,92,161,10,106,134,160,152,10,0,202,112,64,88,169,95,161,10,3,130,159,152,4,139,252,20,10,48,128
2,193,32,136,21,193,156,37,4,69,64,131,32,12,50,64,72,51,147,129,82,8,16,221,41,0,142,195,20,12,180,88
2,151,115,201,146,242,185,103,76,65,94,162,24,62,164,100,110,51,147,177,147,152,37,221,40,36,170,195,149,128,165,253
2,131,32,136,148,193,140,101,4,4,80,163,0,12,48,64,72,18,147,129,82,8,0,149,32,0,138,193,21,12,180,66
62,0,114,92,86,147,218,88,87,0,117,2,121,203,189,80,126,185,6,170,138,182,40,223,82,239,161,136,119,171,96,129
131,194,34,157,20,131,168,7,20,71,82,151,168,14,50,72,108,45,147,133,164,156,69,223,4,54,154,192,28,12,56,92
2,145,16,136,147,197,20,165,4,0,64,7,44,62,32,64,204,19,147,129,82,8,16,213,41,32,142,66,16,8,181,26
8,157,122,76,242,194,191,115,36,0,124,162,61,127,164,96,126,59,131,160,82,184,36,221,98,41,34,193,119,128,229,187
131,142,32,157,20,131,136,107,22,167,80,151,96,40,50,64,93,33,147,165,244,156,69,223,44,6,155,196,29,12,56,220
9,72,106,223,20,129,235,208,84,64,86,2,112,201,181,100,120,104,51,203,130,184,38,253,70,47,162,128,117,139,112,168
134,143,32,152,148,131,142,239,22,71,88,151,96,110,50,64,93,3,147,181,246,8,13,255,40,6,143,196,157,12,184,88
83,201,2,140,88,128,14,101,132,64,208,199,40,142,50,64,110,169,159,197,207,139,4,221,176,32,138,152,28,20,185,220
2,32,20,153,108,137,184,0,142,24,16,0,140,130,112,75,198,9,34,1,2,0,130,192,4,16,202,168,20,8,1,129
2,131,32,136,148,193,156,99,4,69,88,167,8,46,50,64,76,19,147,149,210,8,4,213,40,0,138,193,20,12,180,80
3,193,32,142,148,145,140,229,68,64,81,7,96,8,62,96,72,2,19,199,213,40,12,189,32,40,142,192,29,30,184,76
2,131,0,140,132,128,140,37,4,4,80,135,32,2,50,64,68,2,19,133,80,8,4,149,32,32,142,192,20,12,180,72
54,0,98,228,4,2,72,88,65,160,182,10,3,9,53,112,120,132,21,168,136,179,5,136,146,232,129,148,103,168,112,4
3,201,231,220,28,146,141,174,86,64,82,66,32,232,180,228,88,104,50,205,197,168,39,221,32,46,222,128,23,60,112,44
2,129,0,136,132,129,140,37,4,68,80,135,32,12,50,64,68,2,19,133,80,8,0,157,32,32,142,192,20,12,144,88
2,195,0,136,146,129,156,229,4,4,80,131,32,6,34,64,76,27,147,132,82,8,0,157,40,0,142,193,20,12,180,72
2,195,0,136,132,129,132,37,4,4,80,135,0,0,34,64,64,2,131,4,80,8,0,149,32,32,142,192,28,12,184,80
2,149,16,136,151,197,184,35,12,1,72,2,12,62,32,64,238,19,19,129,82,8,16,213,41,48,138,67,20,12,177,2
3,204,4,156,4,16,140,167,20,66,88,199,32,40,50,193,65,98,19,133,229,204,6,255,32,38,222,128,28,92,184,92
3,202,0,156,4,144,140,167,20,82,80,199,32,8,50,193,73,32,51,197,229,12,4,255,32,38,222,128,28,28,184,28
2,131,0,136,148,129,12,37,4,4,80,131,0,14,32,64,68,18,131,4,82,8,0,149,40,0,142,193,20,12,148,80
2,131,0,136,128,193,12,37,4,4,80,131,32,14,50,64,76,3,19,133,80,8,0,213,32,0,138,193,20,12,176,64
2,131,0,136,148,129,12,37,4,4,80,131,0,6,48,64,68,19,147,133,82,8,0,213,32,32,138,192,20,12,180,88
3,129,34,140,4,144,140,97,68,64,80,199,32,8,182,224,72,34,19,133,213,168,4,157,32,40,138,128,29,12,248,92
2,131,0,136,148,129,12,33,4,69,80,135,0,46,50,64,76,3,147,133,82,8,0,213,40,32,138,193,20,12,180,80
3,193,32,136,4,145,140,165,68,64,80,199,32,8,50,224,72,0,19,197,197,40,4,157,32,32,142,128,29,28,184,92
131,200,1,140,4,17,142,164,68,64,80,70,32,8,180,228,72,96,18,205,229,44,4,191,32,40,142,128,29,28,184,12
2,135,32,136,148,161,8,99,4,5,88,135,0,46,50,64,76,3,131,133,146,8,4,213,8,0,138,193,148,12,180,80
2,150,40,136,20,129,152,98,6,69,88,183,32,14,50,64,77,19,147,133,178,8,4,215,0,38,154,193,20,12,52,88
3,193,32,136,20,129,140,37,4,68,80,135,32,12,50,64,72,3,19,133,212,8,4,149,32,32,142,128,20,12,176,92
2,193,40,140,20,129,12,229,4,64,80,131,49,14,50,64,76,19,19,133,210,8,4,85,96,33,170,192,20,8,176,88
2,131,32,140,128,129,140,39,4,4,88,135,32,46,50,64,68,3,131,133,210,8,4,213,40,32,142,193,20,12,180,72
26,195,96,172,4,129,76,245,5,4,84,135,33,11,50,68,76,128,151,205,206,8,4,189,226,97,174,193,63,156,184,72
3,131,32,140,148,129,140,37,4,4,80,135,32,10,50,64,76,2,3,133,212,8,4,221,40,32,142,192,20,12,184,76
26,193,8,136,148,129,140,101,4,0,80,2,33,10,48,64,72,2,19,129,82,8,0,149,168,97,174,192,20,8,176,8
3,193,2,140,20,145,140,165,4,64,80,199,32,8,50,64,72,2,19,69,212,8,4,157,32,32,138,192,29,12,184,28
3,201,1,140,4,145,140,165,68,64,80,70,32,8,180,224,72,32,18,197,197,40,4,189,32,40,138,128,29,12,120,12
3,193,32,140,4,145,132,229,68,64,80,2,32,8,182,96,72,0,19,1,196,40,36,149,32,40,142,128,21,28,208,76
32,0,106,206,68,2,201,112,68,0,119,2,112,73,181,100,88,32,19,169,128,176,36,141,64,40,162,128,117,170,112,168
2,132,27,153,22,160,185,66,60,1,90,18,156,138,48,64,103,43,19,145,50,156,0,215,12,54,154,192,148,0,33,128
2,193,32,136,132,129,140,37,4,0,80,2,0,8,48,64,72,2,19,1,208,40,0,149,32,32,138,192,20,8,176,0
130,0,2,153,86,129,184,64,62,17,80,18,140,138,112,72,110,9,19,145,2,144,2,209,4,0,154,192,149,0,33,129
130,48,144,152,111,133,184,64,158,25,16,50,140,158,96,9,143,25,147,17,2,71,130,208,1,16,90,234,144,8,33,131
3,193,1,140,20,145,140,229,68,64,80,66,32,8,180,224,72,1,19,193,199,40,36,213,32,40,138,192,29,12,248,12
32,72,99,204,68,129,239,116,68,0,116,2,48,9,181,100,72,40,18,200,192,170,36,253,96,40,162,128,87,152,112,168
2,0,64,129,76,8,232,64,13,0,176,2,136,10,48,0,106,129,31,145,8,35,64,192,148,16,138,168,21,8,113,128
2,135,34,140,20,128,136,103,4,5,90,131,40,46,50,64,76,35,147,133,18,136,0,223,40,36,138,193,21,12,180,72
35,201,99,204,20,145,132,101,68,64,80,66,32,8,180,228,72,34,18,77,197,168,36,189,32,40,138,128,93,28,248,140
2,135,34,140,20,129,140,103,4,5,88,135,32,46,50,64,76,35,147,133,210,136,4,221,32,32,138,193,21,12,180,72
2,135,32,136,148,129,140,231,4,5,88,163,32,46,50,64,76,34,131,133,82,8,4,221,40,32,142,193,20,12,180,72
2,135,32,136,151,193,28,103,6,5,88,163,32,46,34,64,72,19,131,145,82,8,0,213,40,4,142,195,20,12,180,74
3,195,0,140,4,144,4,165,0,0,80,199,32,0,178,192,64,34,2,133,196,8,4,157,32,32,142,128,28,12,184,28
2,48,144,152,17,229,176,66,30,27,0,17,140,150,96,8,193,27,147,17,50,78,146,210,9,22,26,107,144,64,37,147
2,135,32,136,144,129,136,103,4,5,88,135,40,14,50,64,76,19,147,133,82,8,0,221,40,32,138,193,20,12,180,88
60,0,106,101,4,26,75,88,65,160,119,2,91,73,185,112,120,164,21,170,136,176,37,136,210,233,161,4,103,171,112,32
3,193,1,136,4,145,140,165,68,64,80,66,32,10,176,224,72,3,19,133,213,8,36,213,32,32,138,192,28,12,176,12
2,131,32,136,148,129,140,101,4,5,80,135,32,14,50,64,76,2,147,133,210,8,4,221,40,32,142,192,20,12,180,72
3,201,99,76,20,129,175,229,68,64,80,66,32,8,180,228,72,34,18,205,195,168,36,253,32,40,138,128,85,28,240,236
3,131,34,136,150,128,188,101,4,69,80,135,44,10,50,64,110,35,147,133,214,136,4,221,40,32,142,193,29,12,177,93
32,201,104,206,84,129,207,244,68,0,116,2,49,129,176,64,72,232,23,202,202,170,36,61,114,137,160,136,117,155,112,168
3,193,0,136,148,129,140,229,4,4,80,135,32,8,50,64,72,2,19,133,214,8,4,149,32,32,142,192,28,12,184,88
35,201,99,204,84,145,142,228,68,64,80,198,32,12,180,228,72,32,19,207,199,170,36,253,32,8,138,128,87,156,112,252
2,148,18,153,147,229,184,66,14,9,72,51,140,158,32,64,231,27,147,144,18,152,16,215,13,22,154,195,144,4,37,147
3,211,32,136,150,129,188,229,4,69,80,167,40,142,50,64,78,11,147,133,214,8,4,221,40,0,142,195,29,12,185,221
34,0,66,136,68,1,168,64,140,128,208,2,8,136,49,64,104,168,19,161,0,179,0,200,20,32,138,136,5,40,113,128
2,177,16,152,219,225,16,71,30,9,88,50,12,158,96,64,231,27,147,145,18,10,18,215,25,4,154,235,144,0,165,147
3,200,0,140,4,145,140,164,68,64,80,71,32,8,178,224,72,64,18,69,197,40,4,189,32,32,142,128,29,28,184,76
60,72,98,236,68,130,202,112,69,128,241,2,107,73,53,80,120,232,6,226,200,178,0,172,146,233,160,0,119,187,112,128
48,32,96,64,68,25,232,64,113,35,240,26,11,8,212,56,120,137,6,129,136,54,164,192,22,201,146,36,101,8,114,132
130,16,144,152,19,225,24,66,22,3,64,179,12,150,96,72,79,25,147,145,34,4,18,210,9,6,154,227,148,0,37,18
184,0,98,232,68,3,192,88,81,35,240,26,19,136,52,40,120,136,23,49,136,182,4,128,82,201,162,164,119,140,114,128
60,8,106,239,68,18,235,80,68,128,119,2,115,73,177,96,120,228,23,234,136,176,36,168,70,233,162,128,119,187,112,160
51,72,99,204,68,145,202,244,69,64,208,198,41,12,183,224,110,225,151,199,205,163,36,253,50,104,138,128,127,189,120,220
130,2,130,152,50,162,56,66,30,79,82,151,172,142,50,72,231,41,147,149,54,140,2,214,4,54,154,194,156,4,41,81
44,8,98,202,76,147,203,80,133,0,117,2,81,201,181,12,88,168,23,170,136,178,42,220,82,73,161,168,119,175,112,160
51,72,98,172,68,145,202,228,197,64,208,70,40,8,183,224,110,225,22,199,205,43,36,253,48,40,138,136,61,29,120,204
3,149,51,200,183,244,185,99,76,73,94,226,44,62,164,228,238,51,147,129,151,152,36,221,34,56,138,194,151,76,181,247
7,8,99,206,4,0,131,80,68,0,83,66,96,8,181,228,72,96,18,75,129,160,36,168,0,40,130,128,87,43,112,44
66,32,80,128,108,8,184,0,169,16,176,138,140,14,80,19,166,1,95,129,0,1,194,192,148,16,202,188,4,0,3,1
2,203,32,136,149,193,140,231,6,5,72,135,32,140,50,64,72,2,131,197,82,8,0,189,40,4,158,193,20,12,148,90
3,200,1,136,20,145,142,228,68,64,80,70,32,8,180,224,72,0,18,197,199,40,36,245,32,40,138,192,29,28,248,76
34,149,0,136,87,193,144,103,4,5,72,163,40,158,32,64,74,59,147,129,82,10,16,221,33,4,138,107,20,12,180,218
0,72,99,200,84,130,235,112,68,0,116,2,48,131,181,100,104,40,2,200,128,186,32,253,96,40,162,128,119,137,96,168
2,131,32,136,150,129,156,99,4,4,88,135,12,46,50,64,78,19,147,133,208,8,0,213,40,0,142,195,21,12,181,208
35,200,97,140,4,145,142,228,68,64,80,199,32,12,183,164,72,96,19,77,199,40,36,189,32,8,142,128,93,28,80,252
2,128,2,137,86,129,168,64,140,0,210,2,140,138,48,64,110,9,27,129,66,137,0,213,20,32,138,192,21,8,49,136
3,128,34,136,124,149,184,64,140,73,80,131,172,158,54,96,206,25,147,149,134,3,38,213,16,24,138,202,20,12,49,213
2,128,34,137,84,129,168,64,12,65,208,3,168,10,48,64,106,137,31,149,210,154,4,213,148,32,138,200,21,12,49,192
2,151,32,136,146,193,156,35,4,69,88,167,40,46,50,64,78,19,147,133,208,8,4,213,40,32,138,195,21,12,181,81
2,129,2,137,20,128,160,101,4,1,82,2,32,136,48,64,104,10,59,129,82,186,67,157,36,36,154,192,20,8,176,136
2,145,34,136,22,195,152,99,4,4,88,163,40,14,48,64,78,59,147,129,80,138,4,221,32,32,138,203,21,12,181,219
60,0,106,229,68,2,105,80,97,128,119,2,91,11,184,84,120,132,23,170,136,178,33,136,86,233,160,132,39,170,112,160
2,193,32,136,132,129,140,101,4,0,80,2,32,10,48,64,72,3,19,129,208,8,0,213,32,32,138,192,21,8,176,8
2,0,70,129,68,0,168,64,172,16,210,2,8,10,48,74,104,129,10,161,0,179,0,192,20,32,202,132,5,8,97,128
3,201,32,136,148,129,142,231,70,65,88,131,32,44,50,96,72,66,19,197,214,8,4,189,40,4,142,192,20,28,176,92
130,52,16,152,55,165,184,66,30,11,80,50,140,158,96,72,231,25,147,145,34,4,16,210,1,22,154,234,148,76,33,147
2,132,18,136,54,225,56,66,14,1,88,34,140,146,32,64,231,27,19,144,18,8,0,215,12,20,154,195,148,0,37,3
0,193,0,140,132,129,134,165,4,0,80,2,32,32,48,64,72,2,2,195,80,8,0,189,32,32,142,64,28,24,176,8
2,193,104,200,20,129,77,181,5,0,68,130,49,7,48,68,72,0,19,200,90,8,48,149,107,41,142,64,54,136,176,40
2,193,0,136,132,129,132,37,4,0,80,2,0,0,48,64,72,2,2,1,82,40,0,149,32,32,142,192,21,8,144,8
2,148,144,142,151,96,20,167,4,7,8,147,32,60,32,64,73,19,131,129,112,8,16,151,41,38,158,67,148,74,180,26
2,201,0,140,20,129,12,101,6,1,80,2,32,2,48,64,64,42,19,129,82,136,0,157,32,32,138,192,20,8,176,8
2,135,32,136,20,161,136,34,4,68,88,135,0,14,50,64,77,19,147,149,146,8,0,149,8,0,138,192,20,12,52,80
2,193,0,136,20,129,172,229,4,0,80,2,40,10,48,64,104,3,19,129,82,8,0,221,32,32,138,192,21,8,176,8
3,193,9,136,4,145,140,165,68,64,80,70,32,8,178,96,72,2,18,133,197,40,36,149,32,32,138,192,28,8,184,76
2,193,2,136,148,129,172,101,4,68,80,135,40,14,50,64,108,11,147,133,82,138,0,221,32,32,138,192,21,12,180,216
2,193,32,136,20,129,140,229,4,64,80,131,40,12,48,64,78,3,19,197,210,8,4,221,32,0,138,192,21,28,176,216
3,205,0,142,132,16,142,165,68,64,89,199,64,104,58,96,88,66,19,199,213,40,12,181,40,32,142,192,28,30,184,28
2,149,18,136,182,162,184,98,44,1,90,50,44,58,32,64,230,51,19,129,18,136,0,223,8,52,154,194,148,0,49,3
34,8,98,206,84,131,202,80,69,0,117,2,35,201,181,4,88,168,23,234,136,162,8,157,18,72,128,168,119,171,112,128
2,193,0,128,132,1,140,37,4,0,16,2,0,8,48,64,72,2,19,1,80,8,0,128,32,0,142,128,20,24,144,0
2,215,32,136,150,129,156,231,6,69,88,167,40,44,50,64,78,3,147,133,214,8,4,221,32,36,142,195,29,28,180,89
2,151,34,136,179,193,28,103,6,5,88,183,44,174,32,64,230,19,147,129,82,8,0,215,40,36,138,195,20,4,165,91
130,16,2,152,50,132,184,64,62,89,80,179,140,158,32,73,231,25,147,149,34,148,2,210,0,18,154,202,148,4,33,209
2,149,18,152,147,224,60,103,30,9,72,179,44,182,32,64,231,27,147,144,50,136,16,215,41,52,154,203,144,68,165,91
34,32,66,201,116,129,232,64,175,17,112,2,140,138,100,16,234,9,19,144,2,50,2,208,14,28,138,232,148,128,99,128
2,147,0,136,150,225,152,99,4,5,88,167,8,14,50,64,78,19,147,149,18,8,0,213,40,0,138,195,20,12,180,80
56,0,82,228,6,2,104,80,33,0,114,2,11,9,49,64,122,169,6,161,8,179,0,136,146,233,162,128,103,168,96,136
2,149,22,152,179,228,48,103,190,25,88,48,172,182,32,64,167,27,147,16,18,136,18,213,41,54,26,194,144,0,165,147
34,207,32,136,148,145,142,231,6,5,88,135,32,172,50,64,77,43,147,197,246,8,4,255,40,4,158,201,21,28,188,220
2,131,32,136,148,129,140,101,4,69,80,167,0,12,50,64,76,19,147,133,210,8,0,213,40,0,142,193,20,12,180,80
2,144,146,152,155,229,48,66,158,17,72,18,12,150,96,72,229,27,179,16,18,8,18,211,9,20,26,107,144,8,37,130
2,145,50,152,155,193,176,103,134,17,72,163,44,158,36,64,234,27,147,145,18,9,18,213,57,4,154,75,21,12,165,218
3,193,2,153,52,137,168,39,14,1,82,71,172,136,50,192,98,42,51,69,87,184,67,213,44,52,154,192,28,12,185,12
2,132,66,153,116,169,104,3,61,1,90,18,168,2,36,80,75,43,23,144,50,152,64,223,140,60,154,192,148,136,177,128
2,149,50,152,245,165,184,99,31,73,88,19,172,158,32,64,231,27,151,21,146,152,0,215,157,20,26,202,144,12,161,211
2,135,32,136,146,225,152,35,6,69,24,163,8,46,50,64,77,19,147,149,82,8,0,213,40,4,142,193,148,76,180,82
3,216,19,152,55,133,187,230,94,9,82,66,172,154,36,228,230,59,18,201,131,168,50,245,41,62,26,194,80,8,33,173
3,12,98,95,84,187,170,66,92,67,91,2,40,200,183,96,120,40,18,129,165,188,36,255,6,46,154,192,213,15,113,196
2,132,114,217,86,179,168,67,125,1,122,18,168,10,180,64,111,59,2,144,146,152,101,223,6,46,154,192,213,128,225,136
131,72,34,157,20,131,168,70,22,64,82,135,32,140,51,72,72,40,51,197,166,156,4,255,0,38,154,128,21,12,48,220
50,149,114,193,215,243,248,115,5,1,126,131,8,31,36,68,110,155,147,156,146,186,53,213,111,12,138,194,183,140,224,146
2,216,113,218,87,197,155,192,22,1,80,162,60,222,37,100,206,57,147,195,131,8,58,253,1,4,154,202,21,11,53,191
34,195,98,136,94,209,156,231,132,69,216,163,40,140,182,64,76,187,151,197,222,11,38,245,48,0,138,233,21,12,188,204
35,76,99,76,84,179,195,120,69,64,121,66,96,200,181,228,88,168,18,235,129,178,36,221,16,44,130,136,119,175,112,164
2,135,0,136,144,225,24,35,4,5,88,163,40,46,50,64,76,19,131,129,18,8,0,213,8,36,138,193,20,12,180,64
3,8,162,155,68,128,168,64,156,196,82,135,172,140,55,73,110,41,147,215,132,144,6,224,4,32,218,128,29,45,57,220
6,203,32,138,156,129,142,229,134,85,217,135,96,204,58,64,89,74,155,213,214,9,14,181,40,4,142,208,28,14,144,88
131,205,32,158,148,129,14,165,20,81,88,131,96,46,50,65,72,67,19,199,244,8,12,181,32,32,206,192,20,30,176,88
2,140,6,159,20,131,138,99,22,131,91,2,96,232,48,64,89,46,51,129,96,184,9,191,40,38,219,192,20,42,48,8
3,128,114,153,118,176,184,66,94,67,82,22,140,26,182,104,103,11,19,149,150,188,37,211,4,60,154,194,148,12,49,197
35,7,98,136,84,179,192,107,69,69,120,143,3,8,54,0,88,136,23,53,156,186,5,157,18,77,160,192,253,140,120,212
130,197,0,136,148,129,12,39,20,0,88,18,0,10,48,64,72,2,19,129,112,8,0,151,40,32,142,192,20,8,176,8
2,149,16,136,147,225,144,231,6,5,72,163,44,190,32,64,203,27,147,145,18,8,16,215,41,4,158,99,148,12,165,218
56,1,66,225,212,139,104,83,5,1,122,2,27,11,48,80,122,168,23,144,24,186,64,132,198,205,160,192,119,136,112,128
56,73,114,236,102,138,126,113,101,0,116,2,63,11,36,80,234,162,6,234,200,184,0,173,114,249,34,128,119,168,96,137
18,74,18,184,91,193,26,66,135,4,200,163,45,150,33,80,106,185,135,208,10,11,2,255,145,228,138,171,52,5,37,155
54,16,114,204,66,2,186,80,133,0,245,163,72,223,164,64,126,177,151,226,136,163,0,200,18,40,138,139,119,171,102,147
3,192,1,140,4,144,140,165,68,64,80,66,32,8,180,228,72,1,18,197,197,8,4,253,32,40,138,128,29,28,248,12
2,156,18,152,147,229,56,103,30,9,72,18,44,182,32,64,229,59,147,145,50,136,16,223,41,54,154,67,144,0,161,139
33,73,99,76,84,131,239,244,69,0,112,66,48,129,181,36,122,232,2,234,193,186,36,253,48,40,162,8,119,152,96,172
2,154,18,153,51,193,184,102,62,69,66,179,172,150,32,64,231,59,147,145,50,152,2,255,12,54,154,195,20,4,37,219
50,72,66,172,84,129,74,64,5,0,240,10,35,200,49,80,120,168,23,195,74,163,64,189,176,229,170,184,53,27,112,8
2,148,18,156,19,230,184,103,30,11,74,18,44,190,32,64,229,59,179,129,50,136,18,223,9,54,154,66,144,4,161,27
35,201,99,205,20,147,142,101,68,64,86,198,40,12,180,228,92,32,146,237,197,184,37,221,34,40,138,128,87,140,240,252
56,72,106,236,84,131,74,112,5,192,244,3,59,201,49,80,120,232,23,239,200,178,0,173,242,233,160,136,53,187,112,200
2,144,50,153,19,224,184,71,60,69,66,179,44,158,32,72,231,59,147,145,50,156,16,255,9,38,154,195,148,4,165,218
55,0,114,206,86,146,218,64,205,128,209,2,72,200,53,96,126,169,23,227,140,163,36,200,144,40,138,154,117,43,113,133
3,8,99,206,4,18,139,48,68,64,87,66,112,72,181,100,88,32,18,235,193,160,36,237,0,40,138,128,23,175,112,100
3,201,99,142,22,145,174,229,68,64,80,66,104,72,180,224,126,35,18,231,199,168,36,253,32,40,142,128,93,30,249,140
2,138,34,152,18,224,184,67,62,5,82,179,172,142,34,72,103,59,147,149,54,156,6,215,12,38,154,195,148,4,37,223
32,233,74,232,84,129,207,252,4,0,116,10,49,203,176,16,88,168,23,234,74,42,8,61,114,137,164,168,117,154,242,168
3,72,99,140,4,145,143,100,68,64,80,66,32,8,180,228,72,32,18,207,197,168,36,189,32,40,138,128,29,28,112,108
34,32,194,137,68,163,232,66,29,65,112,147,8,142,116,72,104,136,23,149,0,178,1,192,20,8,154,192,149,12,112,208
0,128,130,156,20,163,10,74,22,129,80,2,96,200,32,64,88,40,51,16,2,150,2,159,24,38,139,72,20,8,48,128
2,135,2,140,148,131,172,103,4,4,90,135,32,42,50,64,76,35,131,133,80,152,0,221,32,36,138,193,20,12,180,72
3,193,32,140,4,144,140,165,68,64,80,199,32,8,50,224,76,2,19,197,197,40,4,221,32,32,142,192,29,12,184,28
3,32,242,153,116,185,184,66,126,67,80,18,140,138,246,104,239,43,19,145,150,156,36,211,4,28,154,192,148,12,33,133
3,193,1,140,4,145,140,165,68,64,80,70,32,8,180,228,72,32,18,197,197,40,4,189,32,40,142,128,29,28,248,12
3,200,3,140,4,144,142,164,68,64,80,198,32,8,176,224,72,96,18,199,197,168,4,253,32,32,138,128,29,28,56,28
3,139,0,136,148,131,140,231,4,4,88,199,32,8,50,64,72,34,3,197,214,136,4,157,40,0,142,192,28,12,184,76
3,193,0,140,4,144,140,37,68,64,80,199,32,8,178,192,72,2,19,133,213,40,4,157,32,32,142,128,29,28,184,28
2,148,146,217,245,165,184,67,47,9,88,2,172,158,36,72,231,59,19,17,18,152,2,213,15,28,26,202,144,64,161,131
2,151,2,136,147,225,184,103,142,5,88,163,44,190,32,64,102,59,147,145,18,136,2,213,41,36,154,203,149,4,165,219
2,195,0,140,148,129,140,167,4,4,88,199,32,10,50,192,64,2,131,133,214,8,4,157,32,32,142,193,28,12,184,88
3,207,2,136,20,145,142,231,4,69,88,199,40,8,178,192,76,43,19,197,214,136,4,253,32,4,158,192,29,28,184,220
3,193,32,140,4,145,140,165,68,64,80,199,32,8,50,192,72,32,19,69,197,8,4,157,32,32,142,128,29,28,248,28
3,195,2,140,20,129,140,165,4,4,80,199,32,8,50,192,72,34,19,197,214,8,4,157,32,32,142,192,28,12,184,12
2,131,32,136,148,129,140,101,4,4,80,135,8,46,50,64,76,3,147,133,214,8,4,213,40,32,138,193,20,12,180,88
3,207,34,140,20,145,142,231,4,68,88,135,32,12,178,64,76,35,147,197,214,136,36,253,32,36,142,192,29,12,184,220
2,131,32,136,148,129,140,103,4,5,88,163,40,46,50,64,76,3,147,133,82,8,0,221,40,32,142,193,21,12,180,200
3,193,0,140,132,145,140,229,4,64,80,199,32,8,178,224,72,0,19,133,197,8,4,157,32,32,142,192,29,28,184,28
33,201,97,204,20,129,135,244,68,64,112,66,48,8,180,100,72,32,18,75,195,168,36,189,32,8,130,0,87,152,112,172
2,149,18,140,147,196,60,39,28,73,72,19,44,54,32,64,230,51,147,129,114,136,16,223,41,38,154,195,16,4,165,91
3,193,96,140,4,145,140,165,68,64,80,7,32,8,182,96,72,0,18,69,197,40,36,157,32,40,142,128,21,28,248,76
2,149,18,136,147,229,56,99,14,1,72,135,12,182,32,64,231,27,147,145,18,136,16,213,41,4,154,195,148,4,165,83
2,211,32,140,150,193,156,231,4,4,88,163,40,14,32,64,76,51,147,193,82,8,0,221,32,32,142,195,21,12,180,90
35,201,99,206,4,145,143,228,68,64,80,66,32,8,181,228,72,98,18,207,197,168,36,253,34,40,130,128,87,158,112,236
2,129,0,140,4,129,140,37,4,0,80,2,32,8,48,64,72,2,19,129,80,40,0,213,32,32,138,192,21,8,176,8
3,195,0,140,4,145,140,37,68,68,80,199,32,8,178,64,72,34,19,133,212,8,4,157,32,32,138,128,29,28,184,92
2,48,18,153,111,133,184,64,142,25,80,34,140,154,96,8,166,25,147,17,2,0,2,209,4,16,26,234,20,8,1,131
33,73,106,78,68,147,207,244,69,64,116,2,112,73,189,100,88,232,18,234,193,162,44,189,98,40,160,128,119,187,112,236
194,48,148,152,77,4,176,64,154,27,0,16,140,154,96,75,133,25,179,1,2,68,146,192,5,18,90,42,16,0,1,131
35,72,99,204,68,145,143,244,68,64,84,66,32,8,181,228,72,96,18,203,193,168,36,253,34,40,130,128,87,157,112,236
2,131,32,136,148,129,140,97,4,5,80,135,0,46,50,64,76,3,147,133,214,8,4,213,40,32,138,193,20,12,180,64
3,131,34,136,20,129,140,103,4,69,88,135,32,12,50,64,76,35,147,133,214,136,4,221,32,32,138,193,21,12,180,92
3,164,242,192,116,185,248,66,107,65,124,16,142,136,246,44,175,139,22,25,151,56,36,211,142,28,26,234,212,76,67,197
3,200,0,140,4,145,140,229,68,64,80,199,32,8,50,192,72,0,19,197,197,40,4,189,32,32,142,128,29,28,184,28
2,195,0,136,20,193,12,101,4,4,80,163,32,12,34,64,72,19,131,5,82,8,0,149,40,0,138,193,20,12,148,88
2,90,130,153,66,192,184,68,172,21,82,163,172,134,99,75,110,185,163,193,66,16,130,224,20,48,218,139,5,20,37,219
114,36,34,136,92,161,138,106,134,160,152,10,0,200,112,64,88,168,95,49,138,35,130,159,152,4,139,252,20,10,48,128
190,0,98,200,78,147,216,88,21,128,117,130,89,205,181,44,94,184,151,188,136,182,38,152,82,201,161,140,119,175,112,177
3,149,115,201,178,242,185,99,76,73,90,162,12,62,164,228,102,51,147,145,151,152,37,221,40,36,138,194,149,4,165,245
2,145,0,136,151,193,144,99,4,1,72,34,12,30,32,64,72,19,147,145,82,8,16,213,41,0,138,67,20,12,180,18
173,8,122,90,78,147,251,88,214,0,117,130,121,205,181,104,126,184,22,202,134,182,46,217,66,105,163,136,119,171,112,161
3,204,2,153,52,170,168,6,28,67,82,215,172,8,50,72,229,43,19,133,166,156,5,255,4,54,154,128,156,12,57,92
2,209,0,136,151,193,148,229,4,5,64,131,40,30,32,64,72,19,147,193,82,8,16,213,41,32,142,67,20,12,180,90
8,157,122,76,242,194,189,115,108,0,124,162,56,63,164,100,110,59,130,168,80,184,36,221,98,41,34,193,119,128,165,187
131,143,32,152,148,131,142,239,22,102,88,151,96,104,50,64,93,42,147,165,244,156,5,223,40,6,143,196,29,12,184,216
66,0,16,136,108,137,184,0,142,16,16,0,140,130,96,75,194,1,42,0,2,0,130,192,4,16,202,168,20,8,1,129
2,131,32,136,148,129,140,37,4,69,80,135,0,46,50,64,76,3,147,133,214,8,4,213,40,0,142,193,20,12,180,80
3,129,0,142,132,129,142,37,4,68,81,135,96,8,58,64,64,2,19,199,212,8,12,253,32,32,142,192,28,14,184,92
2,131,32,140,132,128,12,37,4,4,80,135,32,42,50,64,68,2,19,133,208,8,4,157,32,32,142,192,20,12,180,72
114,0,68,192,76,2,200,0,1,176,178,10,2,8,20,19,104,132,93,160,8,99,193,200,144,40,192,148,101,168,82,0
3,201,231,220,28,146,137,174,214,64,82,66,32,232,180,228,72,104,50,205,193,168,39,221,32,46,222,128,23,60,112,44
2,129,32,136,132,129,140,37,4,4,80,135,32,12,50,64,68,2,19,133,208,8,4,157,32,32,142,192,20,12,144,88
2,195,0,136,20,129,12,229,4,4,80,135,32,8,50,64,76,11,147,133,66,8,0,157,32,0,142,225,20,12,180,200
1,193,0,136,132,129,4,165,4,64,80,199,0,8,50,64,72,2,2,5,84,40,4,149,32,32,142,64,28,28,152,24
3,77,166,158,132,48,142,39,84,194,90,199,32,40,179,225,64,99,51,199,229,136,6,239,32,38,222,128,28,124,184,92
2,149,16,136,151,197,184,35,12,1,72,2,12,30,32,64,238,19,147,129,18,8,16,213,41,32,138,66,20,8,181,18
3,202,4,156,4,144,140,167,22,67,80,199,32,168,50,193,72,96,51,197,229,12,6,253,32,34,222,128,29,28,184,28
2,135,32,136,148,193,152,35,4,5,88,163,8,46,50,64,76,19,147,133,82,8,0,213,40,32,142,193,20,12,180,80
2,195,32,136,20,129,12,101,4,4,80,131,32,12,50,64,72,3,19,133,214,8,4,149,32,32,138,193,20,12,148,72
2,131,32,136,148,129,12,101,4,68,80,135,0,12,50,64,72,3,147,133,208,8,4,149,32,32,138,192,20,12,180,88
46,8,98,206,68,18,234,80,69,128,119,2,73,73,181,100,120,224,23,235,160,176,36,232,82,105,130,128,119,171,112,164
2,131,32,136,148,129,140,37,4,68,80,135,32,14,50,64,76,3,147,133,214,8,4,213,32,32,138,193,20,12,180,88
131,204,1,140,4,145,140,167,84,66,88,215,32,8,176,224,72,64,18,197,229,44,4,191,32,32,142,128,29,28,184,12
2,131,32,136,148,129,12,33,4,69,80,135,0,14,50,64,76,3,147,133,210,8,4,213,40,32,138,193,20,12,180,80
2,0,22,136,108,129,184,64,140,16,48,2,140,138,112,2,202,1,19,129,2,1,2,192,4,16,202,168,20,8,1,129
2,134,40,136,20,161,136,98,4,69,88,135,32,46,50,64,76,3,19,133,148,8,4,221,0,36,138,193,28,12,52,92
3,129,33,140,132,129,140,37,4,68,80,135,32,14,50,64,76,3,19,133,212,8,4,213,32,32,138,192,20,12,176,76
7,135,128,140,148,51,142,171,22,194,24,215,64,104,50,64,89,70,19,181,245,40,12,142,40,6,143,132,157,108,56,84
2,131,32,136,148,129,140,39,4,4,88,135,32,40,50,64,76,2,147,133,214,8,4,149,40,32,142,193,20,12,184,72
2,129,40,172,20,129,140,229,4,64,80,131,49,14,50,64,76,3,19,133,194,8,4,149,96,33,170,192,20,8,176,88
2,131,32,140,148,129,140,39,4,4,88,135,32,46,50,64,76,2,147,133,208,8,4,221,40,32,142,193,20,12,180,88
58,195,96,172,4,129,76,245,5,4,84,135,33,11,178,64,76,130,151,205,206,8,4,157,226,97,174,193,63,156,184,72
3,131,32,140,148,129,140,101,4,5,80,135,32,8,50,64,76,2,3,133,214,8,4,157,40,32,142,192,28,12,184,92
18,193,8,168,148,129,140,229,4,0,208,2,49,8,48,64,72,2,6,129,90,8,0,157,160,225,174,208,20,8,176,8
3,193,0,140,20,144,140,165,68,64,80,199,32,8,50,192,72,2,19,69,215,168,4,157,32,32,138,192,29,12,184,28
3,200,33,204,4,145,142,100,68,64,80,66,32,8,180,228,72,32,18,207,197,168,36,189,32,40,138,128,21,12,112,12
3,193,32,140,4,145,132,229,68,64,80,3,32,8,182,96,72,0,19,69,196,40,36,157,32,40,142,128,21,28,208,76
35,8,99,206,4,146,170,96,68,64,83,66,96,72,180,228,88,32,18,207,193,160,36,253,0,40,138,128,23,15,112,108
2,193,0,136,132,129,140,37,4,0,80,2,32,8,48,64,72,2,19,1,80,40,0,149,32,32,138,192,20,8,176,8
3,193,3,136,20,145,140,101,68,64,80,198,32,8,178,224,72,3,19,129,215,8,4,221,32,32,138,192,29,12,184,12
2,32,112,128,110,137,184,64,139,16,16,10,140,138,116,2,174,1,23,17,130,34,194,208,4,24,138,186,20,8,19,129
32,72,106,236,68,135,231,116,68,8,116,2,49,137,181,96,104,168,23,200,200,186,32,189,115,169,160,128,117,184,112,168
50,0,66,128,68,2,200,64,1,0,176,2,10,10,52,0,120,128,23,161,8,51,0,192,144,136,138,148,117,8,112,128
35,201,67,140,20,145,140,101,68,64,80,66,32,8,180,228,72,34,18,197,197,168,4,253,32,40,138,128,93,12,248,140
2,143,2,140,148,129,140,103,4,4,88,199,32,8,50,64,72,34,147,197,214,136,4,157,32,32,142,193,20,12,184,204
2,135,0,136,148,129,140,103,6,5,88,163,32,8,50,64,72,11,131,133,86,8,4,157,40,4,142,193,21,12,188,74
1,72,67,76,4,18,142,52,68,192,82,66,32,0,181,228,72,96,18,76,197,168,36,169,32,40,134,0,14,188,120,44
3,131,32,140,20,129,140,101,4,68,80,135,32,8,50,64,76,35,147,133,214,8,4,221,32,32,138,192,29,12,184,92
124,0,98,229,4,10,72,88,97,160,183,10,75,9,25,84,122,132,12,168,136,179,1,136,210,233,160,20,103,170,112,0
3,201,3,140,20,144,174,37,68,64,82,198,32,8,180,228,72,96,18,205,197,136,4,253,32,40,142,128,28,28,56,28
3,193,35,140,4,144,140,37,68,64,80,71,32,10,176,224,72,3,18,133,213,8,4,221,32,32,138,192,28,12,176,12
2,131,32,136,148,129,140,103,4,5,88,135,32,14,50,64,76,3,147,133,210,8,4,213,40,32,138,193,20,12,180,72
3,131,34,136,150,128,172,101,4,5,82,135,44,42,50,64,110,35,147,133,214,136,4,221,32,36,138,192,29,12,185,88
32,201,104,78,84,129,207,244,68,0,116,2,49,1,176,64,72,168,19,202,194,170,36,61,98,169,160,128,117,154,112,168
3,197,32,136,148,129,142,231,4,65,88,199,40,46,50,64,76,3,147,197,213,8,4,253,32,32,142,192,28,28,184,92
2,131,0,136,148,129,140,101,4,4,80,135,32,10,50,64,76,2,131,133,210,8,4,221,40,32,142,193,20,12,176,88
35,201,97,140,84,145,142,228,68,64,80,198,32,12,180,228,76,32,19,205,199,170,36,189,34,8,138,128,93,28,112,252
2,148,18,153,19,229,184,66,62,9,88,18,140,158,32,72,231,27,147,144,18,156,18,215,13,22,154,194,144,64,33,147
32,0,66,136,68,1,168,64,140,128,208,2,8,136,49,73,104,168,19,161,0,179,0,192,20,32,138,8,21,8,113,128
2,176,16,152,251,197,48,71,30,9,72,50,12,150,96,64,231,27,147,145,18,10,18,215,25,20,154,235,144,0,165,147
3,195,0,140,4,144,140,165,4,68,80,199,32,8,50,64,72,2,19,197,213,40,4,157,32,32,142,128,28,28,184,92
52,8,98,236,68,2,202,112,69,128,241,2,107,73,53,80,120,160,23,226,136,163,0,140,146,232,128,24,119,171,112,128
56,0,98,224,68,19,224,80,81,35,240,26,11,8,244,57,120,140,23,177,136,182,36,128,18,201,242,36,101,140,114,128
3,193,32,140,4,144,140,165,4,64,80,199,32,8,50,64,72,2,19,133,212,40,4,157,32,32,142,128,29,28,184,92
60,72,106,236,68,2,235,80,68,192,118,2,113,73,177,96,120,228,23,235,200,176,36,40,66,233,162,128,117,187,112,160
60,0,106,232,68,3,200,88,65,192,117,10,83,201,57,40,120,136,23,43,136,179,4,136,82,73,160,140,119,174,114,128
2,135,99,140,150,209,173,99,12,69,94,167,40,46,182,228,110,3,147,141,214,136,36,213,42,32,138,193,23,140,181,116
44,8,98,206,76,131,203,80,133,0,117,10,81,201,181,12,88,168,23,234,136,163,42,156,82,73,161,168,119,175,112,160
114,0,96,224,38,2,72,64,105,32,178,10,79,10,28,82,126,133,29,161,136,179,129,192,146,248,138,148,37,160,112,0
