24,8,2,172,4,0,2,16,4,128,80,2,49,1,33,64,72,96,0,66,0,128,8,169,192,225,162,0,54,57,48,8
2,131,0,136,20,129,8,97,4,5,80,135,32,14,50,64,68,2,131,133,82,136,0,149,40,32,138,193,20,12,180,64
1,193,99,200,4,145,173,245,68,0,116,66,40,0,180,228,104,8,18,201,195,168,36,221,32,8,142,0,87,152,241,172
42,72,106,236,68,129,203,244,4,0,116,131,49,141,53,32,72,232,19,207,192,162,36,189,98,9,168,136,117,157,112,216
128,32,144,144,38,141,176,64,30,27,16,16,140,136,96,9,131,9,19,16,34,100,130,210,0,20,26,42,20,8,1,129
2,145,18,136,155,164,56,67,142,25,88,34,12,182,96,64,231,27,147,144,18,8,18,213,9,52,154,202,144,0,161,19
2,195,32,140,132,129,4,165,4,4,80,135,0,32,34,64,72,2,131,4,208,8,4,149,32,32,142,192,20,28,148,72
0,0,0,128,5,4,8,0,4,0,0,2,0,8,32,64,64,0,2,0,0,0,16,128,1,0,138,0,20,8,16,0
2,148,16,152,49,165,56,66,30,11,88,50,140,146,32,72,199,27,147,16,50,12,0,215,8,22,26,194,144,72,33,3
1,72,33,204,4,16,11,180,68,64,84,66,32,0,181,100,64,96,2,72,193,0,36,169,32,40,138,0,23,152,112,44
2,145,16,136,151,197,28,33,4,1,64,2,12,62,32,64,204,19,147,128,80,8,16,213,41,0,138,67,16,8,161,2
0,193,0,136,20,129,12,165,6,1,80,2,32,136,32,64,72,0,34,64,66,8,0,181,40,4,158,64,20,8,144,8
2,193,0,136,20,129,12,229,6,1,80,2,32,138,32,64,64,9,19,192,66,8,0,149,32,32,138,232,20,8,176,8
2,195,0,136,144,129,12,101,4,4,80,199,0,2,34,64,76,1,131,4,82,8,0,149,40,0,138,193,28,12,184,8
0,133,2,141,20,131,8,35,4,1,90,2,32,40,32,64,64,38,2,32,16,152,1,157,8,36,138,64,20,8,48,8
130,20,144,144,19,100,144,2,22,11,8,18,12,54,32,72,197,19,147,145,34,68,16,194,1,6,154,130,144,64,33,19
3,195,34,136,148,128,172,231,4,69,90,135,40,138,50,64,96,11,19,133,214,152,4,221,32,32,138,192,28,12,185,76
35,193,99,200,84,145,174,245,68,1,118,66,32,8,180,228,104,34,2,200,199,168,36,253,34,40,130,192,87,152,248,172
0,193,0,140,4,129,4,37,4,0,80,2,0,0,48,64,64,0,2,129,80,8,0,149,32,32,142,64,20,8,176,8
130,141,0,158,148,128,134,167,20,2,88,18,96,96,40,65,81,98,2,98,114,8,8,191,40,38,143,192,20,88,144,8
0,129,2,140,148,128,36,37,4,5,82,7,32,0,34,64,64,34,2,4,82,136,0,157,32,32,130,64,28,8,184,8
2,128,18,153,117,164,184,66,62,9,82,19,140,130,32,72,231,11,27,148,50,156,0,214,12,54,154,194,148,4,33,129
35,73,104,78,84,147,207,112,69,64,117,131,49,205,183,36,88,168,19,111,192,162,44,189,98,8,160,168,119,191,112,248
33,72,106,78,68,131,139,112,68,192,117,2,112,73,181,36,88,168,19,107,192,162,36,189,66,40,160,128,87,187,112,160
130,133,2,152,144,128,40,103,28,1,80,147,40,14,48,65,110,3,19,133,114,136,0,223,40,34,154,192,20,4,161,72
2,32,146,152,50,132,56,66,62,9,82,18,12,134,96,72,231,25,147,145,2,156,2,211,13,20,154,202,144,0,33,145
35,205,98,142,4,145,142,228,68,64,92,7,96,72,182,36,72,34,19,79,198,172,44,191,34,8,138,128,87,158,112,236
2,151,22,152,154,129,152,99,132,85,88,183,44,14,34,65,102,19,179,133,114,136,2,221,40,34,154,194,20,4,165,81
108,32,106,200,76,147,235,80,196,160,247,2,81,201,188,68,120,164,95,234,136,163,228,152,86,41,163,28,119,171,112,160
2,131,0,136,132,193,140,33,4,4,80,135,0,46,50,64,76,2,147,133,82,8,0,149,40,0,142,193,20,12,180,80
55,0,99,136,20,19,75,64,69,64,213,74,75,72,185,244,120,164,31,239,137,163,36,204,144,224,139,156,55,175,114,100
2,16,150,152,9,165,56,66,174,25,66,18,172,150,96,72,228,59,187,144,18,9,18,209,9,48,26,74,144,0,33,131
130,74,6,156,10,192,184,68,134,20,82,163,44,198,33,73,78,57,179,193,64,144,2,217,0,32,218,139,20,28,53,219
2,131,32,136,148,129,140,37,4,5,80,135,32,12,50,64,72,2,131,133,210,8,4,149,40,0,142,193,20,12,148,80
42,2,98,72,84,179,200,88,87,68,117,159,1,205,183,8,92,168,147,61,164,166,36,158,82,79,161,205,119,140,116,212
35,2,106,73,68,19,193,88,85,228,116,151,0,136,182,44,88,168,19,45,132,182,36,128,2,9,176,133,119,140,116,228
186,216,80,184,75,193,16,196,23,5,96,163,44,151,33,80,110,185,147,192,74,15,2,241,211,197,154,171,55,16,39,155
4,141,130,155,148,34,14,174,20,131,91,2,64,104,41,64,81,102,2,34,112,216,9,238,40,38,223,68,132,123,176,8
6,152,150,154,105,133,184,192,174,25,80,0,172,154,97,74,166,57,34,80,2,8,146,241,13,16,90,106,144,0,33,139
2,131,32,136,148,129,12,33,4,5,80,135,32,0,50,64,72,2,3,5,208,8,0,157,40,32,138,192,20,12,176,64
1,192,1,140,4,145,140,165,68,64,80,66,32,8,180,224,72,0,18,65,197,168,36,157,32,40,138,0,29,28,184,12
2,134,132,157,148,34,40,43,22,167,90,151,0,46,16,73,69,31,163,149,48,216,65,156,12,38,218,193,148,76,180,80
2,135,0,136,146,161,24,98,6,5,88,167,8,38,34,64,79,19,147,149,18,8,0,213,8,36,138,195,148,4,52,80
2,16,82,137,94,193,184,64,140,0,240,162,44,222,37,64,126,57,155,192,2,167,2,217,20,32,138,139,21,10,33,155
35,200,97,78,4,145,135,228,68,64,116,66,96,8,181,228,72,96,18,75,197,40,44,189,32,40,130,128,87,31,112,172
4,141,0,142,148,131,14,175,4,160,88,2,96,104,40,64,89,102,2,98,80,136,8,191,40,38,143,64,20,122,144,8
2,176,146,152,19,229,48,66,30,25,64,50,44,150,96,72,165,57,179,17,18,200,18,213,9,22,26,203,144,4,37,19
1,72,97,204,4,1,143,164,68,64,80,66,48,8,181,100,72,96,18,75,193,160,36,169,32,40,138,0,21,152,112,108
35,201,33,200,20,145,135,228,68,64,80,66,32,8,180,228,72,40,18,75,195,40,36,189,32,8,138,192,85,24,240,172
35,205,99,78,84,145,135,246,68,64,120,66,32,200,180,228,72,106,18,75,227,168,36,255,32,44,134,136,87,154,240,172
2,135,6,156,148,128,44,103,20,5,88,131,40,166,50,64,108,59,147,133,82,136,2,221,32,38,158,129,20,12,181,216
130,0,146,153,166,160,184,66,188,27,82,18,140,130,32,73,227,11,2,16,50,220,2,209,4,50,90,200,144,72,33,129
3,193,32,140,132,145,140,165,68,64,80,135,32,40,50,64,72,2,19,197,213,40,4,157,32,32,142,128,29,28,184,12
2,135,2,156,148,128,12,231,20,5,88,131,40,166,48,65,68,59,147,133,114,136,0,223,32,36,158,129,20,76,180,200
3,193,0,140,20,145,140,165,68,64,80,71,32,8,50,192,72,34,19,133,213,40,4,157,32,32,142,128,29,12,184,12
34,200,97,206,4,145,135,244,68,0,117,2,96,72,188,100,88,32,18,107,193,168,44,189,34,40,130,128,87,154,80,172
33,201,97,200,20,145,143,228,68,64,80,66,32,72,181,164,72,42,18,75,195,40,44,189,32,8,130,0,87,28,112,172
3,129,32,140,132,129,140,33,4,4,80,135,0,42,50,64,64,2,19,133,212,8,4,149,32,32,138,192,28,12,184,80
33,72,99,77,68,147,135,113,68,192,117,2,48,72,181,36,88,40,18,107,193,178,36,140,32,40,162,128,87,170,112,236
33,8,104,206,4,1,131,80,68,0,84,2,48,9,181,100,72,96,18,74,129,160,36,185,64,40,130,0,85,171,112,44
55,72,98,110,84,147,202,112,197,64,245,10,99,200,183,32,88,168,22,107,204,163,44,157,50,105,129,152,119,175,112,196
2,131,0,136,148,193,8,35,4,4,24,163,0,38,48,64,64,19,147,149,80,8,0,149,40,0,138,195,20,12,148,82
2,151,34,137,18,224,56,35,36,69,90,167,44,62,50,64,111,27,147,133,146,152,4,215,8,36,154,195,148,4,181,83
42,72,98,206,68,131,203,112,69,192,116,11,48,73,53,4,72,168,23,207,200,162,4,173,114,41,160,136,119,191,112,232
35,201,99,204,84,128,239,245,69,0,112,2,40,8,180,100,106,42,18,201,195,170,36,253,34,40,134,128,87,152,240,172
3,201,0,142,148,145,14,165,68,64,80,71,32,40,50,192,64,66,18,69,212,8,12,189,32,32,142,128,28,30,152,12
2,129,2,140,148,131,12,103,4,0,88,130,40,38,32,64,78,35,19,128,80,136,0,221,32,32,138,128,20,8,161,136
2,129,0,136,144,193,12,33,4,0,16,131,8,14,48,64,72,19,147,149,82,8,0,213,40,0,138,193,20,12,180,64
3,205,0,138,148,129,134,231,6,1,88,135,32,200,50,64,72,74,19,213,214,40,12,189,40,4,142,224,28,14,152,152
0,201,0,136,20,129,4,101,6,0,80,2,32,0,32,0,72,42,2,64,66,8,0,157,40,0,134,64,20,8,144,8
2,193,32,140,148,128,142,165,4,65,16,131,32,44,50,64,64,66,19,197,210,8,4,181,40,32,142,192,20,28,144,72
35,135,66,137,84,147,168,103,84,5,90,199,168,8,54,64,108,42,147,149,182,184,69,223,14,46,154,192,221,12,248,156
0,193,0,140,4,129,12,37,4,0,80,2,0,8,32,64,64,0,2,0,80,8,0,149,40,32,142,64,20,8,144,0
18,26,2,136,94,130,186,64,133,64,211,231,44,142,51,64,110,161,159,247,140,131,4,204,144,36,138,129,29,15,57,213
168,133,106,237,84,147,232,115,85,0,127,18,123,9,180,96,120,168,23,41,184,190,36,159,102,239,160,192,119,136,240,128
0,217,122,77,86,143,231,117,108,8,116,2,48,19,180,100,110,58,2,72,193,184,48,125,103,41,34,0,83,152,225,169
35,143,32,136,84,147,142,239,6,100,88,199,32,232,50,0,92,10,147,229,214,10,4,191,40,4,139,236,29,14,184,220
3,10,6,140,90,144,186,64,132,64,218,199,40,142,51,192,110,33,187,213,133,131,6,221,16,32,138,136,28,15,57,220
3,141,32,136,148,147,142,237,70,64,88,199,96,200,190,192,92,10,19,247,215,8,12,189,40,8,143,228,29,14,248,220
3,137,134,156,4,128,172,166,180,80,82,199,104,234,50,193,100,107,51,197,197,200,6,253,32,34,218,128,28,36,57,28
3,195,0,128,148,128,12,37,4,4,16,135,0,0,50,64,68,2,131,5,214,8,4,149,40,0,142,192,28,12,184,92
131,77,33,140,4,145,134,166,68,66,88,66,32,8,181,228,72,98,18,75,229,44,36,191,32,40,142,128,85,60,208,108
2,147,0,136,132,193,12,33,4,68,80,167,0,14,48,64,68,19,131,133,80,8,0,149,40,0,142,193,20,12,148,80
2,129,32,136,132,129,140,37,4,64,16,131,0,6,48,64,68,1,19,133,208,8,0,149,32,0,142,192,20,12,144,80
3,201,33,156,148,16,142,166,84,65,88,66,32,40,177,225,64,98,18,197,229,40,36,189,40,32,142,128,28,92,184,76
2,135,0,136,148,129,8,35,4,4,88,135,0,34,50,64,68,3,147,133,80,8,0,213,32,32,138,192,20,12,180,64
3,72,1,142,20,145,138,96,68,64,80,66,32,136,177,224,72,40,18,71,199,168,4,189,32,32,138,128,29,15,56,12
2,132,34,153,52,169,168,66,94,73,88,18,140,136,54,64,201,9,19,17,178,188,0,215,12,30,26,192,212,12,121,128
2,135,0,136,148,225,8,34,4,5,24,131,0,46,48,64,77,19,131,145,18,8,0,213,8,0,138,193,148,76,20,64
16,0,64,129,4,8,232,0,41,32,178,2,11,10,20,64,104,140,4,129,8,176,65,192,144,200,130,0,101,8,112,0
3,131,32,136,132,128,140,37,4,68,80,135,0,10,50,64,64,2,147,133,212,8,4,149,32,32,138,192,28,12,184,80
60,0,98,76,68,18,200,88,65,128,245,2,67,73,189,20,88,168,6,170,136,178,32,136,18,233,129,12,119,170,112,160
2,135,0,136,146,225,24,99,4,5,24,163,0,46,32,64,76,19,147,145,18,8,0,212,8,4,138,195,148,76,148,80
2,134,2,136,22,224,56,99,44,1,90,163,12,38,32,64,103,19,147,144,18,136,0,215,8,36,138,195,148,4,165,18
2,193,0,136,132,129,12,37,4,64,16,131,0,14,32,64,76,17,147,132,80,8,0,213,32,0,142,192,20,28,144,88
2,131,32,136,132,129,12,33,4,4,80,135,0,46,50,64,76,2,131,133,210,8,0,149,40,32,142,193,20,12,148,72
7,72,1,132,4,0,135,132,64,64,16,66,48,0,181,100,72,64,18,79,197,32,36,168,32,8,142,128,20,25,16,108
3,195,0,140,148,145,140,165,4,64,80,199,32,40,50,64,64,2,19,133,212,8,4,157,40,32,142,128,29,28,152,92
3,193,33,140,4,145,140,229,68,64,80,66,32,8,180,228,72,0,18,13,197,40,36,157,32,40,138,128,21,28,240,108
33,72,104,204,4,16,135,244,68,64,116,2,48,8,181,100,72,96,18,75,193,160,36,189,98,40,162,128,87,152,112,172
48,0,66,128,68,0,224,64,1,0,242,2,2,8,52,64,104,128,6,129,8,179,0,192,20,40,138,0,5,8,112,128
56,0,98,101,68,2,224,80,69,0,118,2,67,9,52,64,120,132,6,168,136,178,1,136,82,233,160,0,103,168,112,128
2,149,16,136,146,225,24,98,6,5,88,163,12,38,32,64,71,19,147,145,18,8,0,213,8,36,138,195,148,4,37,18
2,135,32,136,148,128,140,167,4,5,88,135,0,46,50,64,76,66,131,213,208,8,4,181,40,32,142,193,20,12,180,72
3,201,0,136,148,129,142,165,4,4,80,7,32,40,50,64,72,2,19,69,214,8,4,189,40,32,142,192,29,12,184,12
2,135,0,136,146,225,24,99,6,5,88,163,40,134,32,64,76,27,131,145,18,8,0,213,32,0,138,195,20,12,180,82
3,72,33,140,4,16,140,228,4,64,80,194,32,12,177,228,76,97,19,205,197,0,36,253,32,32,138,128,29,28,56,220
2,0,22,136,44,132,184,64,140,24,80,2,140,138,32,73,226,9,27,17,2,1,2,209,4,48,138,138,20,8,49,129
16,232,0,138,28,129,130,192,134,0,208,10,34,200,33,64,72,168,31,66,74,35,10,189,176,0,131,56,20,11,48,136
60,0,98,234,68,131,202,80,69,0,87,2,67,73,177,64,88,160,23,170,136,178,0,156,18,233,162,128,55,170,112,128
42,72,106,204,68,129,203,244,68,64,116,131,49,141,181,32,72,232,19,207,192,162,36,189,98,41,168,136,117,185,112,248
53,0,98,76,68,18,194,64,65,192,241,10,66,136,181,48,120,168,6,35,140,179,36,200,18,40,128,8,117,174,114,132
2,131,32,140,148,128,140,37,4,4,80,135,32,40,50,64,72,34,19,133,210,8,0,157,40,32,142,192,20,12,184,8
0,52,144,136,50,161,176,66,14,9,24,50,12,154,96,8,167,27,2,16,2,4,0,210,8,20,26,98,144,72,1,131
2,176,146,152,243,164,56,66,142,9,88,50,140,158,96,72,231,27,147,145,18,9,2,211,25,20,26,234,144,0,33,147
2,199,0,140,132,129,12,167,4,4,88,135,0,34,34,64,72,2,131,132,80,8,4,149,32,32,142,193,20,28,180,72
130,32,128,153,12,129,168,0,30,17,16,18,136,130,64,9,72,9,19,144,2,80,66,208,4,16,218,168,20,8,17,128
130,4,0,152,4,32,128,2,20,2,16,18,0,0,32,64,65,0,2,0,32,4,0,146,0,38,154,128,20,72,16,0
2,148,128,136,23,165,24,66,6,9,8,3,12,158,96,64,205,27,147,145,18,12,16,214,9,6,154,194,144,76,53,18
2,149,16,152,179,229,176,99,30,9,88,50,140,62,32,64,231,27,147,144,50,8,16,215,9,22,154,194,144,72,165,147
1,72,105,76,4,0,143,148,68,64,84,66,48,0,181,100,64,96,2,74,193,32,36,189,32,40,130,0,21,185,112,44
2,129,0,136,132,193,12,33,4,68,64,163,0,46,50,64,68,19,147,133,82,8,16,213,40,32,138,193,20,12,180,80
0,8,43,204,4,0,131,16,68,64,84,2,48,65,177,96,72,96,19,75,129,160,36,168,64,40,170,128,21,185,112,40
3,131,32,136,132,129,140,37,4,68,80,135,0,10,50,64,64,2,147,133,212,8,4,149,32,32,142,193,28,12,176,88
2,145,32,136,147,197,156,103,4,69,72,167,12,30,34,64,78,19,147,129,82,8,16,213,41,32,138,195,20,12,181,90
2,145,32,136,147,193,156,101,4,65,64,131,12,30,32,64,76,19,147,129,82,8,16,213,41,0,142,195,20,12,181,82
3,193,0,140,4,16,140,165,68,64,80,199,32,8,50,224,64,0,19,133,197,8,4,157,32,32,142,128,28,28,184,28
2,129,0,136,151,193,156,101,4,1,80,162,8,30,32,64,72,19,147,129,82,8,0,213,41,0,142,195,21,12,181,18
2,193,0,136,20,129,12,229,6,1,80,2,32,138,32,64,64,9,19,192,66,8,0,149,32,32,138,232,20,8,176,8
2,193,32,140,4,129,140,37,4,64,80,131,32,14,50,64,64,1,19,133,208,8,4,149,32,32,138,192,28,12,184,8
3,200,32,140,68,129,138,100,4,64,80,131,32,140,50,64,72,40,19,71,198,10,4,189,48,32,138,168,20,12,48,216
3,193,0,140,148,145,140,165,68,64,80,199,32,40,50,192,64,2,19,197,213,8,4,157,32,32,142,192,28,28,184,92
2,157,16,136,147,193,150,231,4,1,8,35,44,62,32,64,65,19,131,129,82,8,0,253,41,6,158,195,20,76,165,26
0,133,2,141,20,131,8,35,4,1,90,2,32,40,32,64,64,38,2,32,16,152,1,159,0,36,138,64,20,8,48,8
3,133,50,200,54,161,184,98,76,65,88,2,12,10,54,96,102,19,19,129,150,40,4,213,8,8,138,194,21,12,33,5
2,135,128,128,144,224,140,39,0,5,24,163,0,46,34,64,73,19,147,145,82,8,0,132,40,0,142,193,148,76,148,80
130,132,2,153,20,131,40,66,20,1,82,146,32,14,48,64,96,40,19,145,50,156,1,215,4,36,154,192,20,12,48,0
2,133,2,140,149,194,172,103,4,69,74,163,32,158,50,64,64,59,147,133,82,136,0,157,40,36,138,195,20,12,180,90
2,16,22,137,70,2,184,64,140,16,210,162,12,30,32,66,110,17,155,161,0,131,0,192,20,0,202,134,21,8,37,145
2,142,0,136,20,161,136,102,6,5,88,135,32,10,50,64,72,34,131,133,2,8,0,221,0,38,154,193,20,12,52,72
3,199,34,136,148,128,172,231,4,69,88,135,40,138,50,64,104,43,19,133,214,152,4,221,32,32,138,192,28,12,185,204
35,201,99,200,84,145,174,245,68,1,116,66,40,8,180,228,104,34,2,200,199,168,36,253,34,40,130,192,95,152,248,172
0,193,0,140,4,129,132,165,4,0,80,2,0,8,32,64,72,2,2,0,80,40,0,149,32,32,138,64,20,8,176,8
2,135,2,137,146,192,168,103,12,5,90,163,44,46,50,64,110,19,147,133,82,152,0,223,40,38,154,193,21,4,165,216
35,200,99,204,84,145,135,228,68,64,80,66,32,8,180,228,72,40,18,201,199,40,36,189,32,8,142,128,85,28,112,172
32,201,73,234,84,129,203,244,7,0,116,2,49,203,176,4,72,170,23,202,74,42,8,253,114,140,162,232,117,139,112,168
2,149,18,136,147,224,184,99,4,1,90,162,44,62,32,64,110,19,147,128,18,136,0,213,41,36,138,195,148,0,165,19
130,141,0,156,148,129,134,175,20,2,88,2,96,104,56,65,89,34,19,33,114,40,8,159,40,38,143,196,20,72,176,8
130,131,2,140,148,128,44,39,20,5,90,23,32,34,34,64,104,34,3,4,114,136,0,223,32,32,138,192,28,8,184,8
3,192,32,136,4,129,140,165,4,64,80,131,32,12,48,96,72,0,19,5,196,8,4,157,32,32,138,192,20,12,176,92
32,201,72,136,84,129,141,229,4,0,84,2,48,8,52,64,72,40,19,201,66,42,0,189,96,8,174,224,21,24,240,168
130,128,146,145,116,172,184,66,188,9,82,19,140,134,32,72,231,41,27,148,50,156,0,214,12,54,154,194,148,4,33,145
43,73,106,78,84,147,207,112,69,64,117,131,113,205,183,36,88,168,19,111,198,162,44,189,98,9,160,168,119,191,112,212
130,48,144,152,109,173,176,66,158,27,16,16,140,152,96,9,133,27,19,17,34,102,130,210,13,18,90,42,144,72,1,131
41,72,106,76,68,131,203,112,68,192,117,2,112,73,181,100,88,168,19,107,192,162,36,157,66,40,160,128,119,171,112,160
130,135,6,156,150,128,44,99,28,1,90,147,44,38,48,65,102,3,19,133,114,136,0,213,40,34,154,192,20,4,161,88
130,32,146,153,112,128,184,64,62,17,80,144,140,134,96,72,231,25,19,145,2,148,2,208,4,20,154,202,148,0,33,129
2,151,0,136,146,161,24,99,6,5,88,167,8,6,32,64,79,19,147,145,18,8,0,213,8,0,138,195,148,76,180,17
56,0,98,237,68,2,224,80,65,0,116,2,3,9,181,16,120,140,6,168,136,178,4,140,18,233,160,0,103,168,114,128
3,192,38,157,20,146,168,166,92,65,82,3,168,40,178,96,104,34,19,197,246,184,101,253,36,54,154,192,20,12,176,204
2,133,6,152,146,129,188,99,156,85,88,151,44,46,50,65,110,19,147,133,114,136,2,221,40,34,218,194,20,4,165,89
53,0,106,192,68,18,235,80,73,224,246,2,27,9,183,100,122,164,23,235,136,179,36,200,208,137,162,132,103,171,113,224
58,0,64,201,116,152,104,80,33,0,117,2,43,11,181,52,122,168,23,138,10,178,96,200,86,216,130,128,119,138,98,160
130,207,32,138,148,193,142,231,22,71,88,147,96,110,50,64,93,99,147,197,114,8,12,191,40,6,142,193,20,28,180,72
0,141,50,216,52,153,230,246,93,9,126,18,172,40,180,100,233,42,2,72,242,184,32,255,46,62,18,64,82,136,241,173
124,0,106,200,76,131,235,80,197,128,215,10,17,201,180,100,120,164,95,234,136,163,36,204,82,41,163,28,119,171,112,160
2,195,32,136,132,129,140,165,4,68,80,135,0,8,50,64,72,2,19,133,214,8,4,149,40,32,142,192,29,28,152,92
130,206,34,156,20,131,138,230,22,71,80,135,96,78,50,64,89,33,147,133,166,140,4,255,32,38,155,193,28,12,52,88
1,12,99,75,52,187,170,66,76,65,123,66,168,40,180,228,122,42,18,153,149,184,37,222,6,62,130,64,215,207,113,164
2,220,50,218,87,149,187,244,93,9,116,2,44,91,52,100,239,27,19,195,226,172,56,255,43,30,26,194,83,11,49,175
2,16,146,152,75,229,184,66,174,25,66,18,140,158,96,72,228,59,187,145,18,9,18,209,157,16,26,106,144,0,33,147
3,216,37,218,87,149,155,192,94,88,84,98,44,222,53,228,238,57,19,195,199,38,62,253,1,26,138,194,23,15,57,255
35,204,96,30,84,147,142,228,84,66,84,70,96,72,183,229,72,98,18,239,231,44,44,191,34,46,130,128,95,191,120,204
96,32,230,76,12,146,232,88,199,144,119,2,64,201,252,110,120,44,34,168,130,241,167,217,18,40,195,12,71,170,112,132
2,74,6,156,10,194,184,68,150,4,82,163,40,134,35,73,78,57,179,197,66,148,2,217,0,32,218,139,20,28,53,88
131,10,130,153,4,130,168,66,28,199,82,151,44,136,51,72,108,41,179,149,166,148,5,234,4,38,154,128,157,29,57,220
54,175,0,138,84,193,202,233,7,4,153,139,96,206,122,0,92,171,151,231,90,11,8,157,184,4,139,253,53,14,20,208
2,131,32,140,144,129,12,37,4,5,80,135,32,46,50,64,76,3,131,133,210,8,0,149,40,32,142,193,20,12,180,80
46,2,106,200,84,243,201,88,87,228,117,143,65,205,182,0,88,168,147,181,162,182,36,159,82,15,161,233,119,140,116,212
39,72,103,94,68,147,195,248,85,64,116,66,112,72,181,165,88,96,18,107,229,182,44,189,34,10,193,128,95,191,88,172
163,2,106,73,68,19,201,88,85,196,116,135,0,140,183,44,88,168,19,45,132,182,36,128,66,9,176,133,119,172,116,228
4,168,230,213,20,130,160,168,214,161,82,2,96,232,61,72,121,108,34,177,128,240,15,205,8,46,207,68,133,40,112,128
3,193,0,140,132,128,140,37,4,68,80,135,0,12,50,64,64,2,19,133,196,8,4,149,32,32,142,192,28,12,152,92
32,209,26,200,75,197,181,245,143,25,100,2,60,151,100,20,238,27,147,128,82,11,18,213,115,153,2,106,83,0,163,187
2,193,32,136,132,128,140,37,4,64,80,131,0,12,48,64,64,0,19,133,208,8,4,149,32,32,142,192,20,12,144,64
3,193,2,140,4,145,140,37,68,64,80,66,32,8,182,224,72,34,18,197,197,168,4,189,32,40,138,128,29,28,184,12
2,193,0,136,4,129,132,37,4,0,80,66,32,8,48,64,72,0,19,1,64,8,0,149,32,32,138,192,28,24,176,8
4,141,130,150,148,2,46,172,22,131,91,2,96,106,41,64,81,102,2,178,112,216,9,238,40,38,223,68,132,123,48,0
2,131,32,136,148,129,8,35,4,4,88,131,32,38,50,64,76,3,131,133,208,8,0,149,40,32,138,193,20,12,180,64
130,184,146,152,99,197,184,75,158,25,64,50,172,222,96,72,231,59,147,144,18,76,18,209,9,18,26,235,144,0,37,155
3,192,3,140,4,144,140,37,68,64,80,66,32,8,180,224,72,0,18,5,197,40,4,157,32,40,138,128,29,28,184,12
3,148,23,153,181,181,184,3,126,89,90,80,172,186,166,232,167,27,178,17,183,216,34,215,13,30,26,194,152,4,169,141
2,131,32,140,20,128,140,39,4,4,88,135,32,46,50,64,64,34,147,133,208,8,0,221,32,32,138,193,20,12,176,72
33,72,107,77,68,131,239,112,68,128,118,2,49,1,181,117,104,232,22,234,201,179,36,44,118,168,160,128,119,187,96,168
3,192,1,204,4,144,140,101,68,64,80,66,32,8,180,228,72,0,18,73,197,40,36,157,32,40,138,128,29,28,248,44
2,4,134,156,16,163,8,106,22,243,80,147,104,230,49,73,93,61,179,181,48,212,3,223,8,6,219,196,148,108,48,80
3,128,22,153,181,188,184,35,254,89,82,85,172,170,50,72,167,43,51,21,150,152,2,213,12,54,26,194,152,4,137,157
2,150,6,149,144,34,40,43,20,103,90,183,0,38,16,73,117,23,179,133,48,216,65,220,12,38,218,197,132,76,180,80
3,144,18,152,27,245,176,71,30,89,64,87,172,158,34,224,229,59,179,17,151,8,18,215,9,54,26,75,152,12,169,159
3,144,18,152,59,133,184,71,158,29,64,55,172,158,34,72,229,59,179,149,150,9,18,213,17,48,154,234,24,4,169,155
2,135,32,136,150,161,24,35,4,5,88,135,8,14,50,64,76,19,147,149,146,8,0,213,40,32,138,193,20,12,180,80
37,8,106,206,68,3,195,80,68,0,117,2,113,73,181,96,88,160,19,107,128,160,36,152,66,41,162,0,117,171,112,128
163,205,97,206,4,145,135,228,68,64,88,66,96,72,182,228,72,66,18,75,197,40,44,189,34,40,134,128,85,30,208,236
2,80,86,137,90,131,184,72,134,0,208,162,44,214,33,64,126,57,155,128,2,151,2,221,20,32,138,131,21,8,37,155
2,140,2,158,20,131,10,238,22,1,90,130,96,238,40,64,89,107,51,144,50,152,9,255,40,38,143,192,148,12,48,8
50,25,82,232,85,141,240,99,45,1,248,2,46,24,52,64,234,171,6,1,26,186,16,221,151,188,2,66,81,8,99,138
2,42,34,137,84,131,168,66,30,69,80,135,44,140,51,72,110,169,147,149,130,190,5,209,20,36,154,128,29,12,113,216
2,141,2,158,148,131,14,167,22,129,90,2,96,106,56,64,89,98,51,33,80,136,8,191,40,38,143,192,148,106,176,8
3,4,98,217,116,185,184,67,126,65,126,18,172,138,182,100,238,59,18,153,151,184,36,215,6,28,154,192,212,8,1,172
3,193,1,140,20,129,140,165,68,64,80,71,32,8,50,224,72,2,18,69,199,8,4,157,32,32,142,192,28,28,184,12
60,8,106,230,68,130,107,80,33,128,247,131,83,79,177,80,120,236,23,238,136,146,32,12,82,233,161,128,103,163,114,224
2,144,150,152,19,197,176,66,30,25,64,51,44,158,32,72,229,59,179,145,18,204,18,213,9,22,26,75,144,4,37,211
1,192,33,140,4,145,140,229,68,64,80,66,32,8,180,228,72,0,18,65,197,40,36,157,32,40,138,0,29,28,216,44
35,201,99,158,92,145,138,228,196,64,80,199,40,200,182,224,92,41,19,199,199,138,38,253,34,40,138,136,29,142,120,220
1,72,97,204,4,1,143,148,68,64,80,66,48,8,181,100,72,96,18,75,193,160,36,169,32,40,170,0,21,185,112,108
2,176,150,152,43,133,184,66,158,25,80,49,172,158,96,72,167,27,179,145,18,72,146,209,9,22,90,234,144,0,37,147
3,195,32,140,4,129,12,37,4,68,80,135,32,8,50,64,64,2,19,133,212,8,4,157,32,32,142,192,28,12,184,88
2,148,0,152,147,225,184,99,30,71,88,179,44,190,32,64,239,59,147,145,50,8,16,215,9,6,154,227,148,68,165,219
2,148,128,152,147,225,152,66,22,67,8,179,0,190,32,72,73,27,147,145,18,12,16,215,9,6,154,195,148,76,52,82
2,203,102,156,20,128,172,103,132,5,90,135,40,142,50,64,78,43,147,197,214,136,6,253,32,36,158,201,21,12,180,216
35,201,97,200,20,145,135,228,68,64,80,66,32,8,180,228,72,40,18,75,195,40,36,189,32,8,138,192,85,24,240,172
35,205,99,78,20,145,135,230,68,64,120,66,32,200,180,228,72,106,18,75,227,168,36,255,32,44,134,136,85,158,240,172
2,135,2,136,146,192,188,103,4,5,88,163,44,62,32,64,110,19,147,129,82,136,0,213,40,36,138,195,20,4,165,11
35,72,99,76,68,147,166,228,68,192,84,66,32,8,181,164,72,96,18,79,197,186,36,189,32,8,130,128,95,189,120,236
130,148,146,152,179,228,184,67,30,27,80,50,140,190,96,72,231,27,147,145,50,140,18,215,9,22,26,202,148,68,165,147
2,131,6,156,144,192,60,103,20,5,88,163,40,166,50,64,110,59,147,133,82,136,2,221,40,38,158,129,20,4,181,216
2,149,18,152,147,228,56,39,60,1,74,18,44,50,32,64,231,19,147,128,50,136,16,215,41,38,154,66,144,0,161,11
130,148,146,152,151,164,56,67,30,27,80,50,140,190,32,72,231,27,147,145,50,140,18,211,13,54,26,202,144,64,161,131
3,193,0,140,148,145,140,37,68,64,80,135,32,40,50,64,72,34,19,197,213,40,4,157,32,32,142,128,29,28,184,12
3,195,0,140,4,129,140,37,4,4,80,199,32,8,50,64,64,2,19,133,212,8,4,157,32,32,142,128,28,12,184,28
2,135,2,156,148,192,28,231,20,5,88,163,40,166,48,65,68,59,147,133,114,136,2,221,32,36,158,129,20,76,180,200
3,205,32,156,148,129,140,231,86,64,88,135,32,136,50,64,72,42,19,197,230,40,4,191,32,36,158,128,29,28,184,92
34,200,105,206,20,145,199,252,68,0,117,2,112,73,188,100,88,32,19,107,194,160,44,189,98,40,162,128,87,155,112,172
3,193,32,140,4,129,140,37,4,4,80,135,32,8,50,64,72,2,19,5,212,8,4,157,32,32,142,128,28,12,184,28
61,72,106,76,68,18,235,112,69,128,116,2,113,73,181,100,120,224,22,234,201,178,36,205,114,41,160,128,119,187,112,160
3,201,0,136,148,145,142,231,4,64,88,199,32,8,50,64,72,10,19,197,215,136,4,253,32,32,142,192,29,28,184,156
3,129,32,140,20,128,140,101,4,69,80,135,40,10,50,64,72,3,19,133,214,8,4,221,32,32,138,192,28,12,184,88
33,201,97,200,84,129,135,244,68,0,116,66,48,200,181,36,72,40,18,107,195,42,44,189,32,8,130,32,87,154,112,172
2,135,32,136,148,129,172,231,4,5,88,135,40,46,50,64,78,3,147,133,210,136,4,221,40,4,142,193,21,12,180,216
66,0,50,129,100,137,168,64,172,0,146,2,140,138,112,74,234,169,31,145,128,51,192,192,148,16,138,232,4,8,49,128
2,145,18,136,147,192,184,103,14,1,74,162,12,190,32,64,238,27,147,145,18,136,18,213,41,36,154,195,20,0,165,18
3,193,0,140,4,128,140,37,4,64,80,199,32,8,50,64,72,0,19,133,213,40,4,149,32,32,138,192,28,12,184,28
3,193,32,140,148,129,140,39,4,68,88,135,32,8,50,64,64,2,19,133,214,8,4,157,32,32,138,192,28,12,184,92
35,9,99,140,84,147,138,96,68,64,80,198,32,12,181,228,72,32,18,239,197,170,36,189,32,40,138,128,93,44,112,236
2,135,34,136,178,161,184,99,14,5,88,167,12,174,34,64,231,27,131,145,18,136,0,215,40,20,154,203,148,68,165,211
44,8,106,206,68,2,195,80,68,0,117,2,113,73,181,96,88,224,19,106,128,160,36,136,66,41,162,0,119,171,112,160
61,8,98,110,84,147,202,112,69,64,245,10,99,200,183,36,88,168,23,107,204,163,44,189,114,233,161,152,119,175,112,196
130,146,18,153,19,197,56,66,30,89,80,179,12,150,96,72,231,25,147,145,18,156,2,215,13,4,154,203,148,4,37,211
3,129,0,140,132,129,12,165,4,0,80,135,32,8,50,64,64,2,19,133,212,8,4,157,40,32,142,128,28,12,184,8
2,131,0,136,148,193,12,35,4,68,88,163,8,38,48,64,64,19,147,133,80,8,0,213,40,0,138,195,20,12,180,82
2,151,34,137,22,224,168,35,12,69,90,167,44,46,50,64,102,11,147,133,150,152,4,221,40,36,138,195,20,4,181,90
58,72,98,238,68,131,234,112,69,64,244,3,35,201,53,4,120,168,23,239,200,178,4,173,114,105,160,136,119,191,112,200
48,201,0,138,92,129,198,228,135,0,208,10,35,200,49,64,72,168,6,67,74,43,10,189,176,64,130,56,21,27,112,136
56,201,104,238,84,129,206,244,5,0,116,2,49,139,181,80,72,234,23,203,202,42,8,189,114,137,160,168,53,155,112,136
35,201,98,204,68,145,206,228,69,64,116,2,40,8,182,228,72,161,19,201,197,170,36,253,34,40,138,128,85,152,112,172
2,133,18,140,150,130,60,39,12,1,90,130,44,38,32,64,110,51,19,129,80,136,0,221,32,36,138,194,20,8,161,9
2,147,32,136,132,193,28,37,4,68,80,167,0,12,50,64,76,19,147,133,208,8,4,149,40,0,138,193,20,12,180,80
33,201,99,204,84,129,237,229,69,64,112,66,40,8,180,100,106,35,19,201,195,170,36,253,34,40,134,0,85,152,240,172
3,201,0,142,148,145,14,167,68,65,88,71,32,40,50,192,64,98,19,71,214,8,12,189,40,32,142,192,28,30,152,12
2,129,0,136,130,193,28,37,4,64,80,163,8,14,32,64,70,19,147,133,80,8,0,213,40,32,142,193,20,12,180,80
2,131,32,136,148,129,140,37,4,4,80,135,0,10,50,64,64,3,147,133,214,8,4,149,40,32,138,193,20,12,176,88
2,143,2,140,148,131,140,103,4,4,88,135,32,40,50,64,72,34,131,133,64,168,4,221,32,36,138,128,21,12,180,200
3,205,0,138,148,129,134,231,70,65,88,199,32,200,50,64,72,74,19,213,214,40,12,189,40,4,142,224,29,30,152,156
2,201,0,136,20,129,140,101,6,0,80,2,32,8,32,0,72,42,19,64,66,136,0,157,32,0,142,192,20,8,144,136
1,200,1,142,4,145,130,164,68,64,80,70,32,0,177,228,72,96,2,67,197,32,12,189,0,32,130,0,28,27,48,44
2,143,0,136,20,129,142,230,6,4,88,131,40,230,32,64,77,43,147,196,82,8,0,253,40,6,142,192,21,12,52,200
2,193,32,136,148,128,142,165,4,65,80,131,32,46,50,64,68,66,19,197,210,8,0,181,40,32,142,192,20,12,176,72
35,5,98,139,84,179,162,97,68,65,123,71,96,200,190,224,120,40,19,37,149,178,36,157,2,44,130,192,93,15,120,196
130,216,18,152,23,132,184,230,158,8,80,2,172,154,32,64,230,43,19,193,66,156,18,253,33,36,154,138,20,0,33,139
2,131,32,136,148,129,140,101,4,4,80,135,0,14,50,64,72,2,147,133,214,8,4,149,40,0,138,193,20,12,176,80
40,129,120,201,214,129,248,117,69,1,116,2,25,11,180,80,110,138,23,152,218,186,96,213,126,141,162,192,119,136,224,160
2,193,0,136,132,0,12,165,4,0,80,2,32,34,48,64,64,2,19,193,80,8,0,149,40,32,142,192,20,24,176,8
2,217,18,154,53,133,176,231,142,25,88,0,172,154,32,64,230,27,59,81,18,9,18,245,45,20,26,74,16,10,161,139
50,133,66,136,84,128,236,103,45,1,250,2,40,10,36,80,106,171,23,128,82,187,0,221,52,40,138,192,85,0,227,136
18,133,114,201,86,160,248,103,109,1,122,130,41,15,52,64,110,171,23,129,210,184,0,221,54,236,138,192,119,136,225,137
35,134,66,137,84,147,168,103,92,65,90,199,168,8,182,192,104,42,146,133,149,184,69,223,36,44,154,192,93,12,248,156
2,143,2,154,146,193,186,231,22,5,88,163,108,102,42,64,127,59,131,145,114,8,8,255,40,6,158,195,20,6,165,219
0,193,0,136,148,129,140,101,4,0,80,2,0,8,48,64,72,2,2,1,80,40,0,149,32,32,142,64,20,8,144,8
82,26,2,136,82,130,186,64,140,64,211,231,12,142,51,64,110,161,159,245,140,131,4,204,144,32,138,137,29,15,57,85
2,129,0,136,148,193,12,33,4,4,80,131,0,12,48,64,64,18,19,145,82,8,0,149,40,32,142,193,20,12,180,64
168,132,106,237,84,147,232,115,84,1,87,18,49,41,180,96,120,168,19,169,176,188,36,159,66,47,176,192,119,136,112,128
1,217,123,77,84,143,231,117,100,8,118,2,48,145,180,100,110,42,2,72,193,184,48,125,103,169,34,0,83,152,97,168
35,143,32,136,148,147,142,239,6,68,88,199,32,232,182,64,92,43,147,229,214,138,4,255,40,4,143,236,29,14,184,220
3,141,32,136,148,147,142,237,70,64,88,199,96,200,190,192,88,10,19,247,215,40,12,253,40,8,143,228,29,14,248,220
168,141,106,252,84,131,227,115,84,0,126,2,113,105,176,64,88,170,2,40,240,186,4,159,98,175,160,0,117,136,112,136
35,201,97,138,148,145,142,237,68,64,80,66,96,104,188,224,88,98,18,239,215,40,44,189,40,40,142,192,93,30,248,140
3,193,2,142,148,144,142,229,68,65,80,199,32,40,50,192,72,34,19,199,213,136,12,253,32,32,142,192,28,30,184,92
3,192,0,140,4,17,140,165,68,64,80,71,32,8,178,224,72,0,18,197,197,8,4,157,32,32,142,128,28,28,184,12
2,193,32,136,4,129,140,101,4,64,80,131,32,12,50,96,72,0,19,133,194,8,4,149,32,0,138,192,20,12,144,92
67,9,6,156,90,128,58,98,164,64,202,199,40,138,51,66,102,41,187,197,132,139,134,253,16,32,138,136,28,5,41,88
3,193,34,142,4,145,140,103,68,64,88,135,32,8,178,96,72,34,19,197,197,40,36,157,32,32,138,128,29,30,184,92
3,137,39,220,20,131,139,226,84,64,82,66,96,104,180,229,88,98,50,201,225,184,38,255,0,46,218,128,21,44,112,44
2,133,0,136,150,193,156,103,4,65,88,131,8,46,48,64,72,19,131,129,82,8,0,149,40,0,138,193,20,12,180,66
2,131,0,136,132,129,12,33,4,68,80,135,0,14,50,64,68,3,131,133,80,8,0,149,40,0,138,193,20,12,180,80
3,137,134,156,4,128,44,166,180,80,82,199,104,234,50,193,96,99,51,197,197,200,6,253,32,34,222,128,28,36,57,28
130,48,144,144,75,197,144,64,26,27,0,58,12,146,96,11,165,25,179,16,34,70,146,210,17,18,90,43,144,8,35,131
131,205,3,158,132,144,174,167,84,66,82,86,32,104,176,225,64,98,18,199,229,236,4,239,32,38,222,128,28,124,184,76
131,205,33,156,132,145,134,167,84,66,88,70,32,8,181,228,72,98,18,79,229,44,36,191,32,40,142,128,29,92,152,108
3,131,0,136,20,129,12,37,4,4,80,135,32,8,50,64,64,2,147,133,214,8,4,149,32,32,138,192,28,12,152,88
131,197,0,156,132,145,12,167,84,66,80,215,32,40,50,193,65,2,19,197,229,12,4,159,32,34,158,128,28,28,184,92
2,195,32,136,132,129,12,37,4,4,80,131,0,14,50,64,76,2,147,133,212,8,0,149,40,0,142,193,20,12,148,64
2,131,0,136,132,193,12,33,4,4,80,131,0,14,50,64,76,3,131,133,82,8,4,149,40,0,142,193,20,12,148,80
131,193,32,140,132,145,140,165,84,66,80,215,32,8,50,224,64,2,19,197,229,12,4,151,32,32,142,192,28,28,184,92
2,147,32,136,148,129,12,33,4,68,80,167,0,12,50,64,76,19,131,133,208,8,0,149,40,0,142,193,20,12,148,80
2,36,128,152,19,165,152,66,22,11,0,18,12,150,112,8,77,25,19,145,2,4,16,210,9,6,154,40,144,64,33,130
131,201,33,156,148,145,142,166,84,64,80,66,32,40,180,229,72,98,18,205,229,40,36,189,32,42,222,128,29,92,240,108
3,193,0,138,132,17,142,165,68,64,17,199,64,72,58,192,88,66,19,199,197,0,12,241,32,0,142,128,28,30,184,12
3,129,0,140,4,129,140,37,4,68,80,135,32,10,50,64,64,2,19,133,212,8,4,149,32,32,138,192,28,12,184,92
3,8,3,142,20,144,139,96,196,64,81,66,32,200,181,228,72,40,18,75,199,168,44,189,32,40,138,128,21,15,112,108
2,132,51,152,53,173,184,66,94,73,88,82,140,136,52,192,205,11,19,17,179,188,0,215,13,30,26,194,220,12,121,129
3,192,0,140,4,144,140,165,68,64,80,199,32,8,50,224,72,0,19,5,197,40,4,157,32,32,138,128,29,28,184,28
2,131,32,136,148,129,136,33,4,5,80,135,0,40,50,64,68,3,131,133,212,8,4,149,40,0,142,193,20,12,180,64
3,192,0,140,4,129,140,165,4,64,80,199,32,8,50,192,64,0,19,133,197,8,4,157,32,32,142,128,28,28,184,28
7,8,99,206,4,18,131,64,68,192,80,66,112,64,181,228,72,96,18,75,129,160,44,168,0,40,130,128,87,187,112,44
48,0,66,161,4,10,104,0,33,0,178,2,11,10,4,64,104,132,4,128,8,176,65,192,144,200,130,0,101,8,112,0
47,72,99,78,68,146,202,112,69,192,86,70,113,72,183,228,88,224,22,239,205,160,44,173,66,105,160,128,127,191,120,204
0,48,150,145,109,140,176,64,174,25,48,32,140,154,96,10,166,25,234,16,2,32,130,192,5,16,90,42,208,0,1,131
2,135,0,136,144,161,24,35,4,5,88,163,0,38,50,64,68,19,147,149,18,8,0,213,8,32,138,193,148,12,180,64
3,72,35,142,4,16,138,4,68,64,80,66,32,8,181,228,72,96,18,79,133,160,36,189,32,40,138,128,29,63,112,108
2,135,32,136,146,225,152,103,6,5,88,163,8,46,34,64,111,19,131,149,18,8,4,213,40,4,154,195,148,76,181,83
60,0,98,76,68,19,75,88,69,128,117,2,83,73,181,116,88,168,23,234,136,178,36,140,82,233,161,132,119,171,112,160
130,144,146,153,35,164,56,66,190,27,80,48,140,150,96,73,167,25,179,16,2,92,18,211,5,50,90,202,144,0,33,147
3,195,32,136,132,129,140,37,68,68,80,7,0,8,50,64,72,0,19,5,212,40,4,149,32,32,138,192,29,12,184,92
50,0,98,225,4,2,232,80,65,0,242,2,9,9,52,64,104,133,21,129,136,176,1,192,146,232,130,132,39,136,112,128
60,0,98,76,68,19,202,88,69,0,117,2,67,201,189,52,88,168,6,234,136,178,44,140,82,201,161,8,119,171,114,164
3,195,32,136,132,129,140,37,4,68,80,135,32,8,50,64,76,2,147,5,214,8,4,149,40,0,142,192,21,12,144,72
2,135,2,136,150,224,184,99,12,5,90,163,44,14,48,64,111,19,147,129,18,136,0,213,40,36,138,193,20,4,165,72
2,135,32,136,148,193,156,39,4,5,88,163,8,46,50,64,76,19,131,133,82,8,0,213,40,32,142,193,20,12,180,80
35,200,97,204,4,129,143,228,68,64,80,66,48,0,180,100,72,32,18,201,195,40,36,253,32,40,138,128,21,24,240,172
2,129,0,136,131,193,28,37,4,0,64,131,8,14,32,64,74,19,19,132,82,8,16,213,41,0,142,65,20,12,176,16
2,135,32,136,144,193,28,35,4,5,88,163,40,46,50,64,76,19,131,133,82,8,0,213,40,32,138,193,20,12,180,72
1,72,41,132,4,1,135,164,68,64,16,66,48,0,181,100,72,64,18,79,193,40,36,41,32,8,174,128,21,25,80,108
3,193,2,140,4,145,140,37,68,64,80,70,32,8,178,224,72,0,18,5,197,40,4,157,32,32,138,128,29,28,248,12
3,131,2,140,20,145,140,37,4,0,80,199,32,8,50,64,72,34,19,133,214,136,4,157,32,32,142,128,28,12,184,28
3,192,1,140,4,144,140,165,68,64,80,194,32,8,180,224,72,0,18,133,197,40,4,149,32,40,138,128,29,28,184,12
3,203,0,140,132,145,140,165,4,64,80,199,32,40,50,64,72,34,19,197,196,8,4,157,32,32,142,128,29,28,184,28
33,200,97,204,4,129,135,244,68,64,84,66,48,8,181,100,72,64,18,73,193,32,36,189,32,40,134,128,87,152,80,108
2,135,32,136,148,161,140,103,4,5,88,131,0,44,50,64,77,3,131,149,18,8,4,149,40,4,142,193,148,76,148,64
2,131,0,136,132,128,12,33,4,68,80,135,8,46,50,64,70,3,147,133,208,8,4,213,40,32,138,192,28,12,184,80
3,193,3,140,4,145,140,165,68,64,80,71,32,8,176,224,72,32,19,69,197,8,4,157,32,32,142,128,29,28,184,12
2,195,32,136,132,129,140,101,68,4,80,2,32,8,48,64,72,2,19,129,208,40,0,149,32,0,142,193,20,8,180,8
3,193,33,140,4,145,140,229,68,64,80,66,32,8,180,228,72,0,18,13,197,40,36,157,32,40,138,128,21,28,240,108
2,129,0,140,149,192,28,37,4,1,80,131,40,46,48,64,68,19,147,133,82,8,0,213,40,32,138,193,20,12,176,88
33,72,104,204,4,16,199,116,68,64,116,2,48,9,181,100,72,96,19,75,193,160,36,189,98,40,162,128,87,185,112,172
0,0,66,129,68,128,168,64,140,16,112,2,140,138,96,67,104,9,2,128,2,50,2,192,4,16,138,40,20,8,97,128
33,72,97,76,4,145,131,244,68,64,116,66,32,8,183,228,72,96,18,74,197,160,36,189,34,40,130,0,87,157,112,236
3,192,0,140,4,145,140,165,68,64,80,70,32,8,178,224,72,0,18,197,197,40,4,149,32,32,142,128,29,28,184,12
2,148,16,136,19,225,56,66,14,1,72,162,12,150,32,64,231,27,147,144,18,8,16,213,9,4,154,195,148,0,37,147
2,139,32,136,148,129,142,231,4,5,88,135,32,40,50,64,72,66,3,69,214,8,4,181,40,32,142,193,20,12,180,76
3,131,32,140,20,145,140,101,4,68,80,135,32,8,50,64,72,2,147,133,214,8,4,157,40,0,142,192,29,12,184,92
3,201,0,140,20,145,142,165,68,0,80,71,32,8,178,64,72,34,19,197,214,40,4,189,40,32,142,192,29,12,184,12
2,195,32,136,20,129,140,101,4,5,80,135,32,8,50,64,76,3,131,133,214,8,4,149,32,32,138,193,20,12,180,88
3,200,2,136,4,145,142,228,68,64,80,71,32,8,183,224,72,32,18,199,199,168,4,253,32,40,138,128,29,28,120,12
3,129,2,140,148,145,172,101,4,64,82,199,32,40,50,64,72,34,19,133,212,184,4,221,32,32,138,192,29,12,184,220
1,201,98,204,68,145,173,245,68,0,84,66,48,129,180,100,106,40,18,200,195,170,36,253,96,8,166,0,87,152,241,172
44,8,106,204,4,19,203,80,68,192,87,130,113,77,181,100,88,96,19,239,129,160,36,136,66,41,170,128,55,175,112,224
2,16,22,152,7,196,184,64,158,25,80,50,12,154,32,73,230,25,179,145,2,128,18,209,1,48,218,202,148,8,33,131
2,135,2,140,148,128,172,103,4,5,90,135,40,42,50,64,108,35,131,133,208,152,0,221,40,32,138,193,29,12,184,88
48,104,0,138,28,129,66,192,135,0,144,10,34,200,49,64,72,168,31,67,74,43,10,189,176,128,139,56,52,11,48,136
56,72,64,236,68,129,202,244,5,0,84,130,49,141,49,0,72,232,23,203,72,170,0,189,114,201,170,168,119,157,112,136
35,200,97,204,70,129,141,229,68,64,80,194,56,12,180,228,110,49,19,201,193,42,36,253,32,40,138,128,21,28,241,236
3,193,3,136,4,145,140,229,68,64,80,70,32,10,182,228,72,1,18,141,197,8,36,221,32,8,138,128,29,28,248,76
2,132,2,153,19,224,56,66,62,69,66,179,12,142,32,72,103,27,147,149,50,156,0,215,12,38,154,195,148,4,37,83
61,8,98,110,68,146,194,64,65,192,241,2,67,200,183,32,88,168,22,163,140,179,36,136,18,105,128,136,117,175,114,196
3,129,0,140,20,129,140,37,68,64,80,71,32,40,50,96,72,34,19,133,199,168,4,157,32,32,138,192,29,12,184,12
2,180,16,136,178,225,176,66,14,9,24,34,12,18,32,64,231,27,147,16,18,8,0,212,8,4,10,226,144,72,33,131
2,144,144,136,187,165,184,66,142,9,88,50,140,158,96,64,231,27,147,145,18,8,2,211,9,20,154,234,144,0,33,147
2,195,0,140,132,129,12,167,4,4,88,135,32,34,34,64,76,2,131,132,80,8,4,149,40,32,142,193,20,12,180,72
130,32,128,153,4,129,168,0,30,19,80,16,136,130,64,73,72,9,51,144,2,84,66,208,4,16,218,160,148,8,17,128
0,65,0,128,132,0,132,5,4,0,16,2,0,8,32,64,72,0,2,0,0,32,0,128,32,0,130,0,20,24,176,0
2,149,16,136,147,229,144,99,14,9,88,51,12,62,32,64,229,27,147,144,18,8,16,215,41,22,154,195,144,76,165,19
33,72,106,76,4,0,195,16,68,0,116,2,48,1,181,96,72,96,2,74,129,160,36,57,66,41,162,128,117,185,112,40
2,149,0,136,147,225,24,35,4,69,72,135,8,38,32,64,72,19,147,133,18,8,16,213,41,0,138,67,20,12,180,82
48,0,66,161,4,2,232,64,1,0,242,2,2,10,52,64,104,132,14,161,8,177,1,192,144,168,130,0,37,8,112,0
2,131,32,136,132,129,140,33,4,68,80,135,32,14,50,64,68,3,147,133,212,8,0,149,40,32,142,193,28,12,180,80
3,193,0,140,132,128,140,37,4,64,80,199,32,8,50,64,64,2,19,133,212,8,4,149,32,32,142,192,28,28,184,92
0,201,1,136,20,129,13,165,6,1,80,66,32,136,32,64,72,8,19,64,66,40,0,181,40,36,158,64,20,8,144,40
2,131,0,136,148,129,8,33,4,68,80,135,0,14,50,64,68,3,147,133,82,8,0,213,32,0,138,192,20,12,180,80
2,129,16,136,151,193,148,101,4,1,64,162,12,30,32,64,74,19,147,145,82,8,0,213,41,0,142,195,21,8,180,130
2,192,1,136,20,129,12,229,6,0,80,194,32,142,32,64,72,9,19,192,66,10,0,157,32,32,138,168,20,8,176,136
2,129,0,136,4,129,12,33,4,0,80,131,0,14,50,64,68,3,19,133,82,8,0,213,32,32,138,192,28,12,176,0
2,200,32,142,68,129,138,100,4,64,80,131,32,140,50,64,72,40,19,71,194,10,4,189,48,32,138,168,20,14,48,216
3,193,0,140,148,145,140,165,68,64,80,199,32,40,50,192,64,2,19,197,213,8,4,157,32,32,142,192,28,28,184,92
130,16,148,144,44,4,184,0,158,26,16,48,140,154,96,75,135,17,179,1,32,68,2,192,0,18,90,138,20,0,33,129
2,157,16,136,147,193,148,231,14,13,24,163,44,62,32,64,195,19,131,129,82,8,0,253,41,6,158,195,20,76,165,27
0,133,2,141,20,131,0,35,4,1,90,2,32,34,32,64,72,38,2,32,16,184,1,159,8,36,130,64,20,8,48,8
3,133,114,136,182,161,184,98,76,65,88,2,12,10,52,96,110,19,19,129,150,40,4,213,0,40,138,194,21,12,49,5
2,135,0,136,147,224,156,39,4,5,8,163,8,46,32,64,73,19,147,145,82,8,0,196,40,0,142,195,148,68,180,82
130,132,34,153,20,163,40,66,20,1,82,18,32,10,48,64,104,8,19,145,178,156,5,223,4,38,154,192,20,12,48,0
34,211,96,200,4,209,140,229,5,68,84,167,32,12,180,64,76,17,147,133,208,0,36,213,34,32,138,193,21,156,180,92
2,133,2,140,149,194,172,103,4,69,74,163,32,158,50,64,64,59,147,129,82,136,0,221,40,36,138,195,20,12,180,90
130,16,6,145,6,128,184,64,156,20,82,179,140,142,96,73,110,25,147,132,34,80,2,208,4,0,218,128,21,12,37,208
2,202,0,136,20,129,8,231,6,5,88,167,32,10,50,64,76,2,131,133,2,8,0,221,8,38,154,193,20,12,52,72
3,199,34,136,148,145,172,231,4,69,88,135,40,138,50,64,104,43,19,133,214,152,4,221,32,32,138,192,28,12,185,204
35,201,99,200,84,145,174,228,68,1,112,66,40,8,180,228,104,42,2,200,199,168,36,253,34,40,130,192,95,152,248,172
2,129,0,136,4,129,12,37,4,0,80,2,32,2,48,64,64,2,19,129,80,8,0,149,40,32,142,192,20,8,176,8
2,135,2,137,146,193,168,103,12,5,90,179,44,46,50,64,111,19,147,133,82,152,0,223,40,36,154,193,21,4,165,216
35,201,97,204,68,145,143,228,68,64,80,66,32,8,180,228,72,40,18,201,199,40,36,189,32,8,142,128,85,28,112,172
2,149,50,153,151,230,184,99,60,9,90,178,44,190,32,64,230,59,147,145,50,152,16,215,13,38,154,195,149,0,165,19
35,201,97,200,84,145,207,244,71,0,80,66,40,136,180,228,72,42,19,203,195,168,36,253,34,8,138,128,87,152,240,172
48,201,73,202,84,129,203,244,5,0,116,2,49,195,176,4,72,168,23,202,74,42,8,253,112,140,162,232,117,139,112,168
2,193,32,140,20,129,140,101,4,0,80,2,32,8,48,64,72,0,19,129,192,8,4,149,32,32,138,192,20,12,176,8
2,149,18,136,147,224,184,99,4,1,74,162,12,62,32,64,110,19,147,128,18,136,16,221,41,36,138,195,148,0,165,19
2,141,0,156,148,131,140,175,20,2,88,2,96,104,48,65,81,34,19,161,112,136,0,159,32,38,222,128,20,104,176,8
131,135,2,156,148,128,172,39,20,1,82,23,40,10,50,64,96,34,19,133,118,136,0,223,32,32,138,192,28,8,184,8
2,193,0,136,20,129,140,37,4,64,80,131,32,14,50,64,76,2,19,133,82,8,0,213,32,32,138,192,20,12,176,88
34,201,97,136,84,129,141,245,68,0,80,2,48,9,176,68,72,42,19,201,194,42,0,189,96,8,174,192,21,24,240,168
130,0,82,145,112,162,168,66,60,1,82,146,140,134,32,72,110,41,23,144,18,156,0,192,132,50,154,192,128,0,33,128
35,73,99,78,84,145,207,112,69,64,116,134,48,204,183,36,92,40,19,207,193,170,44,189,98,8,138,136,119,191,112,252
2,148,16,136,151,229,16,67,30,1,72,18,12,190,32,64,201,27,147,17,50,8,16,215,41,6,154,99,144,72,165,146
130,133,34,152,148,128,188,103,20,1,80,147,44,10,50,65,102,35,19,133,242,136,4,223,32,34,154,192,28,12,185,8
2,32,18,153,48,132,56,66,62,25,80,18,140,134,96,72,231,25,19,145,2,148,2,211,4,20,154,200,144,0,33,129
45,73,106,78,84,147,231,113,69,64,117,6,113,201,183,36,88,168,18,111,197,178,36,157,114,9,160,136,119,190,112,196
56,0,98,108,68,18,224,80,65,0,118,2,19,9,181,32,88,172,23,41,136,178,36,140,82,233,160,0,103,168,112,128
2,131,32,136,148,129,140,101,4,68,80,135,0,14,50,64,76,3,147,133,210,8,0,213,40,0,138,193,20,12,180,80
3,193,38,153,20,144,168,165,4,65,82,135,168,14,50,96,104,42,51,197,214,152,103,253,36,54,154,192,21,12,176,92
2,149,6,152,146,128,188,39,156,81,88,167,44,46,50,65,102,19,179,133,114,136,6,221,32,34,218,194,20,4,161,89
57,64,98,77,68,18,235,112,69,64,118,2,11,9,181,180,120,140,22,234,201,178,37,140,22,233,160,132,119,155,120,172
130,207,32,138,148,193,142,231,22,7,88,147,96,110,50,64,89,99,147,165,114,8,12,255,40,6,142,193,148,28,180,72
35,204,104,206,68,145,198,244,69,66,124,3,96,72,190,36,88,106,19,111,230,170,44,191,34,10,130,128,85,159,112,236
124,0,98,200,12,147,227,80,197,128,247,2,17,201,181,70,104,164,95,234,136,163,36,156,82,41,163,28,119,171,112,160
2,195,32,136,132,129,140,37,4,68,80,135,0,12,50,64,76,3,147,133,212,8,4,149,32,0,142,193,21,28,180,88
55,0,99,200,4,18,75,80,197,192,247,202,27,12,183,244,120,164,23,239,137,163,36,204,144,232,139,144,119,175,114,100
131,206,34,156,20,131,138,102,22,70,90,135,96,76,50,64,93,32,147,133,166,140,5,255,32,38,155,192,20,12,52,92
18,195,2,136,86,129,60,229,13,4,208,135,173,142,50,64,110,153,159,197,66,11,0,213,176,96,138,201,53,20,181,88
2,220,50,218,87,149,186,244,93,9,116,2,44,91,36,100,239,27,18,195,226,172,40,255,43,30,26,66,83,9,33,175
66,48,18,152,91,229,176,66,142,25,64,18,140,158,96,72,228,57,187,145,2,11,18,209,145,16,26,234,144,0,33,147
7,5,115,201,183,182,169,82,109,73,127,66,200,104,180,228,126,35,18,185,145,184,36,204,14,60,2,194,215,206,97,165
3,216,51,218,95,149,187,224,222,88,84,2,44,222,53,228,238,57,19,195,199,46,42,253,3,30,138,194,23,15,57,239
63,0,67,160,4,18,74,80,5,64,243,198,75,78,187,240,126,141,21,239,141,179,36,140,146,233,161,132,111,175,120,84
56,72,106,108,68,147,198,244,69,0,116,2,51,73,181,0,72,224,23,74,200,162,36,189,98,201,160,0,119,185,112,136
67,32,102,204,76,147,232,88,199,128,247,2,72,201,252,110,120,44,122,168,132,163,167,209,18,40,131,140,71,170,112,132
130,74,130,157,10,194,184,68,22,4,82,167,40,134,51,73,76,57,179,197,2,148,3,217,0,34,154,129,20,29,52,88
135,10,130,153,4,178,168,66,28,199,82,151,172,136,51,72,106,41,147,149,134,148,5,234,4,38,154,128,157,13,57,92
62,174,64,170,84,225,154,232,7,4,249,171,97,207,60,0,93,185,151,181,10,42,8,159,56,68,139,253,55,142,116,210
63,0,67,172,6,18,74,120,5,192,243,207,75,78,63,240,126,165,149,230,141,179,5,204,146,233,129,148,127,175,120,84
3,195,32,140,148,129,140,37,4,68,80,135,32,8,50,64,76,2,19,5,212,8,4,157,32,32,142,192,21,12,152,92
46,2,106,216,84,243,201,72,23,196,117,171,97,205,183,4,88,184,147,181,162,166,38,159,82,79,161,169,119,141,84,208
6,203,0,154,156,129,14,237,134,21,89,135,64,204,122,64,93,74,179,215,82,8,10,181,40,4,143,228,148,14,148,80
35,200,103,94,76,147,138,240,212,96,84,70,96,200,183,165,72,104,18,207,197,184,46,189,34,10,195,160,95,191,120,140
2,134,34,153,179,227,184,67,30,5,90,179,172,46,34,64,207,59,131,145,50,152,64,215,12,22,154,195,148,76,165,219
171,2,106,72,68,83,201,72,85,196,117,135,0,140,183,45,88,168,19,45,132,182,37,136,66,8,160,133,119,172,116,244
3,129,2,140,148,128,140,39,4,5,88,135,40,42,50,64,68,35,147,133,214,136,4,221,32,32,138,192,28,12,184,92
4,160,230,213,28,130,168,8,214,177,82,2,104,232,125,72,120,44,51,177,130,240,135,221,8,46,203,68,133,40,112,128
115,0,66,172,66,19,90,72,33,96,241,207,79,142,191,16,126,141,151,167,141,179,4,200,146,232,138,156,109,174,106,84
3,197,0,142,132,128,140,39,4,68,88,135,0,12,50,64,64,2,19,133,212,8,4,151,32,32,142,192,28,14,144,92
2,135,34,153,182,163,184,35,30,5,90,183,168,46,50,64,79,43,131,149,54,152,69,223,44,22,154,195,148,76,189,218
32,177,51,72,245,141,185,115,207,9,124,72,12,147,164,180,174,27,6,24,147,43,34,213,63,24,2,106,82,128,227,165
3,193,32,136,132,145,140,37,68,64,80,7,32,8,50,96,72,0,19,133,212,40,36,149,32,32,142,128,20,12,176,76
2,193,32,136,132,128,140,37,4,64,80,130,0,12,48,64,72,2,19,129,208,8,0,149,32,32,142,192,20,12,144,64
3,193,2,140,4,145,140,37,68,64,80,66,32,8,182,224,72,34,18,197,197,168,4,189,32,40,138,128,29,28,184,12
0,192,1,140,4,129,4,164,4,0,80,66,32,8,48,192,72,0,19,65,65,40,0,157,32,32,138,0,28,24,184,8
4,141,134,158,148,130,46,168,22,131,91,2,64,106,41,64,81,102,34,178,48,216,9,238,40,38,223,68,132,106,48,0
130,184,146,152,99,197,184,67,190,25,64,48,172,222,96,73,167,57,147,16,18,92,18,209,13,16,90,107,144,0,37,155
2,135,0,136,144,193,24,35,4,5,88,163,32,38,50,64,68,19,131,129,82,8,0,213,8,32,138,193,20,12,180,64
3,144,23,217,177,181,184,67,126,89,118,112,172,186,166,236,167,27,146,17,183,216,34,215,15,30,26,194,152,4,169,205
3,193,2,140,4,145,140,101,68,64,80,71,32,8,178,224,72,0,18,133,197,40,4,149,32,32,138,128,29,12,184,12
2,131,32,140,148,128,140,39,4,4,88,135,32,42,50,64,64,34,19,133,212,8,0,221,40,32,138,192,20,12,176,72
134,204,128,154,148,225,14,230,22,19,89,18,96,98,57,65,81,106,19,147,50,76,8,255,40,6,159,197,148,123,180,0
49,72,99,76,70,19,238,116,69,64,242,66,56,8,181,228,122,224,22,238,205,171,36,237,48,40,130,8,95,190,113,236
3,192,1,140,4,144,140,165,68,64,80,194,32,8,180,224,72,0,19,197,197,40,4,149,32,40,138,128,29,28,248,12
33,69,99,76,4,19,135,127,68,194,94,66,112,104,180,228,88,32,18,105,225,184,37,159,34,44,134,0,87,250,240,236
3,144,18,153,53,181,184,71,222,89,82,85,172,154,98,72,167,43,179,21,151,24,18,213,13,54,26,194,152,4,169,159
244,8,18,172,52,138,74,64,189,8,211,10,111,202,49,80,250,169,12,99,40,167,0,142,144,244,130,24,52,43,112,1
2,134,134,157,144,34,56,43,20,231,90,151,72,38,0,72,117,23,179,133,48,216,65,205,12,38,218,197,132,108,180,80
3,159,2,140,150,146,174,239,4,64,88,231,104,110,182,224,126,3,147,229,215,136,5,221,32,32,138,197,29,12,185,20
2,6,0,136,146,224,56,66,6,5,88,163,12,6,32,64,71,19,147,149,18,8,0,213,8,36,154,195,148,68,53,81
45,0,106,206,68,19,195,80,68,128,117,2,113,73,181,96,88,160,19,107,128,162,36,136,66,41,162,0,117,171,112,160
163,205,97,206,4,145,135,229,68,64,88,66,96,104,183,228,72,66,18,79,229,40,44,191,34,40,134,128,93,30,208,236
2,80,86,137,90,131,184,72,134,0,208,162,44,214,33,64,126,57,147,128,2,151,2,221,4,32,138,130,21,2,37,153
44,8,106,70,68,2,195,16,68,128,119,2,81,65,185,96,88,228,19,234,128,176,44,8,66,169,161,4,101,171,112,160
63,8,98,238,36,18,74,80,69,192,211,2,75,72,177,96,88,172,21,227,140,163,108,140,210,233,170,136,55,175,112,4
50,25,82,200,87,173,240,99,45,8,248,2,46,24,36,80,238,187,6,128,26,186,16,221,151,252,2,66,117,8,99,139
2,34,34,137,84,163,168,66,30,69,80,135,44,142,51,72,110,41,147,149,130,190,5,221,20,32,154,128,21,12,49,216
2,141,2,142,148,131,14,239,22,1,90,2,96,234,56,64,89,106,51,161,114,152,8,191,40,38,143,192,148,10,176,8
3,4,50,217,116,185,184,67,62,9,126,146,172,142,180,100,230,59,147,25,151,184,32,215,6,28,26,192,150,136,161,181
3,193,1,140,20,145,142,165,68,64,80,71,32,8,176,224,72,34,18,69,199,8,4,189,32,32,142,128,28,28,184,12
130,144,2,152,19,225,176,66,30,69,64,179,44,158,32,72,239,59,147,145,50,156,18,215,9,38,154,195,148,12,37,210
3,192,33,140,4,145,140,229,68,64,80,66,32,8,180,224,72,0,18,69,197,40,36,157,32,40,138,128,29,28,248,44
61,8,106,68,68,2,107,80,101,128,119,130,113,71,181,112,126,236,18,234,136,178,36,108,82,169,160,128,103,179,114,160
56,77,106,238,84,131,195,120,69,0,124,10,115,201,181,32,88,168,23,106,200,178,68,159,114,141,161,40,119,170,112,168
35,201,98,138,92,145,138,236,198,64,80,199,40,200,182,224,88,41,19,199,199,11,6,253,34,8,138,136,29,14,120,220
33,72,99,206,4,0,131,16,68,64,80,66,112,64,181,100,72,96,18,75,129,160,36,169,32,40,162,128,85,187,112,44
2,148,144,154,19,225,184,67,30,65,72,179,44,190,32,64,231,59,147,145,50,140,18,215,9,6,154,195,148,4,165,219
3,195,32,140,20,129,12,37,4,68,80,135,32,8,50,64,64,3,19,133,212,8,4,157,32,32,142,192,28,12,184,88
33,205,99,94,84,145,207,252,85,0,124,2,48,201,180,100,88,106,2,202,195,42,44,191,50,44,128,8,119,154,112,172
2,195,2,136,148,129,140,229,4,5,80,135,32,14,50,64,76,3,147,197,82,8,0,253,40,32,138,192,20,12,180,88
2,151,32,136,147,225,152,103,6,69,88,163,40,46,34,64,79,59,147,129,18,136,4,223,40,6,154,195,149,76,181,219
2,135,32,136,148,161,140,39,4,5,88,131,0,44,50,64,77,3,131,149,82,8,4,149,40,4,138,193,20,76,180,72
2,131,98,156,148,128,140,103,132,5,88,167,40,142,50,64,78,43,147,133,210,137,6,253,32,36,154,201,21,12,181,216
35,201,97,200,20,145,135,228,68,64,80,66,32,8,180,228,72,40,18,75,195,40,36,189,32,8,138,128,85,24,112,172
35,205,99,222,20,145,134,230,84,64,120,66,32,200,180,228,72,106,18,75,231,170,36,191,34,44,134,136,87,158,240,236
2,135,2,136,146,192,188,103,4,5,88,163,44,46,32,64,110,19,147,129,82,136,0,213,40,36,138,195,20,4,165,27
35,72,99,76,68,147,167,240,68,192,116,66,48,8,181,164,104,96,18,107,197,178,36,188,34,8,129,128,87,191,112,236
2,149,18,152,147,225,152,103,30,3,88,179,44,190,32,64,231,27,147,145,18,8,0,223,40,6,158,195,148,68,165,219
2,131,6,156,146,192,60,103,132,5,88,163,40,166,50,64,110,59,147,129,82,136,2,221,40,38,154,193,21,4,181,216
2,148,18,152,147,228,56,39,60,1,74,18,44,54,32,64,231,19,147,128,50,136,16,215,41,38,154,66,144,64,161,11
3,193,0,140,20,145,140,37,68,64,80,135,32,40,50,64,72,34,19,197,215,168,4,221,32,32,142,192,29,12,184,12
3,131,0,140,132,129,140,37,4,4,80,199,32,8,50,64,64,3,147,133,212,8,4,149,40,32,142,192,28,12,184,28
3,205,32,156,148,129,140,103,84,64,88,135,32,168,50,64,72,42,19,197,230,168,4,191,32,36,158,128,29,28,184,92
2,135,6,156,144,192,28,231,20,5,88,163,40,166,32,64,68,59,147,133,114,136,2,221,32,38,158,129,20,12,181,216
39,200,97,202,4,147,135,240,68,64,80,66,32,72,181,228,88,32,18,111,193,32,44,189,32,8,139,128,87,159,112,236
2,149,18,136,147,225,56,71,12,1,74,178,12,150,32,64,103,27,147,144,18,136,16,215,41,38,154,195,148,64,165,147
3,72,1,140,4,145,142,164,68,64,80,70,32,8,181,224,72,96,18,69,197,168,4,189,32,40,138,128,29,28,56,12
61,72,106,76,68,147,239,120,69,0,116,2,113,73,181,100,120,224,22,234,201,178,36,253,114,41,160,128,119,187,112,168
3,201,0,136,20,145,142,231,68,64,88,199,32,8,50,192,72,3,19,197,199,40,4,253,32,0,142,192,29,28,184,156
3,129,34,140,20,128,142,101,4,65,80,199,40,8,50,64,72,35,19,197,214,8,4,253,32,32,138,192,28,12,184,92
35,201,97,200,84,145,143,228,68,64,80,66,32,72,181,164,72,40,18,75,195,42,36,189,32,8,138,128,87,156,112,236
102,0,66,128,100,137,232,64,173,32,210,10,140,138,113,80,106,169,31,145,8,51,64,192,148,16,138,168,4,8,48,128
2,145,18,136,147,192,184,103,14,1,74,163,44,190,32,64,238,27,147,145,18,136,16,213,41,36,154,195,148,4,165,154
60,0,98,72,84,19,194,112,69,128,247,10,67,73,181,52,120,164,6,42,136,179,36,140,18,232,128,20,119,170,112,164
3,129,32,140,148,129,140,37,4,64,80,135,32,8,50,64,72,34,19,133,214,8,4,157,32,32,138,192,28,12,184,92
33,72,107,204,68,147,239,113,68,64,116,66,48,8,180,100,88,168,18,235,193,178,36,140,98,40,162,128,117,170,112,236
3,193,0,140,4,144,140,37,68,64,80,71,32,8,178,224,72,2,19,133,197,40,4,157,32,32,138,128,29,12,184,12
2,151,34,136,178,225,184,99,14,5,88,167,12,174,34,64,231,27,147,149,18,152,0,213,40,20,154,195,148,68,165,211
2,48,146,152,115,133,184,64,143,25,80,163,12,158,100,8,238,25,147,149,2,26,2,208,13,24,154,234,148,4,33,211
61,72,98,110,84,147,202,112,69,64,244,11,115,201,183,36,88,232,23,111,204,163,44,189,114,105,161,136,119,175,112,236
130,144,18,153,51,165,56,66,62,73,82,183,12,150,32,72,231,25,147,145,18,156,2,215,5,20,154,195,148,4,37,211
2,131,0,136,148,193,12,39,4,69,88,163,0,38,50,64,64,19,147,133,80,8,0,213,40,0,142,193,20,12,180,82
3,193,0,140,132,129,140,165,68,0,80,199,32,8,50,64,64,2,19,133,196,8,4,157,32,32,142,128,28,28,184,12
49,0,98,236,68,18,232,64,65,0,240,2,9,136,181,32,120,168,6,161,140,179,36,200,18,232,130,0,117,40,114,132
2,135,34,136,146,224,184,99,44,69,90,167,40,174,50,64,110,59,147,133,210,152,4,221,44,36,138,195,20,4,181,89
50,72,98,174,68,131,194,112,69,64,245,10,35,201,53,0,88,168,23,107,200,163,4,157,18,72,128,136,119,191,114,200
37,0,106,206,4,18,235,80,68,192,87,2,80,72,183,100,88,100,19,235,129,176,36,136,66,40,163,128,117,171,112,228
48,201,64,138,92,129,194,228,135,0,208,10,35,200,49,64,72,168,23,67,74,43,10,189,176,192,130,56,21,27,114,136
40,201,106,238,84,129,206,244,5,0,116,2,49,139,52,64,72,234,23,202,202,42,0,189,114,137,162,168,117,154,112,136
35,201,96,204,68,145,206,228,69,0,116,2,32,8,180,36,72,168,19,203,196,170,36,253,50,8,138,168,87,152,112,172
2,133,2,140,150,128,188,103,4,1,90,131,44,46,48,64,110,51,147,133,80,152,0,221,32,36,138,192,21,12,177,25
2,131,32,136,134,193,28,37,4,68,80,167,0,14,50,64,76,19,147,133,80,8,0,149,40,0,142,193,20,12,180,80
33,201,99,204,84,129,237,229,69,65,112,66,40,8,180,228,106,35,18,201,195,170,36,253,32,40,134,64,87,156,240,172
3,133,98,140,148,144,172,103,68,65,90,199,40,40,54,96,104,35,19,133,215,184,4,221,32,44,138,192,29,12,249,156
3,201,0,142,148,145,142,165,68,64,80,71,32,40,50,192,64,98,18,71,215,8,12,189,40,32,142,128,29,30,152,12
2,129,0,136,147,193,24,33,4,0,64,131,8,46,32,64,70,19,147,148,82,8,16,213,41,0,138,195,20,12,181,82
2,143,2,140,148,131,140,103,4,4,90,135,32,42,50,64,72,35,131,133,80,136,0,221,32,36,138,129,21,76,180,72
3,205,0,138,148,145,134,231,70,65,88,199,32,200,50,64,72,74,18,69,215,40,12,189,40,4,142,224,29,30,152,12
2,193,2,136,20,129,140,101,4,0,80,2,32,8,32,0,72,42,19,64,66,136,0,157,32,0,138,192,20,8,144,136
1,200,1,140,4,145,134,228,68,64,80,70,32,8,177,224,72,96,18,71,197,32,4,189,32,32,138,0,28,29,56,12
2,143,0,136,20,129,138,230,6,4,88,135,40,230,34,64,76,43,131,196,66,8,0,253,40,6,142,192,21,12,52,200
2,201,32,136,148,129,142,165,4,65,80,131,32,12,50,64,72,2,19,197,210,8,4,189,40,0,142,192,20,28,144,72
39,5,99,139,84,179,162,96,68,65,123,71,96,200,190,224,120,40,19,165,151,178,36,157,2,44,130,192,93,14,120,196
130,216,18,152,23,132,184,231,158,0,80,2,44,154,32,64,230,59,19,193,66,158,18,253,33,36,154,138,20,0,33,139
2,148,0,136,19,225,152,66,6,7,72,179,12,174,32,64,79,27,131,145,18,12,16,215,9,6,154,195,148,76,53,82
40,129,120,201,214,129,232,117,69,1,116,2,25,11,180,80,106,138,23,152,154,186,96,213,110,141,162,192,247,136,224,160
2,217,18,154,125,133,178,199,142,25,88,2,172,154,96,64,228,59,187,81,82,9,18,245,13,20,26,234,16,10,161,139
2,149,16,136,151,229,16,2,14,9,72,2,12,50,32,64,197,19,147,17,18,8,16,213,9,4,10,67,144,72,37,3
50,133,66,136,84,128,236,103,45,1,250,2,40,10,36,80,106,163,23,128,82,187,0,221,52,44,138,192,85,0,225,136
18,133,114,201,86,160,248,103,109,1,122,130,40,14,52,64,110,163,23,129,210,184,0,221,54,60,138,192,117,128,225,137
11,132,106,217,22,178,169,115,124,67,86,146,57,12,182,104,103,11,19,141,183,188,37,215,70,47,186,192,183,140,241,229
3,2,7,129,70,144,168,64,172,81,82,199,140,142,178,203,110,9,187,149,149,145,6,196,20,32,202,196,29,4,57,213
2,143,2,154,146,193,58,231,22,5,88,163,108,102,42,64,127,59,147,145,114,136,8,255,40,6,158,195,20,6,165,219
2,193,0,140,20,129,140,101,4,0,80,2,32,8,48,64,72,2,19,129,80,8,0,149,32,0,138,64,20,8,176,8
3,137,35,77,116,159,173,119,76,72,90,70,184,8,180,228,104,42,18,77,209,184,36,221,36,56,2,128,95,140,241,236
2,129,0,136,148,193,8,33,4,64,80,131,0,12,48,64,72,2,147,129,18,8,0,149,40,0,138,193,20,12,180,66
3,8,7,136,74,146,168,96,140,64,211,199,12,142,51,192,110,37,187,197,133,147,6,204,20,32,138,128,29,15,57,212
3,143,32,136,148,147,142,239,70,64,88,199,32,200,182,192,92,43,147,229,215,136,13,253,40,12,143,236,29,14,184,220
3,201,2,142,148,145,142,229,70,65,88,199,96,72,190,192,88,67,19,231,215,8,12,253,40,40,142,192,29,30,248,92
3,131,32,136,148,128,140,37,4,68,80,135,32,8,50,64,76,2,147,133,212,8,4,213,40,32,142,192,28,12,184,92
168,141,106,220,84,131,227,115,84,2,126,2,113,105,176,64,88,170,2,40,240,190,4,63,98,175,160,0,119,168,112,136
67,9,6,140,90,128,58,96,164,64,210,199,40,202,50,64,102,33,187,199,133,139,134,253,16,32,138,136,28,7,41,148
3,201,32,142,148,145,142,229,68,64,80,71,96,104,190,224,88,98,18,199,215,168,44,189,32,40,142,192,29,30,248,76
3,193,34,142,132,145,142,101,68,64,80,135,32,40,50,224,72,34,19,199,212,136,12,253,32,32,142,192,29,30,248,92
2,193,32,136,4,129,140,37,4,64,80,131,32,14,50,64,76,3,19,133,210,8,4,149,32,32,138,192,20,12,176,88
131,137,103,220,20,130,171,98,84,64,82,66,112,232,180,101,88,40,50,201,225,184,38,253,0,46,218,128,21,40,112,44
2,133,0,136,151,193,152,103,6,1,88,163,8,62,48,64,74,19,147,145,18,8,0,213,40,4,138,193,20,12,181,66
3,137,134,156,4,128,44,166,166,80,82,199,40,234,50,193,100,107,51,197,197,200,6,253,0,34,218,136,28,36,57,28
2,147,0,136,148,193,8,33,4,4,80,167,8,6,32,64,68,19,131,133,18,8,0,213,40,0,138,193,20,12,180,80
2,167,0,136,146,225,24,99,6,5,24,163,0,46,32,0,77,26,131,145,18,8,0,149,40,4,138,225,148,76,180,192
2,151,0,136,146,224,152,35,4,69,88,167,8,46,48,64,76,19,147,133,18,8,0,213,40,32,138,195,20,12,180,82
131,205,7,158,132,144,174,167,84,66,82,86,32,104,176,229,64,98,50,199,229,200,6,239,32,38,222,128,28,124,184,76
131,205,33,156,132,145,134,167,84,66,88,86,32,40,181,229,72,98,18,15,229,44,36,191,32,46,158,128,29,92,216,76
3,131,0,140,4,129,140,37,4,68,80,135,32,8,50,64,72,2,19,133,212,8,4,149,32,32,138,192,28,12,152,92
131,197,0,156,132,144,140,167,20,66,80,215,32,40,50,193,65,2,19,133,229,12,4,159,32,34,222,128,28,92,184,92
2,131,32,136,132,129,140,37,4,4,80,135,0,14,50,64,76,2,147,133,86,8,4,149,32,0,142,193,20,12,148,64
131,201,1,156,132,16,142,167,84,66,80,199,32,40,181,225,72,98,19,197,229,136,4,255,32,42,222,128,29,92,184,28
2,131,32,136,132,193,140,37,4,4,80,167,0,14,50,64,72,2,131,133,208,8,4,149,40,0,142,193,20,12,148,80
131,197,32,156,132,144,140,167,84,66,80,215,32,8,50,224,72,2,19,197,229,12,4,159,32,32,142,192,29,28,184,92
2,195,32,136,132,129,140,101,4,68,80,135,0,12,50,64,76,2,131,133,214,8,4,149,40,32,142,193,21,12,148,80
60,0,98,104,4,18,72,24,69,0,119,2,75,73,184,100,120,132,21,168,136,160,45,128,66,233,160,132,103,138,112,128
3,201,37,156,28,144,142,167,196,65,88,198,32,40,182,229,72,98,19,197,231,40,36,189,40,42,222,128,29,28,248,92
7,193,0,138,132,0,14,165,4,64,17,199,64,104,58,64,88,67,19,231,212,8,12,161,40,32,142,192,28,30,184,16
2,131,0,136,132,129,12,33,4,4,80,135,0,42,50,64,68,2,147,133,80,8,4,213,32,32,138,193,28,12,184,80
3,72,3,142,28,145,138,96,196,64,208,198,32,200,181,228,72,40,26,199,199,137,4,189,32,40,138,136,29,15,56,140
2,148,51,136,117,165,176,66,78,9,120,82,140,152,36,132,237,27,2,17,147,168,16,215,9,28,26,66,208,8,97,163
130,130,4,153,20,163,168,2,22,5,82,18,160,10,48,73,105,8,19,145,34,156,65,223,4,38,154,193,148,8,52,128
2,131,0,136,148,129,140,37,4,4,80,135,0,8,50,64,68,2,147,133,212,8,4,149,32,32,138,192,20,12,184,76
43,203,104,168,68,129,140,229,4,4,80,135,33,8,54,64,76,11,147,197,198,42,4,189,34,105,170,136,125,156,248,200
163,8,99,78,4,16,139,16,84,192,86,66,112,64,181,100,72,96,18,202,161,160,36,169,0,40,138,128,85,187,112,44
3,195,32,140,132,129,140,37,4,68,80,135,32,8,50,64,72,2,3,133,212,8,4,149,40,32,142,192,29,12,184,92
2,193,32,136,4,129,140,101,4,0,80,2,32,8,48,64,72,2,19,1,194,40,0,149,32,0,142,128,20,8,144,8
2,134,128,136,146,225,152,66,6,5,88,163,8,46,34,64,79,19,147,145,18,8,0,212,8,6,154,195,148,76,52,83
45,72,99,78,68,146,202,240,69,64,86,66,113,72,183,228,88,224,22,239,205,160,36,173,34,105,160,128,127,191,120,236
2,48,150,153,99,193,176,66,174,25,80,48,140,150,96,10,167,25,179,16,2,84,18,209,5,16,90,235,144,0,37,147
3,193,0,140,4,145,140,37,4,64,80,199,32,8,50,192,72,0,19,133,197,8,4,157,32,32,142,128,28,28,184,28
2,131,32,136,148,129,152,99,4,5,88,167,0,14,50,64,76,3,147,149,146,8,0,213,8,0,138,193,20,12,180,80
45,72,99,76,68,147,203,120,69,192,116,66,113,73,181,228,88,224,18,234,193,162,36,189,34,40,161,128,119,187,112,236
2,131,32,136,148,129,140,37,4,68,80,135,0,14,50,64,72,3,147,133,214,8,4,149,32,32,138,193,20,12,180,88
18,0,96,193,4,0,232,64,73,0,242,2,8,10,52,64,104,129,23,129,136,178,65,192,150,136,138,128,37,8,112,128
45,8,106,78,68,147,195,112,69,64,117,2,115,73,181,32,88,232,22,234,141,162,44,189,82,105,162,8,119,187,112,164
2,147,32,136,134,193,156,33,4,68,80,163,40,14,48,64,76,19,147,129,210,8,16,149,40,32,138,195,20,12,180,82
2,131,32,136,148,129,140,97,4,5,80,135,0,46,50,64,76,3,147,133,210,8,4,149,40,0,142,193,20,12,180,80
2,132,2,136,23,224,184,99,12,1,90,179,12,46,32,64,103,19,147,145,18,152,0,215,40,36,154,195,148,4,165,18
35,200,99,204,20,129,143,244,68,0,80,66,48,8,180,100,72,32,18,201,195,168,36,253,32,40,170,128,21,152,112,172
2,135,32,136,144,193,28,35,4,5,88,163,40,46,50,64,76,19,131,133,82,8,0,213,40,32,142,193,20,12,180,64
2,149,0,136,147,229,136,99,6,1,8,3,8,54,48,0,72,27,19,145,18,8,16,213,41,4,138,64,144,72,176,130
3,201,1,132,4,17,140,164,68,64,16,198,32,8,176,228,72,64,18,205,197,8,4,169,32,0,142,128,28,28,176,76
3,193,0,140,4,144,140,101,68,64,80,199,32,8,50,192,72,0,19,133,197,8,4,149,32,32,138,128,29,12,184,12
3,201,0,140,148,145,140,37,68,64,80,199,32,40,50,192,72,34,19,197,213,40,4,157,32,32,142,128,29,28,184,28
35,200,97,204,4,129,135,244,68,64,116,2,48,9,181,100,72,96,18,73,193,32,36,189,32,40,162,128,85,152,80,172
3,135,0,136,148,129,140,231,4,5,88,135,32,40,50,64,72,2,131,69,212,8,4,157,40,0,142,192,28,76,184,76
3,72,35,140,4,0,139,132,68,64,80,66,48,0,181,228,72,96,18,207,129,160,36,173,32,40,138,128,29,61,112,44
2,195,32,136,20,129,140,101,4,4,80,2,32,8,48,64,72,2,19,129,208,8,0,157,32,32,142,193,20,24,180,8
3,192,33,140,4,145,140,229,68,64,80,66,32,8,180,228,72,0,18,77,197,40,36,189,32,40,138,128,29,28,240,108
2,129,0,140,149,192,12,37,4,1,80,131,40,46,48,64,68,19,147,133,80,8,0,213,32,32,138,193,20,12,176,82
33,72,105,204,4,16,195,116,68,64,116,2,48,9,181,100,72,96,19,75,193,160,36,189,98,40,162,128,117,185,112,172
128,32,146,153,100,128,184,64,142,17,80,18,140,138,96,73,234,9,2,144,2,48,2,208,4,16,154,40,20,8,33,129
33,8,98,76,4,145,195,112,69,64,116,2,32,8,181,228,72,96,18,74,133,160,36,189,2,40,128,0,87,185,112,172
3,192,0,140,4,145,140,165,68,64,80,70,32,8,178,224,72,0,18,197,197,40,4,149,32,32,142,128,29,28,184,12
2,195,32,136,20,129,136,101,4,68,80,135,32,8,50,64,76,2,147,133,214,136,4,157,32,32,138,193,28,12,176,92
33,201,106,200,84,145,239,244,68,0,116,2,48,3,180,100,104,40,2,200,195,170,36,253,98,8,162,0,119,152,112,168
39,8,106,206,4,18,203,80,68,192,87,130,113,77,181,100,72,96,19,239,129,160,36,232,66,40,170,128,23,175,112,228
130,16,22,152,7,196,184,64,158,25,80,50,12,154,32,73,230,25,179,145,2,128,18,209,1,48,218,202,148,8,33,3
3,131,2,140,148,128,172,103,4,69,90,135,40,42,50,64,108,35,19,133,212,152,4,221,32,32,138,192,29,12,184,220
50,232,64,168,28,129,74,224,135,0,208,10,35,200,49,0,72,168,23,195,74,43,8,189,176,192,138,184,53,27,48,136
2,133,128,136,180,165,8,3,14,9,88,2,128,42,48,64,192,2,19,17,18,8,0,148,8,52,138,192,148,72,176,0
3,72,99,204,4,145,139,244,68,64,84,2,32,8,183,100,72,96,18,203,193,160,36,253,32,40,138,128,23,153,112,172
34,200,99,204,68,129,143,244,68,64,84,194,48,13,181,100,78,113,19,203,193,170,36,253,32,40,170,128,23,152,112,248
58,8,98,172,68,129,202,80,69,192,240,11,35,201,53,0,88,168,23,103,200,163,4,188,16,201,168,168,119,191,114,200
2,144,22,153,19,228,56,66,62,17,66,146,12,150,32,72,231,59,147,145,18,156,19,213,13,36,154,195,148,4,37,147
53,0,98,78,84,18,226,64,65,192,241,10,66,200,181,48,120,168,6,35,140,179,36,200,18,40,130,40,85,174,114,132
2,32,240,192,102,128,248,80,11,16,116,138,12,143,244,18,46,153,23,152,130,18,130,192,22,24,138,170,55,132,99,129
3,129,0,140,20,145,140,37,68,0,80,71,32,8,50,64,72,34,19,133,215,40,4,157,32,32,138,192,29,12,184,12
2,181,16,136,178,225,144,66,14,1,24,162,12,22,32,64,230,19,130,16,18,8,0,213,8,4,10,195,148,72,37,3
2,131,32,136,148,129,12,167,4,5,88,163,32,38,50,64,72,2,131,133,80,8,4,149,40,32,142,193,20,12,180,72
128,32,128,153,36,137,40,0,30,19,80,16,140,130,96,72,195,9,19,16,34,84,66,210,4,22,26,96,148,8,17,128
2,149,32,136,147,225,148,103,6,77,88,163,44,62,32,64,205,27,147,129,18,8,0,213,41,4,154,195,21,12,181,211
36,8,106,76,4,2,203,16,68,128,118,2,113,65,181,96,72,96,18,234,129,160,36,40,66,41,162,128,53,171,112,40
2,148,0,136,147,165,24,34,6,1,72,131,8,54,32,64,205,19,147,149,18,8,16,213,9,4,138,66,144,76,53,82
130,16,144,152,46,4,184,64,158,26,80,50,140,158,96,75,231,25,51,129,34,68,130,192,0,18,90,170,20,8,33,131
2,131,32,140,132,129,140,37,4,68,80,135,32,14,50,64,68,3,147,133,212,8,0,149,40,32,142,193,28,12,180,80
2,131,32,136,148,129,140,37,4,68,80,135,0,14,50,64,76,3,147,133,210,8,4,213,32,32,138,192,28,12,180,80
3,193,0,140,132,128,140,165,68,64,80,199,32,8,50,64,64,2,19,133,212,8,4,149,32,32,142,192,28,28,184,92
2,129,0,136,151,193,156,103,4,1,88,162,12,30,32,64,74,19,147,145,82,8,0,213,41,0,142,195,21,12,181,146
2,200,1,140,20,129,9,164,6,1,80,66,32,138,48,192,72,40,19,193,67,8,0,189,32,36,138,128,20,8,48,40
2,129,18,136,18,129,184,97,12,0,112,2,44,10,32,64,110,3,2,128,82,168,0,213,32,32,138,192,85,0,161,136
2,20,144,152,147,97,144,66,22,3,24,179,12,62,32,72,207,19,147,129,32,4,16,210,1,6,154,131,149,68,37,147
3,193,0,140,148,145,140,165,68,64,80,199,32,40,50,192,64,2,19,197,213,8,4,157,40,32,142,192,28,28,184,92
2,143,16,136,147,193,148,231,4,5,88,163,40,46,32,64,74,51,131,129,82,8,0,157,41,4,142,195,20,12,181,75
128,132,2,140,20,131,40,34,20,1,90,18,32,2,32,64,72,34,2,160,48,152,1,159,0,36,138,64,20,8,48,8
34,211,96,200,150,145,156,101,4,0,80,167,8,12,180,96,78,19,147,133,208,8,36,213,34,40,138,194,21,28,180,213
2,135,32,128,148,192,140,167,0,4,24,163,0,46,50,64,76,3,131,213,80,8,0,149,40,0,142,193,20,92,148,72
2,131,34,140,148,131,172,103,4,5,90,131,32,140,50,64,104,42,147,133,86,136,4,157,32,36,138,193,21,12,180,76
2,149,32,136,183,225,152,67,6,77,88,167,12,62,50,64,207,19,147,149,151,8,4,212,8,4,138,195,157,76,189,87
2,135,34,136,148,129,172,103,4,69,88,135,40,142,50,64,106,11,147,133,210,152,4,221,32,36,142,193,20,12,185,204
35,201,98,200,84,145,174,245,68,64,80,66,32,8,180,228,104,42,2,201,215,168,4,253,34,40,130,192,95,156,248,140
2,193,8,140,4,129,4,37,4,0,80,2,32,0,48,64,64,2,19,129,80,8,0,149,40,32,138,192,20,8,176,8
35,200,97,204,68,145,143,228,68,64,80,66,32,8,180,228,72,40,18,201,199,40,36,189,32,8,142,128,85,28,112,172
2,149,50,153,151,228,184,99,60,9,90,50,44,190,32,64,231,59,147,145,18,152,16,215,13,54,26,194,144,0,165,3
35,201,97,202,84,145,142,228,68,0,80,66,40,136,180,228,104,42,19,203,195,40,36,253,34,8,138,192,23,154,112,172
2,193,32,140,20,129,140,101,4,0,80,2,32,8,48,64,72,0,19,1,192,40,4,149,32,32,138,192,20,12,176,8
2,149,18,136,147,224,184,99,4,1,74,162,12,62,32,64,110,19,147,144,18,136,16,213,9,36,138,195,148,0,165,19
0,141,2,156,148,131,12,47,20,2,88,2,96,40,48,65,81,38,19,161,112,136,1,159,32,38,222,0,20,104,176,8
131,135,2,156,148,128,172,39,20,5,82,23,40,10,34,65,96,34,3,132,118,136,0,223,32,32,138,192,28,8,184,8
2,193,32,136,20,129,140,37,4,64,80,131,32,14,50,64,76,1,19,133,210,8,0,213,32,32,138,192,20,12,176,72
34,201,97,138,84,129,143,245,68,0,80,2,48,9,176,68,72,42,19,201,194,42,0,189,96,8,170,128,21,26,240,168
130,0,2,145,80,130,232,66,61,1,114,18,140,130,32,72,110,173,31,144,50,156,0,196,132,54,154,192,128,0,33,128
35,73,99,206,84,145,143,240,68,64,84,198,48,204,183,164,76,40,19,239,193,170,44,189,34,8,136,168,87,159,112,252
130,149,16,136,147,225,144,71,22,1,72,50,12,62,32,64,201,19,131,145,50,8,16,215,41,6,158,67,144,72,164,146
130,133,38,152,148,128,188,103,28,17,80,151,44,10,50,65,102,35,19,133,242,136,4,223,32,34,218,192,28,12,185,8
130,32,146,153,112,128,184,64,62,25,80,146,140,134,112,72,231,25,19,145,2,148,2,209,4,20,154,200,144,0,33,129
48,0,98,237,68,2,224,80,65,0,242,2,3,9,52,0,104,136,6,160,136,178,0,140,18,233,130,0,103,136,114,128
37,65,106,78,84,19,239,112,69,64,117,6,81,200,190,36,120,168,18,238,197,178,36,140,114,40,160,128,127,190,120,228
2,131,32,136,148,129,140,37,4,68,80,135,8,14,50,64,76,3,147,133,208,8,4,213,32,0,142,192,20,28,180,80
3,201,38,153,20,128,168,165,140,81,82,135,168,142,50,64,104,43,51,197,214,152,7,245,36,48,154,192,20,12,177,92
2,145,6,156,130,128,188,39,156,81,88,167,44,46,34,65,102,51,179,133,82,136,6,221,32,34,218,192,20,4,161,89
162,147,32,152,255,209,156,103,22,85,80,183,44,174,182,64,206,27,147,133,214,10,38,215,56,4,154,235,21,12,189,223
2,206,32,154,148,193,142,231,22,7,88,147,96,110,50,64,89,99,147,165,114,8,12,255,40,38,158,193,20,12,180,72
2,195,32,136,148,129,140,37,4,68,80,135,32,12,50,64,76,3,147,133,212,8,4,149,40,0,142,193,29,28,176,88
18,211,66,168,210,193,60,229,45,4,208,167,45,14,48,80,110,155,151,193,90,154,0,213,176,224,138,201,53,4,165,216
3,216,50,218,119,149,186,230,92,25,84,2,44,216,180,100,239,11,18,201,230,168,42,255,43,30,26,194,83,137,49,173
63,0,99,192,20,19,203,80,197,64,215,74,27,136,181,244,120,132,31,235,137,163,36,204,210,40,138,148,103,175,112,100
7,5,115,73,244,178,171,114,76,73,127,66,72,104,180,228,122,34,18,185,145,184,36,204,14,62,130,192,215,206,97,165
66,32,18,168,108,141,120,80,175,9,48,8,172,202,113,88,198,57,31,17,2,3,130,209,149,212,10,170,16,2,35,129
56,72,106,238,68,131,194,112,69,0,116,2,51,9,181,64,72,160,23,106,200,162,0,189,114,201,160,0,119,187,112,136
97,32,102,204,76,147,232,88,197,128,247,2,72,201,252,102,120,44,122,234,132,163,167,208,22,40,131,12,87,170,112,132
7,12,162,153,52,178,186,66,124,67,91,215,140,200,183,232,243,41,18,149,151,188,5,206,12,62,154,192,157,15,57,84
46,156,96,218,87,195,154,232,23,4,117,163,104,221,45,4,95,185,147,208,42,38,26,255,91,78,139,235,119,143,116,154
63,0,67,168,70,18,74,112,5,192,243,199,75,79,191,240,126,164,21,238,141,179,5,140,146,233,161,132,127,175,120,84
2,131,32,136,144,129,140,165,4,69,80,167,32,12,50,64,76,3,147,133,210,8,4,221,40,32,142,193,20,12,180,88
6,203,4,154,156,129,14,165,134,21,89,167,96,238,58,64,85,91,163,215,82,8,10,245,40,36,142,193,148,14,180,80
35,200,103,158,28,145,138,228,198,64,80,70,96,200,183,164,72,104,18,79,199,168,46,189,34,8,138,136,95,159,120,204
2,135,34,153,180,179,188,103,28,13,90,231,172,42,50,64,238,43,147,133,246,152,4,223,44,22,154,195,28,12,185,221
2,106,162,148,70,192,184,64,168,132,82,163,172,142,115,75,110,249,147,195,0,211,130,224,20,32,202,139,5,53,53,217
171,2,106,73,68,19,225,88,85,196,116,135,0,136,183,44,88,136,19,45,132,182,100,128,86,9,176,133,119,172,116,228
3,197,32,142,132,128,142,37,4,70,89,135,96,12,50,64,64,2,19,135,212,8,12,151,32,32,142,192,28,30,176,92
64,32,166,213,28,130,168,72,214,128,83,2,104,200,125,72,120,44,51,145,130,240,143,221,8,46,139,76,5,46,48,0
82,88,18,140,75,196,190,97,169,136,240,2,44,150,33,82,238,177,159,226,64,131,16,200,177,48,10,139,16,50,39,139
2,193,32,140,132,129,140,37,4,64,80,131,32,12,48,64,64,2,19,133,208,8,4,149,32,32,142,192,20,12,176,80
3,201,2,140,4,145,140,165,68,64,80,70,32,8,182,224,72,34,18,197,197,168,4,189,32,40,138,128,29,28,184,12
2,193,0,136,4,129,132,37,4,0,80,66,32,2,48,64,72,0,19,129,65,8,0,157,32,32,142,128,28,24,184,8
4,140,134,158,148,130,42,160,22,131,91,2,64,234,41,64,81,102,34,146,48,216,11,239,40,38,207,68,132,42,48,0
130,152,150,153,99,197,184,67,190,25,64,48,172,222,96,73,167,57,147,16,18,76,18,209,13,18,90,75,144,0,37,155
18,138,0,138,26,160,26,194,134,5,216,163,40,198,35,64,78,187,143,213,10,11,2,255,144,36,138,235,20,7,37,219
3,148,55,216,243,181,184,67,126,89,84,112,172,190,166,236,199,27,146,17,183,216,50,215,13,30,26,194,144,4,169,191
2,135,0,140,148,128,140,39,4,4,88,135,32,46,50,64,68,34,147,133,80,8,0,221,32,32,138,193,20,12,180,72
134,140,132,154,148,227,14,234,22,147,88,18,96,98,57,65,89,107,19,147,34,76,10,255,40,6,223,197,148,121,52,0
33,72,99,77,68,146,239,116,196,64,242,66,48,0,181,100,108,224,18,234,193,179,36,236,52,40,162,128,119,187,112,172
3,201,99,141,52,147,175,245,76,64,82,199,160,8,182,100,110,32,19,237,197,184,37,253,36,56,142,128,29,156,241,220
3,193,0,140,4,145,140,101,68,64,80,199,32,8,50,192,72,3,19,133,213,8,4,213,32,32,138,192,29,28,184,12
35,133,99,204,20,18,143,111,84,64,90,70,96,104,180,228,88,32,18,173,229,184,36,159,32,46,142,128,95,172,248,108
252,64,82,172,52,130,90,80,53,128,211,10,111,202,49,88,250,169,21,227,40,135,0,142,146,253,162,152,53,171,112,1
3,144,18,152,127,133,184,71,158,89,80,119,172,154,34,72,229,59,179,21,150,9,18,213,13,20,26,234,152,12,169,159
2,16,22,141,90,131,184,72,172,0,218,162,44,214,33,64,110,49,155,160,2,133,2,221,20,32,138,130,21,2,33,145
3,159,2,140,150,146,190,239,4,65,90,231,104,110,50,192,126,19,147,229,215,136,4,253,40,36,138,199,29,12,185,20
3,72,99,206,4,16,139,64,68,64,80,66,48,72,181,100,72,96,19,207,197,160,36,189,0,40,138,128,21,191,112,108
131,205,32,158,132,144,142,231,20,66,88,199,32,44,178,225,72,99,19,199,229,8,12,255,32,38,158,128,29,92,184,92
44,8,106,78,68,2,195,16,68,128,119,2,83,65,177,96,88,228,23,234,136,176,44,8,66,41,161,4,101,171,112,160
61,72,106,238,100,18,74,112,69,192,215,2,123,73,179,96,88,232,23,235,140,178,100,172,210,233,162,128,55,191,112,64
2,2,102,137,102,163,184,66,12,85,82,135,44,142,55,72,110,41,147,149,130,156,5,192,4,16,154,192,149,12,53,217
56,4,114,233,117,167,248,114,69,9,126,2,43,9,52,48,248,136,23,41,138,186,1,221,211,253,48,194,119,136,112,139
2,141,2,140,20,131,138,234,22,1,90,2,96,232,56,64,89,106,51,177,50,152,8,191,40,38,143,196,148,8,48,8
131,4,50,217,116,189,184,67,30,73,94,146,172,142,182,108,239,59,147,145,183,188,32,215,14,28,26,194,214,12,169,245
3,193,0,140,20,145,140,101,68,64,80,199,32,8,178,224,72,2,19,133,199,40,4,157,32,32,138,128,29,12,184,28
3,4,98,217,116,185,168,3,124,65,126,18,172,138,180,96,238,43,19,153,150,184,36,223,6,28,154,192,212,8,65,140
3,201,1,140,20,145,142,101,68,64,80,71,32,8,180,224,72,34,18,69,199,168,4,189,32,40,142,192,29,28,184,12
118,32,66,132,4,2,200,64,161,128,211,10,75,138,57,64,120,140,95,163,8,131,128,200,144,224,138,152,37,42,114,0
2,176,146,154,19,229,176,66,30,93,65,51,44,158,96,72,231,59,179,145,18,204,18,213,9,22,26,235,144,4,37,211
56,68,106,78,84,131,203,120,85,0,125,2,115,201,180,32,88,168,23,232,200,178,100,159,118,141,160,136,119,138,112,168
35,203,98,138,92,145,170,228,132,68,208,199,40,204,182,64,108,171,147,197,198,11,14,253,50,40,138,200,29,142,120,220
18,145,114,168,211,193,184,103,13,65,88,163,44,159,38,64,238,187,147,145,86,154,20,213,59,4,154,203,55,4,165,219
37,72,99,76,68,130,235,112,68,192,118,194,113,69,181,100,124,224,18,234,193,178,52,236,33,40,162,0,103,187,112,236
36,8,106,204,68,2,195,80,68,128,86,2,113,65,181,96,88,96,18,234,128,160,36,40,64,41,163,128,117,171,112,160
2,134,34,152,19,225,152,99,22,69,88,179,44,174,34,64,111,59,147,145,50,136,4,223,40,38,154,195,149,12,181,219
3,195,0,136,148,128,140,37,4,68,80,135,32,8,50,64,72,2,19,133,214,8,4,157,32,32,142,192,28,12,184,92
2,149,18,157,245,172,56,103,61,9,90,0,172,170,36,64,166,43,23,1,18,152,0,223,47,60,26,194,0,0,161,137
2,32,148,152,104,141,184,0,142,25,16,0,140,154,96,75,134,1,123,16,2,65,130,208,4,16,90,170,16,0,1,129
35,201,98,140,4,145,174,229,68,64,82,199,32,8,183,164,104,98,18,205,197,168,4,253,34,40,142,128,93,28,248,220
2,131,34,136,146,192,188,103,132,5,216,163,40,142,50,64,110,59,147,133,82,139,2,221,56,36,154,201,21,4,181,216
35,201,97,200,84,145,135,244,68,0,112,66,32,8,180,228,72,40,18,75,195,40,36,189,32,8,134,128,87,152,112,172
35,205,99,222,20,145,142,230,84,64,88,66,32,200,180,228,72,106,18,207,199,170,36,255,34,44,158,136,93,30,248,140
2,149,18,140,147,192,184,103,172,1,74,34,44,190,32,64,230,59,155,128,82,137,18,221,57,36,154,75,17,0,165,154
2,135,2,136,146,193,188,103,4,5,88,163,40,46,32,64,110,19,147,129,82,136,0,221,40,32,138,195,20,4,181,24
35,73,99,140,84,145,142,228,68,64,80,198,32,8,183,164,72,96,18,207,197,168,36,189,32,8,142,128,93,28,120,220
2,135,32,136,150,129,156,103,4,69,88,167,40,46,50,64,78,59,147,133,214,8,4,221,40,4,142,195,21,76,181,217
2,149,18,152,147,224,56,103,60,1,74,50,44,54,32,64,231,27,147,144,50,136,16,223,41,38,154,195,20,0,165,26
3,195,0,140,148,145,140,37,4,69,80,135,32,40,50,64,72,34,19,197,214,136,4,221,32,32,142,192,29,12,184,28
3,195,0,140,4,129,140,165,4,64,80,199,32,8,50,192,72,2,19,197,196,8,4,157,32,32,142,128,28,28,184,28
3,207,34,156,148,129,140,103,20,68,88,135,32,168,50,64,72,42,19,133,246,136,4,255,32,38,158,128,29,28,184,76
2,151,2,136,146,225,184,103,4,5,88,163,44,14,32,64,111,27,147,145,18,136,0,213,32,4,154,195,148,68,165,19
3,193,0,140,4,145,140,165,68,64,80,199,32,8,178,192,72,32,19,197,197,40,4,157,32,32,142,128,29,28,184,28
40,72,106,76,68,147,239,120,69,128,116,2,113,73,181,100,120,168,22,234,200,178,36,221,114,169,160,136,119,187,112,168
3,201,34,136,20,145,142,229,4,65,80,199,32,8,50,64,72,35,19,197,214,8,4,253,32,32,138,192,29,12,184,92
3,201,0,136,20,145,142,231,68,64,88,199,32,8,50,192,72,43,19,197,199,40,4,253,32,32,142,192,29,28,184,156
2,0,50,128,100,136,184,64,168,8,80,2,140,138,112,74,238,41,23,17,128,49,130,192,4,16,138,234,4,12,113,129
3,193,34,140,148,145,140,37,4,65,80,199,32,8,50,64,72,34,19,69,215,136,4,157,32,32,138,192,29,12,184,92
2,149,18,136,151,193,184,103,14,1,72,34,12,158,32,64,230,27,147,145,18,136,18,213,41,36,138,67,149,12,165,18
61,8,98,108,84,147,194,112,69,192,245,2,83,200,181,52,120,168,22,106,141,179,36,140,82,233,161,128,119,175,112,228
3,193,0,136,4,128,140,37,4,64,80,135,32,8,50,64,72,2,19,133,214,8,4,149,32,32,138,192,29,12,184,92
2,151,50,136,178,225,184,99,44,5,90,183,172,46,34,64,231,27,131,145,18,152,0,215,8,54,154,195,148,4,165,211
3,193,0,140,20,145,132,165,68,64,80,199,32,8,48,224,72,34,19,69,199,168,4,157,32,32,142,128,29,12,152,12
57,72,106,76,84,147,203,240,69,64,116,3,115,201,183,36,88,232,23,239,204,162,36,189,114,105,160,136,119,191,112,204
130,146,18,153,51,193,184,66,30,93,80,183,12,158,34,72,231,25,147,149,34,156,2,215,5,4,154,195,148,4,37,211
2,151,2,137,146,224,184,99,44,69,90,179,172,174,32,64,103,59,147,145,50,152,0,215,44,38,154,195,148,68,165,211
2,131,32,136,132,193,140,37,4,68,80,135,32,44,50,64,72,3,147,133,212,8,4,149,40,32,142,193,20,12,180,80
1,201,1,140,4,145,142,164,68,64,80,66,32,8,181,224,72,96,18,69,197,168,4,189,32,40,142,0,29,28,56,12
57,0,98,236,68,131,226,80,69,64,245,2,43,201,53,32,120,168,23,235,140,178,4,200,18,104,130,8,119,175,112,132
3,200,32,140,4,145,140,228,4,64,80,199,32,12,178,224,72,32,19,197,197,8,4,189,32,32,138,128,29,28,184,92
48,201,66,170,92,129,194,228,135,0,240,10,35,200,49,64,72,232,23,67,74,43,10,189,176,193,138,56,117,27,114,136
32,201,106,204,84,129,207,244,68,0,116,130,49,141,180,96,72,234,23,203,202,42,32,253,114,9,162,136,117,152,112,136
35,201,98,204,68,145,142,101,68,64,116,2,32,8,180,36,72,168,19,201,196,170,36,253,34,8,138,136,87,152,240,172
2,133,2,140,148,128,188,103,4,65,90,131,40,46,48,64,110,51,147,133,80,152,0,221,40,32,138,192,21,12,176,88
35,201,99,204,86,145,172,229,68,64,80,66,40,40,180,228,106,43,19,201,195,170,36,253,32,40,142,128,87,156,241,172
3,201,0,142,148,145,142,167,68,1,88,199,32,40,50,192,64,66,19,199,214,8,12,189,40,32,142,192,29,30,184,28
2,149,16,136,147,229,24,99,12,1,72,2,12,54,32,64,102,19,147,145,18,8,16,213,9,0,138,66,144,8,161,18
3,143,2,140,148,131,140,103,4,4,90,135,32,40,50,64,72,35,19,133,212,184,4,221,32,36,138,128,29,12,184,200
2,193,2,140,20,129,140,101,4,0,80,2,32,10,32,64,72,42,19,192,82,136,0,157,32,32,138,192,20,8,176,136
3,141,0,136,20,131,142,231,6,4,88,135,32,232,50,64,72,42,19,197,198,40,12,189,40,4,142,192,29,14,56,152
3,192,0,140,4,129,12,229,68,64,80,199,32,8,50,192,72,0,2,197,199,8,4,181,32,32,142,128,28,28,184,28
2,143,0,142,20,131,138,98,6,4,88,135,32,200,50,64,76,43,147,197,2,136,0,253,32,4,138,128,21,14,56,200
34,14,34,154,84,163,138,66,6,4,89,135,32,204,54,64,76,43,147,199,130,186,4,253,0,44,138,128,21,15,116,200
130,216,18,152,23,132,184,103,30,1,64,2,44,154,32,64,238,59,147,129,66,140,18,255,33,36,154,74,21,0,33,138
33,129,115,200,214,179,233,91,69,1,124,2,8,8,188,36,122,136,2,184,147,186,37,220,54,12,130,68,247,136,240,164
2,148,0,136,19,225,152,66,6,71,72,179,12,174,32,64,79,27,147,145,18,8,0,215,9,4,154,195,148,76,37,82
2,249,50,138,127,197,178,197,142,73,80,2,172,154,96,64,230,59,155,81,210,11,26,245,153,20,10,234,16,14,165,139
2,149,16,136,151,229,16,67,6,1,72,2,12,54,32,64,193,19,147,17,18,8,16,213,9,4,138,67,144,72,181,18
2,157,18,154,19,193,186,231,62,5,74,163,44,246,40,64,231,59,131,144,50,136,10,255,41,6,26,195,20,6,165,155
50,133,66,140,84,131,232,103,45,1,250,2,42,10,52,80,106,171,6,161,88,187,0,221,176,172,138,192,85,8,225,136
11,132,114,249,118,178,248,51,93,65,94,146,61,46,182,100,103,27,151,141,150,184,37,223,70,111,186,192,55,196,161,253
2,193,0,136,20,129,12,229,4,0,64,2,32,10,32,64,72,2,19,128,82,8,16,149,32,32,142,64,20,8,176,8
2,129,0,136,148,193,8,33,4,4,80,163,0,44,48,64,72,18,147,129,82,8,0,149,40,0,138,193,20,12,180,66
131,0,7,153,70,146,168,64,172,64,83,199,12,142,176,233,110,41,179,133,149,153,38,196,20,32,202,192,29,4,57,212
33,201,123,77,84,159,237,117,76,72,118,66,48,1,180,100,104,42,18,72,193,184,52,125,101,56,2,0,83,136,241,173
3,143,32,136,148,147,142,239,6,64,88,199,40,232,50,64,92,11,147,229,214,10,4,255,40,4,143,236,29,14,184,220
2,143,34,138,150,128,14,167,4,5,88,167,104,46,50,64,110,3,147,197,210,136,12,253,40,36,142,193,20,14,181,88
168,140,106,252,84,131,226,115,84,2,126,2,113,105,176,64,88,162,6,40,248,190,0,159,98,239,160,0,119,136,112,136
3,201,34,142,148,145,142,229,68,65,89,135,96,40,50,64,72,34,19,199,212,136,12,253,32,32,142,192,29,30,184,92
3,72,99,204,4,16,139,240,68,64,80,66,48,8,181,100,72,96,18,203,193,160,36,185,32,40,138,128,87,185,112,108
2,193,32,136,4,129,140,101,4,64,80,131,32,12,50,96,72,2,19,133,194,8,4,157,32,0,138,128,21,28,176,92
131,136,103,220,20,130,169,98,84,64,82,66,112,232,180,101,72,40,50,137,225,188,38,255,0,46,250,128,21,40,112,172
3,9,7,156,12,144,168,96,132,64,82,199,40,142,48,225,100,45,51,197,133,154,6,253,0,32,202,136,28,36,57,28
2,135,32,136,150,193,152,103,4,5,88,131,32,46,50,64,72,19,147,133,82,8,0,213,40,0,138,193,20,12,180,74
2,147,0,136,148,129,8,33,4,68,80,167,8,38,48,64,68,19,131,133,80,8,0,213,40,0,138,193,20,12,180,80
2,131,32,136,148,129,140,37,4,68,80,135,32,14,50,64,76,3,147,133,210,8,4,213,32,32,138,193,20,12,180,88
2,135,0,136,146,161,28,103,6,5,24,167,0,6,34,64,70,3,131,149,82,8,0,149,40,0,138,225,20,12,180,64
131,205,135,158,148,144,174,167,84,66,82,86,32,104,176,229,64,98,50,207,229,232,38,239,32,38,222,128,28,124,184,76
2,20,16,152,21,165,144,66,30,9,88,18,12,156,96,8,205,27,147,145,2,36,16,214,9,20,154,98,144,76,53,146
131,197,2,156,132,144,140,167,20,66,80,215,32,40,178,193,72,34,19,197,229,136,4,223,32,34,218,128,29,92,184,28
131,205,97,156,132,145,134,167,84,66,88,86,32,40,181,228,72,98,18,79,229,44,36,191,32,46,158,128,29,92,216,108
2,133,32,136,149,225,152,35,4,69,88,163,0,14,50,64,72,19,147,149,82,8,16,213,8,32,138,195,20,12,180,82
3,129,32,140,4,145,140,37,68,68,80,199,32,8,50,64,72,2,19,133,212,8,4,157,32,32,138,128,29,12,152,92
2,131,32,136,148,129,12,37,4,4,80,131,0,14,50,64,76,3,147,133,82,8,4,149,40,32,142,193,20,12,180,72
131,201,5,156,132,144,140,167,84,66,80,199,32,40,183,225,72,98,19,197,229,136,6,253,32,42,222,128,29,92,184,28
131,197,32,156,132,144,140,167,84,66,80,215,32,8,50,224,72,2,19,197,229,44,4,159,32,32,142,192,29,28,184,92
7,72,33,202,4,0,143,140,68,64,80,66,112,64,189,100,88,64,18,111,129,32,44,185,32,40,134,128,21,155,112,108
3,201,37,156,28,144,142,165,196,64,80,198,32,40,182,225,72,98,51,197,231,40,6,189,40,42,222,128,29,28,248,92
7,195,0,138,132,0,142,173,4,64,25,199,64,104,58,64,88,66,19,231,212,8,12,181,40,32,143,192,28,62,184,20
3,72,35,140,4,17,142,164,68,64,80,66,32,8,181,228,72,96,18,205,197,160,36,169,32,40,138,128,29,28,112,108
3,72,3,142,28,145,138,64,196,64,208,199,32,200,177,224,72,40,26,199,199,137,4,189,32,32,138,136,29,31,56,140
3,148,51,152,53,173,176,66,94,9,88,82,140,152,52,224,205,11,2,17,183,172,16,215,13,28,26,202,216,8,121,167
130,2,0,153,20,163,168,66,22,37,82,151,160,8,50,72,89,8,131,145,34,188,65,151,4,6,154,193,148,12,52,192
42,195,104,140,68,129,140,245,4,4,80,135,33,9,54,64,76,3,147,197,198,42,4,253,98,41,174,129,117,156,244,200
3,195,0,140,4,145,140,37,4,64,80,199,32,8,50,64,72,2,19,133,212,8,4,221,32,32,138,192,28,12,184,92
3,131,32,140,132,129,140,101,4,4,80,135,32,8,50,64,76,2,3,133,212,8,4,213,40,32,142,192,29,12,184,92
2,193,32,136,4,129,140,101,4,0,80,2,32,8,48,64,72,2,19,1,194,40,0,149,32,32,142,128,20,24,144,8
2,20,128,136,147,225,152,66,6,7,72,179,12,62,32,64,79,19,147,145,18,8,0,215,9,6,154,195,148,76,37,210
43,72,98,78,4,144,206,244,69,64,84,198,48,72,183,228,72,96,18,207,197,168,36,189,34,40,162,128,127,191,120,204
2,48,146,145,99,205,176,64,174,25,80,48,140,150,96,74,167,25,179,16,2,20,146,209,5,16,90,235,144,0,33,131
131,200,35,140,4,144,142,228,68,64,80,198,32,12,181,228,72,96,18,205,229,168,36,189,32,40,138,128,29,28,120,44
3,195,32,140,4,129,140,101,4,68,80,135,32,8,50,64,76,2,19,133,214,8,4,149,32,32,138,192,29,12,184,92
37,72,107,78,68,147,207,240,69,64,116,66,112,72,183,228,88,224,18,234,193,162,44,189,34,40,161,128,119,191,112,236
3,131,32,136,132,129,140,37,4,68,80,135,32,12,50,64,72,2,19,133,214,40,4,149,32,32,142,193,21,12,184,76
2,20,0,136,151,225,152,66,6,7,88,163,8,190,32,64,79,27,147,145,18,8,0,213,8,4,154,227,148,76,53,210
37,72,106,78,68,147,195,240,69,64,116,2,113,72,183,32,88,232,18,235,197,162,44,189,114,41,160,8,119,187,112,236
2,151,32,136,146,161,152,103,4,69,88,167,44,46,50,64,110,19,147,133,150,136,4,213,32,32,138,195,21,12,189,81
2,135,34,136,150,160,184,99,12,5,90,163,44,46,50,64,110,19,147,133,18,136,0,213,40,36,138,195,21,4,165,208
3,195,32,136,148,129,140,37,4,69,80,135,32,8,50,64,76,3,147,133,212,8,4,149,40,0,142,193,21,12,184,76
2,193,0,140,22,129,156,37,4,68,80,131,32,14,48,64,76,19,147,133,80,8,16,157,32,32,138,192,20,12,180,88
2,131,32,136,146,129,140,39,4,4,88,167,32,46,50,64,76,3,131,133,82,8,0,213,40,32,142,193,20,12,180,88
33,200,99,204,20,129,139,244,68,0,80,66,48,1,180,100,72,32,19,203,195,168,36,253,96,40,162,128,21,152,112,168
3,200,33,12,4,1,143,180,68,64,16,66,48,0,181,100,72,64,18,79,193,40,36,41,32,8,174,128,21,153,112,108
3,131,0,140,132,144,140,37,68,64,80,199,32,8,50,64,72,2,19,133,212,136,4,221,32,32,138,128,28,12,184,12
35,200,97,204,4,145,143,228,68,64,80,66,32,8,180,100,72,96,18,205,197,40,36,189,32,40,138,128,21,156,112,108
3,200,97,140,4,17,142,228,68,64,80,70,32,8,180,228,72,96,19,205,197,40,36,189,32,40,138,128,29,28,112,108
3,72,3,140,4,0,142,164,68,64,82,70,32,8,181,228,72,96,18,205,193,160,4,237,32,40,138,128,29,60,112,44
2,131,0,136,132,193,140,101,4,4,80,2,32,42,48,64,72,19,147,129,80,8,0,221,32,32,138,193,20,8,180,8
3,193,34,140,4,145,140,37,68,64,80,199,32,8,178,224,72,3,19,133,213,8,4,221,32,32,138,128,29,12,184,92
2,131,32,136,148,129,140,37,4,69,80,135,40,14,50,64,76,3,147,133,214,8,4,213,40,32,138,192,20,12,180,88
35,201,96,204,4,145,134,229,68,64,80,67,32,8,182,96,72,32,19,69,196,40,36,189,34,40,138,128,85,28,240,204
45,0,106,204,4,18,235,80,68,192,87,2,81,73,181,100,88,36,19,235,128,176,36,200,66,41,162,128,119,170,112,224
2,151,0,136,146,224,24,99,6,69,88,167,12,38,32,64,71,27,147,149,18,8,16,213,9,36,138,195,148,4,165,83
32,8,106,78,68,146,194,112,69,0,117,2,96,73,181,100,88,160,6,106,136,162,36,141,2,40,128,0,119,171,112,172
