2,23,0,128,144,225,24,2,4,5,24,163,0,46,32,64,77,19,131,149,18,8,0,148,8,4,138,195,148,76,20,80
0,193,0,140,4,129,4,37,4,0,80,66,32,0,48,64,64,2,2,129,81,8,0,157,32,32,142,0,28,8,184,8
3,192,0,140,4,16,12,165,68,64,80,71,32,8,50,224,64,0,18,5,197,32,4,157,32,32,138,128,28,28,152,12
2,129,32,140,132,128,140,37,4,64,80,131,32,44,50,64,64,2,19,133,208,8,0,149,32,32,138,192,20,12,176,72
2,130,0,142,20,193,10,32,4,5,81,163,32,12,32,64,68,16,131,0,82,8,8,189,0,32,138,193,20,14,52,88
41,8,106,78,4,16,195,80,68,0,118,2,48,8,181,100,72,96,18,74,129,160,36,169,66,41,162,0,119,187,112,44
2,131,0,136,148,129,8,34,4,5,24,131,0,6,50,64,68,2,147,149,18,8,0,149,8,0,138,193,20,12,20,64
10,145,32,200,147,133,157,53,4,0,68,131,28,31,48,68,78,19,147,141,208,8,20,213,107,32,142,192,55,140,177,112
130,48,144,144,3,133,16,64,30,11,0,18,12,150,96,8,197,25,147,144,34,68,16,210,1,6,154,162,144,8,33,3
1,129,98,200,148,144,172,35,108,1,94,2,40,34,180,100,98,3,2,136,208,152,36,213,42,40,138,64,22,128,225,36
0,207,0,132,132,64,6,167,4,2,24,2,32,32,32,64,73,66,19,2,80,8,0,191,40,0,142,65,20,88,180,8
3,131,32,140,148,128,140,37,4,4,80,135,32,40,50,64,72,3,19,133,212,8,4,221,32,32,142,192,28,12,184,76
2,20,18,152,54,161,184,66,60,3,90,50,12,154,32,72,231,11,19,144,50,156,0,215,12,22,26,194,148,0,33,129
0,192,1,140,4,128,12,37,4,0,80,66,32,8,32,192,64,0,2,0,65,8,0,149,32,32,138,0,20,24,184,40
2,78,34,157,20,163,170,102,20,5,90,135,32,40,51,64,92,34,19,133,164,156,5,191,0,38,154,129,21,12,48,72
1,5,115,200,246,178,169,115,76,1,127,66,72,40,180,228,126,34,2,168,145,184,36,204,46,60,2,66,215,138,225,165
2,139,6,152,154,128,188,167,132,21,88,167,40,174,50,64,110,19,187,197,82,9,2,245,32,38,222,193,20,12,180,88
0,32,0,128,68,0,168,64,140,16,16,2,140,138,96,2,106,9,2,128,2,32,2,208,20,16,138,40,20,8,33,128
18,80,18,140,75,196,188,101,140,0,240,34,44,150,33,80,238,185,147,224,64,131,16,201,177,32,138,11,17,16,39,155
0,0,2,129,68,0,168,64,140,0,16,2,136,10,96,66,106,129,10,128,0,1,0,192,20,0,138,32,21,8,49,128
2,131,32,136,148,129,140,33,4,4,80,135,32,8,50,64,72,2,131,5,210,8,0,149,40,32,138,193,20,12,148,64
3,149,50,136,179,181,184,99,14,73,76,66,140,190,50,228,231,27,147,149,151,8,48,215,41,20,154,194,148,68,169,85
3,148,146,152,50,165,56,66,62,77,88,181,140,134,98,64,167,11,147,149,54,12,2,215,12,22,26,234,152,68,41,209
150,24,50,206,39,148,186,64,221,138,211,34,44,218,53,104,254,41,31,195,136,167,48,202,145,252,138,138,21,43,33,7
131,205,33,206,132,145,134,231,68,64,88,66,96,72,180,228,72,2,18,75,199,40,44,191,32,40,142,128,85,26,208,44
3,200,33,140,4,17,142,164,68,64,80,66,32,8,177,228,72,96,18,71,197,32,36,189,32,32,138,128,29,28,56,12
3,0,34,137,118,163,168,66,94,69,80,151,172,136,50,72,122,41,19,149,166,188,5,223,20,54,154,128,157,12,57,220
3,20,35,217,244,249,185,67,142,73,92,242,172,156,180,228,239,59,147,21,147,184,32,215,14,28,154,194,214,204,181,245
4,173,0,128,148,161,14,167,6,1,24,2,0,40,32,64,64,66,2,80,18,8,0,180,40,0,142,64,148,25,144,0
2,131,0,136,132,129,12,37,4,68,80,135,0,14,50,64,68,3,147,133,84,8,4,149,40,32,142,192,20,12,180,88
35,205,99,78,84,145,134,228,68,0,120,66,96,200,180,228,88,106,18,74,195,170,44,191,34,44,134,136,87,158,240,172
2,135,2,156,144,192,172,103,20,5,88,163,40,166,48,64,110,59,147,133,82,136,2,221,32,38,158,129,21,4,181,216
2,135,2,156,146,192,60,103,20,5,88,163,40,166,32,64,76,59,147,129,114,136,0,223,32,36,158,129,20,68,180,216
2,151,2,156,146,192,28,231,22,5,88,163,40,166,32,64,70,59,147,129,114,136,0,223,32,36,158,129,20,76,165,90
2,131,34,136,148,129,140,231,4,5,88,135,40,46,50,64,76,35,147,133,214,136,4,221,40,32,142,193,21,12,180,204
2,131,32,136,148,129,140,165,4,5,80,135,32,8,50,64,72,2,3,133,214,8,0,221,40,32,138,192,20,12,184,72
2,131,0,136,16,128,8,35,4,5,88,135,40,14,50,64,100,3,147,133,82,8,0,213,40,32,138,192,20,4,180,80
2,48,144,144,3,165,176,66,30,27,0,16,12,146,96,8,165,25,162,16,2,68,18,210,9,22,26,42,144,72,1,3
41,72,106,76,68,147,199,244,69,64,116,2,49,73,183,36,72,232,19,203,196,170,36,189,98,41,162,128,119,157,112,236
3,193,0,140,20,129,140,37,4,0,80,135,32,8,50,64,72,34,19,133,198,40,4,157,32,32,138,192,28,12,184,28
0,129,0,140,20,129,4,37,4,0,80,2,32,32,48,64,64,34,2,129,80,136,0,157,32,32,138,64,20,8,176,8
33,201,97,78,4,145,135,229,68,64,112,66,96,72,188,228,88,32,18,235,195,32,44,189,34,8,134,0,87,158,240,172
3,137,32,140,148,129,4,165,68,64,80,3,32,40,50,96,64,34,19,197,212,8,4,157,40,32,142,192,20,12,176,92
56,0,98,72,68,147,192,88,85,128,116,2,3,201,181,44,88,168,6,56,136,182,37,152,2,205,161,0,119,169,112,132
0,193,0,140,132,129,4,165,4,0,80,2,32,32,48,64,64,2,2,193,80,8,0,181,32,32,142,0,20,24,144,0
2,149,122,72,242,240,185,99,109,1,126,162,56,62,164,100,102,27,130,128,146,184,36,221,106,44,2,195,119,128,165,167
134,143,0,138,148,161,142,231,20,7,88,151,96,96,58,64,81,66,131,103,118,8,8,183,40,38,142,192,20,95,144,80
3,195,32,142,148,129,140,165,4,68,81,135,96,8,50,64,64,2,19,133,212,8,12,149,32,32,142,192,28,14,184,92
2,195,0,136,132,129,140,37,4,4,80,135,0,0,50,64,64,2,19,5,80,8,4,149,32,32,138,193,20,12,144,64
2,131,0,136,148,193,8,33,4,5,16,135,0,44,34,64,68,2,131,4,18,8,0,149,40,0,138,193,20,12,148,80
2,193,32,136,132,128,140,37,4,64,16,131,32,4,48,64,64,0,19,5,208,8,4,149,32,32,142,192,20,28,176,64
37,8,97,206,4,1,131,64,68,0,113,66,96,72,181,100,88,32,18,107,129,160,44,184,0,40,130,0,87,43,112,164
2,131,0,128,132,0,12,33,4,4,16,135,0,44,48,64,64,3,19,133,80,8,0,128,40,0,142,193,20,12,148,64
32,0,0,138,76,1,168,72,136,16,176,2,140,66,104,2,104,129,2,160,2,34,66,192,20,0,138,44,21,10,49,128
0,199,0,140,132,1,4,167,4,4,88,6,32,32,34,64,64,66,3,64,80,8,0,144,32,32,142,0,28,88,176,8
2,131,0,136,4,129,132,37,4,4,80,6,32,0,34,64,64,0,2,0,80,8,0,149,32,32,138,192,28,8,144,0
2,141,0,132,132,0,142,167,4,128,24,2,32,40,48,64,72,98,19,193,64,8,0,169,40,0,142,128,28,92,176,8
2,193,32,136,4,129,140,37,4,64,80,135,32,4,50,64,64,0,19,5,208,8,4,149,32,32,138,192,20,12,144,80
0,32,16,128,108,5,16,64,138,24,0,0,4,144,96,11,200,8,34,0,2,67,146,128,17,16,194,42,16,8,16,131
3,132,0,140,20,35,128,43,22,35,90,22,32,32,34,64,81,6,3,32,52,140,1,159,40,38,154,192,28,8,56,8
2,132,35,153,52,168,168,2,124,67,90,81,140,40,48,64,195,2,19,21,146,152,4,215,12,54,154,192,148,76,49,64
130,48,16,152,19,225,24,66,22,3,0,178,12,150,96,72,79,25,147,144,34,4,16,214,9,6,154,227,148,8,37,146
33,72,97,206,4,129,135,244,68,64,116,2,112,73,181,100,72,96,18,75,193,32,44,189,32,40,130,128,87,187,112,172
3,193,32,140,4,145,140,165,68,64,80,71,32,8,50,96,72,0,19,133,197,8,4,149,32,32,142,192,29,28,184,92
3,192,1,140,4,145,140,165,68,64,80,66,32,8,180,224,72,0,18,69,197,40,36,189,32,40,138,128,29,28,248,12
3,193,32,136,132,129,140,37,4,64,80,131,0,12,50,96,72,2,19,5,212,40,4,149,32,32,142,192,20,28,144,68
2,193,0,140,4,129,132,37,4,0,80,2,32,0,32,64,64,0,2,0,80,8,0,149,32,32,142,192,20,8,144,8
3,72,33,140,4,17,138,164,68,64,80,66,32,8,181,228,72,96,18,75,193,32,36,185,32,40,138,128,29,61,48,44
3,193,0,140,4,129,140,165,4,0,80,135,32,8,50,64,72,0,19,133,196,8,4,149,32,32,142,192,28,12,184,24
2,135,0,136,148,225,8,66,6,5,24,163,0,46,50,64,73,19,131,145,18,8,0,148,8,4,138,193,148,76,20,80
3,195,32,136,148,129,140,37,4,4,80,135,32,8,50,64,64,2,147,5,212,8,4,149,40,0,142,192,20,12,152,64
3,192,0,140,4,16,140,165,68,64,80,199,32,8,50,224,64,0,19,5,197,32,4,157,32,32,142,128,28,28,152,12
3,200,32,140,4,145,142,164,68,68,84,135,32,12,182,100,64,96,18,205,197,8,36,189,32,40,142,128,29,28,248,92
3,193,0,140,4,129,140,37,68,64,80,135,32,8,50,64,72,0,19,133,212,40,4,157,32,32,138,128,28,12,184,28
3,193,32,140,132,129,140,37,4,64,80,135,0,8,50,64,64,0,19,133,212,8,4,149,32,32,142,192,28,12,184,24
33,200,97,204,4,145,143,244,68,64,80,66,48,8,181,100,72,64,18,73,193,32,36,189,32,40,134,0,87,156,112,236
3,200,97,204,4,16,143,164,68,64,80,66,32,8,181,228,72,96,18,203,197,32,36,189,32,40,138,128,23,156,112,108
33,72,104,78,68,17,195,208,68,64,84,2,48,73,181,100,72,96,18,74,193,160,36,185,98,41,160,128,119,187,112,172
2,65,0,128,132,0,140,5,4,0,16,2,0,8,48,64,72,2,19,129,80,0,0,128,32,0,142,128,20,28,176,0
2,0,18,128,108,8,184,64,137,16,48,10,140,138,96,2,170,1,6,128,0,33,128,192,20,16,10,170,84,8,3,129
2,133,34,137,148,171,168,99,76,1,90,2,172,8,48,96,106,42,19,129,146,184,4,221,44,36,138,192,21,12,177,132
44,8,106,110,4,18,195,80,68,128,117,2,113,73,181,96,88,96,19,106,128,160,44,41,66,169,160,0,117,171,112,160
60,0,98,228,4,2,104,80,69,128,119,2,83,73,56,64,120,132,6,168,136,178,0,136,82,233,160,4,103,170,112,128
3,193,32,140,4,129,12,37,4,68,80,135,32,12,50,64,72,0,19,5,212,8,4,149,32,32,138,192,28,12,144,92
3,200,97,204,4,17,135,228,68,64,84,66,32,8,180,228,72,96,18,73,193,32,36,185,34,40,130,128,87,156,112,44
44,0,106,70,68,2,235,80,68,128,119,2,81,65,181,100,120,164,19,170,128,178,36,8,66,41,161,0,103,171,112,160
33,72,99,76,4,130,135,112,68,128,118,66,113,65,181,100,88,100,2,106,193,160,36,45,96,40,162,0,117,187,112,40
130,16,144,152,53,133,184,66,30,27,80,50,12,146,96,72,229,9,19,144,34,68,2,210,9,22,154,194,144,8,33,131
3,192,32,140,4,145,140,165,68,64,80,71,32,8,50,64,72,0,19,69,197,8,4,157,32,32,142,128,29,28,152,76
1,193,0,140,4,129,4,37,4,0,80,7,32,2,34,64,64,2,2,132,84,8,0,157,32,32,142,0,28,8,184,8
36,8,99,78,4,2,131,16,68,128,119,2,80,65,181,100,88,100,18,106,128,160,36,168,64,40,130,128,103,171,112,164
2,129,32,140,132,128,140,37,4,64,80,131,32,46,48,64,68,2,19,133,208,136,0,221,32,32,138,192,20,12,176,8
2,194,0,136,18,193,18,101,6,5,81,163,40,14,32,64,68,25,131,64,82,8,8,181,40,32,138,195,20,8,164,25
34,209,160,136,149,197,154,228,6,65,16,131,8,60,52,64,200,83,147,213,150,40,16,244,41,4,142,194,149,28,180,218
3,193,0,140,4,129,12,37,4,64,80,199,32,8,50,64,64,0,19,133,212,8,4,149,32,32,138,192,28,12,184,28
3,193,32,136,132,145,140,37,4,68,80,135,32,8,50,96,72,3,19,133,212,8,36,221,32,32,142,192,29,28,184,92
2,131,0,136,148,129,12,33,4,4,80,135,0,14,50,64,68,3,147,133,80,8,0,213,40,32,138,193,28,12,180,80
3,193,32,140,4,145,140,37,68,64,80,199,32,12,178,224,72,32,19,133,197,136,4,157,32,32,138,128,29,12,184,92
3,131,34,140,4,144,140,37,68,68,80,199,32,8,50,64,72,34,19,133,213,136,4,221,32,32,138,128,28,12,184,92
60,72,66,226,68,2,106,208,1,128,114,2,75,73,61,0,120,224,4,226,8,176,8,168,18,233,161,0,103,187,112,128
2,32,146,136,110,5,184,64,142,24,16,2,140,130,96,2,230,9,19,0,2,3,130,208,20,16,74,170,16,8,33,129
3,193,0,140,132,129,140,37,4,68,80,135,32,8,50,64,64,0,19,133,212,8,4,149,32,32,138,192,28,12,184,92
2,0,16,137,108,0,168,64,142,16,16,2,140,10,112,66,106,1,27,129,2,32,194,208,20,16,138,168,20,8,33,128
3,192,0,140,4,16,140,165,68,64,80,199,32,8,50,64,72,0,19,133,197,40,4,157,32,32,142,128,28,28,184,28
3,72,1,140,4,16,142,164,68,64,80,70,32,8,177,224,72,96,18,199,197,32,4,185,32,32,138,128,28,28,56,12
3,192,0,140,4,144,134,164,68,64,80,71,32,8,178,224,72,0,18,69,197,40,4,189,32,32,138,128,29,28,24,12
10,145,32,200,151,133,157,53,5,1,68,130,24,31,48,68,76,19,147,141,210,8,16,213,107,32,142,64,55,12,177,112
2,131,0,136,148,129,140,33,4,4,80,135,0,12,50,64,76,2,147,133,82,8,0,149,40,32,138,193,20,12,148,64
1,133,98,200,148,144,236,35,109,1,94,2,40,42,180,100,98,2,2,136,208,152,36,197,42,56,130,64,23,128,225,36
40,21,16,168,213,165,208,82,7,9,12,2,140,187,96,64,201,10,19,24,18,10,16,148,203,213,154,106,146,72,112,130
2,207,0,140,148,96,14,167,4,2,88,2,32,34,32,64,73,98,147,128,96,8,0,191,40,36,142,129,20,120,180,8
36,0,106,76,4,2,193,88,68,128,119,2,80,73,189,96,88,36,2,40,129,160,36,8,66,41,163,4,117,170,112,160
2,131,2,136,148,193,140,103,4,5,88,162,32,44,48,64,72,18,131,129,82,136,0,157,40,36,138,65,20,12,180,8
3,193,0,140,132,145,140,229,68,64,80,7,32,8,178,64,72,2,18,197,213,40,4,157,32,32,142,192,29,28,184,12
2,193,0,140,132,129,140,37,4,0,80,2,32,8,48,64,72,2,19,129,80,8,0,213,32,32,142,192,20,12,176,0
2,149,18,136,147,133,56,99,4,1,72,131,12,158,32,64,110,27,147,144,82,136,16,213,41,0,138,66,20,0,161,146
3,201,96,200,20,145,138,228,68,0,80,66,32,8,52,96,72,2,19,193,198,40,4,253,32,40,138,192,29,8,120,140
3,131,32,140,148,128,140,39,4,5,88,135,32,40,50,64,72,3,19,133,214,8,4,221,40,32,142,192,28,12,184,76
130,148,18,152,54,161,184,66,60,3,90,50,12,154,32,64,231,27,19,144,50,156,0,215,8,22,26,194,148,64,33,129
131,193,32,140,20,128,140,37,4,64,80,135,32,40,50,64,72,2,19,133,214,8,4,223,32,32,142,192,29,12,184,92
1,193,0,140,4,128,4,37,4,0,80,66,32,2,48,192,64,2,2,129,85,8,0,149,32,32,138,0,28,24,184,8
3,201,32,138,148,129,142,165,4,68,81,135,0,12,50,64,76,3,147,199,214,8,12,245,40,32,142,192,20,14,176,92
130,0,150,145,6,136,168,0,188,17,82,18,140,138,112,73,98,41,59,145,2,212,3,192,4,48,218,192,132,8,49,128
3,195,32,136,148,129,140,37,4,4,80,135,0,8,50,64,72,2,19,133,214,8,4,149,40,32,142,192,28,12,152,88
2,151,32,152,150,225,152,99,22,69,88,179,12,46,54,64,79,19,147,145,50,8,4,215,40,6,154,195,149,76,181,215
2,129,0,136,132,129,12,33,4,64,80,131,0,14,50,64,68,2,19,133,80,8,0,213,32,32,138,192,20,12,176,72
2,206,32,140,148,129,142,231,20,6,88,163,96,108,50,64,77,35,131,165,114,8,8,191,40,6,143,193,20,76,180,72
3,199,6,156,4,128,140,103,20,70,88,151,40,42,50,65,76,35,147,133,246,136,4,253,32,34,218,193,28,12,184,88
131,205,35,158,4,145,142,231,84,66,88,70,96,72,188,228,88,34,18,207,231,172,44,191,32,46,138,128,29,30,248,204
130,48,144,153,42,165,184,2,190,27,16,177,140,158,96,72,135,25,187,149,2,5,2,211,13,22,26,234,144,4,33,211
58,145,90,168,210,130,124,117,37,0,242,162,61,23,32,80,126,187,151,160,88,155,0,221,242,233,170,192,53,128,160,153
0,200,118,153,54,129,170,230,92,17,82,2,172,136,52,64,234,41,19,193,194,184,6,253,36,62,26,64,85,24,113,137
39,72,99,78,68,18,206,80,69,192,113,66,96,72,181,228,88,224,18,111,197,162,44,168,50,40,129,128,95,191,112,164
2,206,32,156,20,131,10,38,22,7,90,163,96,44,50,64,93,33,147,165,160,152,0,191,40,38,154,129,20,12,52,72
1,5,115,76,246,178,233,115,77,1,123,66,72,40,180,100,126,34,2,168,145,184,36,221,44,60,2,64,215,138,225,165
3,200,34,153,116,129,174,228,206,80,80,7,172,138,50,96,234,41,27,197,198,41,6,245,36,48,138,136,21,28,49,204
2,131,0,136,144,129,12,33,4,68,80,135,0,14,50,64,76,19,147,133,82,8,0,213,40,0,138,192,20,12,180,80
3,14,34,157,20,162,170,66,20,5,90,135,32,168,51,64,104,34,19,133,164,156,69,191,4,38,154,128,149,12,56,76
3,8,34,153,20,178,170,66,92,65,91,199,172,136,179,104,98,40,19,149,150,188,5,238,12,38,154,192,157,13,121,92
66,203,38,136,154,129,190,167,134,21,216,167,40,174,50,64,110,19,187,197,82,9,6,245,40,36,158,203,20,12,181,88
2,131,32,136,148,129,140,37,4,68,80,135,0,12,50,64,68,3,147,133,208,8,4,149,32,0,142,193,20,12,180,80
34,156,64,154,86,129,154,232,23,0,88,171,40,206,49,0,93,185,147,133,2,10,8,255,56,4,139,232,21,14,48,216
39,204,99,94,84,147,195,240,84,96,116,66,112,72,181,37,88,104,18,107,225,186,44,191,32,14,161,164,85,187,80,236
6,137,0,154,156,129,14,229,6,1,88,2,96,234,56,64,81,74,51,211,82,8,10,181,40,6,143,192,20,10,176,8
2,32,16,128,108,128,168,64,140,16,16,2,140,138,112,2,234,9,19,129,2,34,2,208,4,16,138,168,20,8,33,128
2,80,18,140,75,192,188,68,140,0,208,163,44,150,33,66,110,185,147,192,64,3,16,200,49,32,138,11,20,20,37,154
59,2,98,137,84,179,232,82,85,69,116,151,2,136,182,8,120,168,151,61,140,182,36,142,86,12,144,128,255,140,112,212
3,72,1,158,20,145,138,224,70,64,88,70,96,72,181,228,72,96,18,207,135,160,12,189,32,44,138,128,29,31,120,28
26,157,82,168,211,193,28,231,7,69,88,163,45,159,34,64,111,187,151,145,90,10,0,221,250,197,142,235,54,132,165,219
35,200,103,14,28,145,170,228,198,64,82,198,96,200,183,164,72,104,18,79,199,169,46,189,34,8,139,136,95,159,120,204
2,0,0,129,68,0,168,64,140,0,16,2,140,10,112,66,106,129,27,129,0,1,0,192,20,16,138,168,21,8,49,128
10,145,114,72,227,149,185,117,237,25,116,0,28,155,164,180,174,27,2,152,210,9,34,213,103,24,10,234,83,0,163,163
3,72,35,140,4,16,138,4,68,64,80,66,32,8,181,228,72,96,18,207,133,160,36,233,32,40,138,128,21,29,48,108
2,131,0,136,144,193,12,35,4,4,88,131,0,46,50,64,76,3,131,133,82,8,0,149,40,32,138,193,20,12,180,80
3,140,54,153,180,188,184,39,126,89,90,85,172,170,178,232,167,43,50,21,183,184,3,215,12,54,26,194,156,4,137,141
42,143,106,174,84,129,190,119,4,5,94,167,33,45,50,64,108,34,131,133,208,154,4,189,98,37,168,193,55,142,252,200
246,72,66,174,52,139,74,80,181,128,210,10,175,136,49,80,120,172,93,227,8,167,0,174,144,244,130,152,36,171,50,0
2,6,6,157,20,35,40,107,20,231,82,151,64,44,50,73,93,39,179,165,48,216,65,158,12,38,219,196,148,76,20,80
33,72,107,77,68,2,239,116,68,128,246,130,49,7,181,100,124,248,18,234,193,178,100,108,118,40,160,128,119,187,112,184
3,148,50,136,179,181,184,67,46,73,88,147,140,158,50,100,231,11,147,149,151,152,38,215,13,52,154,194,144,68,169,213
2,131,32,136,148,129,8,33,4,4,80,135,32,46,50,64,68,3,131,133,210,8,0,213,40,32,138,193,20,12,180,80
3,131,32,140,4,129,12,37,4,4,80,135,0,8,50,64,64,2,19,133,212,8,4,149,32,32,138,192,28,12,184,76
2,139,132,153,48,168,56,39,174,29,90,149,172,134,50,64,199,43,187,21,18,152,67,213,12,54,154,192,148,4,149,89
131,144,18,152,27,213,176,71,158,89,64,23,44,158,34,224,228,59,147,145,23,154,18,213,9,52,154,203,24,12,169,223
3,146,146,153,50,161,56,66,62,87,80,181,140,134,98,72,167,11,147,149,54,156,2,215,12,22,26,194,156,4,41,209
146,16,50,238,39,148,186,64,93,138,209,34,46,218,53,104,254,185,159,227,136,167,48,202,145,252,138,138,21,43,33,7
3,193,0,140,4,129,140,37,68,64,80,199,32,8,50,64,72,0,19,133,213,40,4,149,32,32,138,192,28,28,184,12
163,205,97,206,132,145,134,231,68,64,88,66,96,72,180,228,72,2,18,75,225,40,44,191,32,40,142,128,85,26,208,172
2,130,18,152,121,133,184,67,174,29,80,53,172,134,34,64,198,59,139,148,18,11,2,213,5,20,26,235,16,4,165,219
3,192,0,140,4,144,140,165,68,64,80,198,32,8,178,224,72,0,19,69,197,40,4,189,32,32,138,128,29,28,184,12
2,2,226,201,110,99,184,66,141,5,88,167,12,142,55,72,110,57,147,149,128,148,6,192,6,48,154,129,149,140,53,216
56,157,114,233,87,173,240,82,109,9,124,2,43,25,52,0,238,186,23,24,146,184,16,213,71,253,2,66,119,136,96,139
2,2,34,153,86,163,168,66,30,69,80,135,140,142,51,72,126,41,147,149,130,152,5,221,20,52,154,129,149,12,53,216
2,142,2,157,20,195,170,226,22,69,90,163,96,236,58,64,125,56,147,165,34,156,1,159,44,38,139,193,20,12,52,216
3,201,1,140,4,16,142,164,68,64,80,70,32,8,176,228,64,98,18,199,197,40,4,185,32,32,142,128,29,60,184,12
2,143,2,158,148,131,142,231,20,229,90,135,96,108,58,64,93,115,147,103,80,152,8,191,40,6,143,192,20,94,148,88
3,193,32,140,4,145,140,165,68,64,80,199,32,8,50,192,72,0,19,133,197,8,4,149,32,32,142,192,29,28,184,92
3,193,32,140,4,129,140,165,68,64,80,71,32,8,50,192,72,2,19,5,197,8,4,157,32,32,142,128,28,28,184,12
3,195,32,136,148,129,140,37,4,68,80,135,32,14,50,64,64,3,147,133,212,8,4,149,40,32,142,192,28,12,176,92
41,68,106,76,84,131,203,120,84,64,253,2,113,73,180,100,88,168,23,168,137,178,101,159,118,12,160,128,119,138,112,168
26,145,122,184,211,209,188,231,13,69,88,163,44,158,34,96,238,155,147,145,86,138,52,245,123,69,154,203,61,12,165,222
6,173,0,130,148,129,142,167,4,0,24,2,0,40,49,64,72,74,19,83,82,40,8,189,40,0,143,192,148,27,144,8
3,201,0,140,20,145,12,165,4,65,80,199,32,8,50,192,64,34,19,197,215,136,4,157,32,32,142,192,28,12,184,28
2,148,18,136,19,225,184,99,14,1,72,179,44,190,32,64,103,59,147,145,50,136,0,223,9,6,154,195,148,4,165,83
2,131,0,136,148,129,140,167,4,4,88,135,32,40,50,64,64,3,147,133,212,8,4,149,40,32,142,192,28,12,184,88
41,205,99,206,92,145,195,248,87,64,124,66,112,201,188,228,88,168,18,234,195,170,44,191,50,44,130,8,119,142,112,172
2,131,98,156,218,192,188,103,134,5,216,167,40,142,54,64,110,59,131,197,82,139,6,245,32,36,154,201,21,4,165,216
3,193,0,140,132,129,12,165,68,64,80,199,32,8,50,64,64,2,19,5,212,8,4,149,32,32,142,192,28,28,152,92
33,205,99,78,84,145,199,244,71,0,124,66,96,200,188,228,88,106,18,74,195,170,44,191,34,44,132,8,87,154,240,172
130,48,144,152,3,197,16,64,30,19,0,18,12,150,96,8,201,25,147,144,34,68,18,210,1,6,154,35,144,8,37,18
2,139,34,156,208,128,172,103,20,5,88,167,40,174,50,64,108,59,147,133,210,138,6,221,32,38,154,193,21,4,180,216
3,201,32,140,20,145,140,229,68,64,80,199,32,8,54,224,72,34,19,197,199,168,4,189,32,40,142,192,29,28,248,220
2,195,34,136,148,129,140,231,4,5,88,135,32,8,50,64,76,11,131,197,210,136,0,221,32,32,142,192,29,12,176,216
3,195,0,140,148,128,140,39,4,69,88,135,32,42,50,64,64,2,19,133,214,136,4,221,32,32,142,128,28,12,184,92
2,143,2,156,150,192,188,231,20,5,88,167,32,174,50,65,76,59,147,133,114,136,0,223,32,36,158,129,20,12,180,216
2,135,0,136,148,129,140,231,4,5,88,131,32,46,50,64,76,3,147,133,82,8,0,213,40,36,138,193,20,12,180,72
2,135,2,156,150,192,156,103,22,5,88,167,40,174,32,64,78,59,147,133,114,136,0,223,32,36,158,129,20,92,180,88
35,201,97,200,84,145,142,228,68,64,80,66,32,136,180,228,72,42,18,203,199,42,36,189,32,8,138,136,85,28,112,172
2,199,32,140,148,129,140,231,6,69,88,135,32,174,50,64,76,35,147,133,242,136,0,223,32,36,158,129,20,92,180,88
2,149,18,152,147,164,184,99,60,9,74,18,44,190,32,64,231,27,147,145,18,152,16,215,41,54,26,194,144,4,161,155
3,195,0,136,148,129,140,231,4,5,88,135,32,8,50,64,72,2,19,197,214,8,4,157,32,32,142,192,28,12,184,72
2,131,0,136,20,129,136,97,4,5,80,135,40,14,50,64,108,3,147,133,82,8,0,213,40,32,138,192,20,12,180,88
40,72,106,206,68,129,195,112,68,0,116,2,115,73,181,96,72,160,23,106,200,162,36,189,98,169,160,0,117,170,112,168
2,144,18,153,51,164,184,66,62,9,90,51,172,158,32,64,231,27,147,145,18,152,2,215,13,54,26,194,144,4,33,147
3,200,1,140,4,17,142,164,68,64,80,70,32,8,181,228,72,96,18,207,197,136,4,189,32,40,142,128,29,60,56,12
2,199,32,136,148,129,140,231,6,5,88,131,0,12,50,64,73,2,131,149,82,8,4,149,40,4,142,193,20,12,148,72
3,131,0,136,148,129,140,165,4,4,80,135,32,10,50,64,64,2,147,133,214,8,4,149,40,32,142,193,28,12,184,88
41,8,98,206,68,147,202,112,69,64,117,2,97,73,181,100,88,160,19,235,192,162,36,157,2,104,130,128,119,175,112,164
50,0,66,200,84,3,104,80,5,0,244,10,10,137,53,80,120,168,23,168,8,179,0,204,18,8,128,136,119,168,114,128
2,149,2,136,150,128,56,99,4,5,90,167,40,6,32,64,110,19,147,148,18,136,0,213,40,32,138,194,20,4,165,80
2,148,18,152,51,224,184,67,30,1,90,179,172,158,32,64,231,59,147,145,18,152,16,215,13,54,154,195,148,4,165,19
2,52,144,144,19,229,144,66,30,1,72,18,12,182,96,8,225,27,147,16,2,4,18,210,9,22,26,98,144,72,33,19
33,72,106,76,84,147,207,244,69,64,116,6,48,72,183,100,72,232,18,207,196,170,36,253,98,40,160,128,119,156,112,236
3,193,0,140,20,129,140,165,4,64,80,199,32,8,50,64,72,34,19,197,198,40,4,157,32,32,138,192,28,28,184,28
34,201,96,200,84,145,134,244,68,0,112,2,32,8,180,96,72,32,19,67,194,40,36,189,34,8,130,192,87,152,112,140
2,193,34,140,4,145,140,101,68,64,80,2,32,8,180,96,72,34,19,129,210,168,36,221,32,40,138,192,21,12,240,76
2,151,2,140,146,224,188,103,12,5,90,163,44,46,34,64,102,51,147,133,18,152,0,221,32,36,138,193,20,4,165,89
1,201,99,206,4,145,134,228,68,64,112,66,96,72,180,228,72,32,18,75,199,168,44,189,32,40,138,0,85,30,240,172
2,129,34,140,20,128,140,37,4,0,80,2,32,8,48,64,72,34,19,129,210,136,0,157,32,32,138,192,20,8,176,8
2,135,2,140,148,128,172,103,4,5,90,135,40,46,50,64,110,51,147,133,82,152,0,221,32,32,138,193,20,4,181,88
0,129,2,140,148,128,4,37,4,0,80,2,32,34,48,64,64,34,2,129,80,136,0,157,32,32,138,64,20,8,176,8
40,201,104,200,84,145,207,244,68,0,116,2,49,137,180,0,72,170,19,200,194,170,32,189,114,137,160,168,119,152,112,168
3,201,33,204,20,145,143,229,68,64,80,66,40,8,180,228,72,43,18,201,199,168,36,253,32,8,138,192,21,28,240,236
33,201,97,78,4,145,135,237,68,64,112,66,96,72,188,228,88,32,18,235,195,32,44,189,34,8,135,0,87,190,240,172
5,8,99,78,4,18,131,16,68,192,87,66,112,64,181,100,88,96,18,106,129,160,44,168,0,40,138,0,87,171,112,36
2,131,0,136,148,129,156,97,4,4,80,131,0,14,50,64,76,2,131,133,82,8,0,149,40,0,138,193,20,12,180,64
2,132,2,136,147,224,56,39,4,1,90,179,44,38,32,64,103,19,147,128,50,136,0,215,40,38,154,195,148,4,165,27
33,192,106,76,84,131,199,124,69,0,116,2,112,73,180,36,88,168,18,106,193,186,36,157,98,8,161,0,119,184,112,168
2,149,0,136,151,225,152,98,4,1,72,2,8,62,32,64,200,19,147,145,18,8,16,213,9,0,138,67,148,8,53,2
3,193,34,140,148,145,132,101,68,64,82,71,32,8,178,224,72,34,18,69,215,168,36,189,32,32,142,64,29,12,184,76
130,209,18,152,131,197,180,69,190,17,64,50,44,158,96,64,231,27,179,144,82,14,18,209,25,20,26,235,16,0,165,155
54,24,114,236,103,14,218,80,73,136,240,34,15,218,37,80,254,169,6,34,136,163,16,204,147,248,2,138,117,171,99,131
3,201,32,140,148,149,140,165,68,64,80,3,32,40,50,96,72,34,19,69,214,40,36,157,32,32,142,192,21,12,208,76
3,149,51,136,183,241,184,99,78,65,92,162,12,190,166,228,231,27,147,145,151,136,36,213,8,4,138,195,157,4,165,87
56,0,98,76,68,147,192,88,215,128,117,2,67,201,181,104,88,168,6,40,136,182,36,152,66,205,161,8,119,170,112,160
2,201,0,140,132,129,142,165,4,0,80,2,32,40,48,64,72,66,19,193,80,8,0,181,40,32,142,192,20,24,144,8
3,4,34,153,52,171,168,2,60,65,90,215,164,140,50,72,233,43,19,149,183,156,5,215,4,54,154,192,156,12,57,84
2,151,122,72,242,208,189,103,109,1,124,162,57,63,164,96,110,59,130,128,82,184,36,221,98,45,42,195,117,128,165,179
3,140,32,157,20,131,136,107,22,166,88,135,32,40,50,64,89,36,51,165,228,156,69,159,40,6,155,196,29,44,56,24
19,201,2,140,90,129,156,229,133,64,208,199,40,134,50,64,110,171,151,197,78,11,4,253,176,32,138,168,29,20,185,220
130,143,0,152,148,161,14,239,22,7,88,151,64,108,58,64,81,67,131,231,118,8,8,183,40,38,143,196,20,95,180,88
3,195,32,142,148,129,142,37,4,68,81,135,96,40,50,64,64,2,19,135,212,8,12,189,32,32,142,192,28,14,184,92
32,200,234,222,20,128,139,246,86,1,92,2,48,169,180,64,72,98,51,202,194,168,38,191,98,47,178,128,119,137,112,40
3,193,0,136,132,129,140,37,4,4,80,135,32,40,50,64,64,2,19,133,212,8,0,149,40,32,142,192,28,28,184,88
2,195,0,136,132,129,140,37,4,4,80,135,0,0,50,64,64,2,19,133,80,8,4,149,32,32,142,193,20,28,148,64
3,201,163,156,20,144,172,38,86,65,82,66,40,170,176,228,64,106,50,193,199,168,38,253,32,38,158,128,21,28,176,108
2,131,0,136,144,193,8,35,4,69,24,167,0,14,34,64,68,3,131,132,18,8,0,149,8,0,138,193,20,12,148,80
2,193,0,136,132,129,12,37,4,0,80,2,32,8,48,64,72,0,19,129,80,8,0,149,32,0,142,64,20,8,176,8
2,193,32,136,132,129,12,37,4,64,16,135,0,12,48,64,64,0,19,5,208,8,4,149,32,32,142,128,20,28,184,64
35,8,97,206,4,17,138,192,68,64,80,66,96,72,181,228,72,96,18,203,133,160,36,189,0,40,138,128,85,63,112,108
2,135,128,128,144,96,8,35,4,5,24,163,0,46,32,64,64,19,147,144,16,8,0,196,8,0,138,195,148,76,180,64
44,0,106,206,68,18,202,88,68,128,119,2,81,73,188,96,88,228,23,235,136,176,44,136,66,233,161,132,119,187,112,160
1,207,0,140,132,1,134,231,4,0,88,70,32,40,50,64,72,66,19,65,68,40,0,185,32,0,142,0,28,88,152,8
2,131,0,136,148,129,12,33,4,4,80,6,0,42,48,64,64,2,3,129,80,8,0,149,40,32,138,193,20,8,180,0
3,195,32,138,132,129,140,37,4,68,81,135,64,8,58,64,64,2,147,135,212,8,12,149,32,32,142,192,28,30,176,88
2,141,0,132,132,1,140,39,68,192,88,66,32,40,48,64,72,98,19,65,192,40,0,137,32,0,142,128,29,124,152,8
131,197,0,156,132,145,140,167,20,66,88,215,32,8,50,64,73,2,19,5,244,12,4,151,32,34,158,192,28,28,152,28
2,129,32,136,148,129,12,33,4,0,80,131,0,46,48,64,64,3,19,133,208,8,4,149,40,32,138,192,20,12,176,64
2,146,0,136,22,193,24,96,6,5,80,167,0,14,32,64,76,17,147,145,18,8,0,213,8,0,138,195,148,12,52,17
131,73,97,30,4,16,143,164,84,192,80,66,32,40,181,228,72,98,18,207,229,168,36,171,32,40,142,128,87,191,112,108
131,199,0,140,132,129,140,37,20,6,80,151,0,10,50,64,64,2,19,133,244,12,4,151,32,32,142,192,28,28,184,24
2,129,0,136,144,129,8,33,4,64,80,131,0,46,34,64,76,3,147,132,80,8,0,149,40,0,138,192,20,12,176,64
96,32,20,136,108,9,128,64,136,16,0,8,140,128,96,2,202,0,83,0,0,3,146,128,5,16,10,56,20,8,19,128
2,131,0,138,132,129,14,45,4,4,81,135,64,70,58,64,84,3,147,165,80,8,8,149,40,32,142,193,20,14,180,80
3,200,1,142,28,145,130,228,68,64,80,70,32,136,181,228,72,104,18,71,199,40,12,189,32,40,138,136,29,31,56,140
32,64,104,205,68,3,196,121,69,0,116,2,32,9,180,68,88,160,19,41,192,176,69,157,34,40,128,0,117,168,112,168
3,132,0,141,20,35,128,43,22,103,90,23,32,32,34,64,81,6,3,36,54,156,69,159,40,38,154,196,28,12,56,8
3,193,32,140,4,129,140,101,68,68,80,135,32,8,50,64,72,2,19,133,212,40,4,149,32,32,138,192,28,12,152,92
2,132,35,153,52,168,168,2,124,73,90,81,140,40,48,192,195,2,19,21,147,152,68,215,12,54,154,192,148,12,57,0
2,135,32,136,148,163,8,43,4,37,88,135,0,46,50,64,85,2,131,165,146,24,1,149,8,36,138,197,20,12,180,80
3,129,32,140,20,128,142,39,68,65,89,131,32,44,50,64,72,3,19,197,212,8,20,245,32,32,138,64,21,12,176,64
3,149,49,136,151,245,185,99,78,65,72,2,12,58,36,96,237,19,19,145,150,8,48,213,9,28,138,66,144,76,177,198
130,48,148,153,45,205,144,72,142,25,0,16,132,144,96,10,200,8,98,16,2,64,210,144,13,16,218,107,144,8,16,130
3,200,33,140,4,145,142,164,68,64,80,66,32,8,181,224,72,96,18,71,197,32,36,189,32,40,138,128,29,29,120,76
2,131,32,136,148,129,140,37,4,5,80,135,0,12,50,64,76,3,147,133,214,8,4,149,40,0,138,192,20,12,180,80
3,192,0,140,4,129,140,165,4,64,80,199,32,8,50,64,72,0,19,133,196,8,4,149,32,32,138,192,28,12,184,92
35,72,97,206,4,129,135,244,68,64,116,66,112,73,181,100,88,96,18,75,193,160,36,189,32,40,130,128,87,186,112,172
2,135,0,136,146,192,12,39,4,5,88,167,8,38,34,64,100,19,147,132,80,8,0,213,40,36,138,193,20,4,181,64
131,199,32,136,148,129,12,37,4,68,80,151,0,14,50,64,73,2,19,133,212,12,4,151,40,32,142,192,20,12,176,88
2,131,0,140,132,129,140,37,4,4,80,135,32,8,50,64,64,2,147,133,212,8,4,213,40,32,142,192,28,12,184,92
3,192,1,140,4,145,140,165,68,64,80,70,32,8,182,224,72,0,18,69,197,40,36,189,32,40,138,128,29,28,248,12
3,193,32,136,132,129,140,101,4,64,80,135,0,12,50,64,72,2,19,5,214,40,4,149,32,32,142,192,21,28,144,76
3,193,0,140,4,145,140,165,68,64,80,199,32,8,178,224,72,0,19,69,197,40,4,157,32,32,142,192,29,28,184,12
3,193,0,140,4,145,140,37,68,64,80,199,32,8,50,64,72,0,19,5,213,8,4,157,32,32,138,128,29,12,184,92
2,193,32,136,132,129,12,37,4,0,80,130,32,12,48,64,72,2,19,129,208,8,4,149,32,32,142,192,20,28,144,16
3,193,0,140,132,129,140,165,68,64,80,199,32,8,50,64,72,2,19,133,213,8,4,149,32,32,142,128,29,28,184,28
2,131,0,140,132,129,12,37,4,4,80,135,32,46,50,64,68,3,147,133,80,8,4,213,40,32,142,192,28,12,180,88
2,193,0,140,4,129,132,37,4,0,80,2,32,0,32,64,72,2,2,0,82,8,0,149,32,32,142,192,20,8,144,8
3,195,0,140,132,129,140,37,4,68,80,135,32,8,50,64,72,2,19,133,212,8,4,157,32,32,142,192,28,12,176,92
3,193,32,140,132,145,140,165,68,64,80,199,32,8,50,192,72,2,19,69,197,8,4,157,32,32,142,192,29,28,184,28
3,193,0,140,132,145,140,165,4,64,80,199,32,8,178,192,72,0,19,133,197,8,4,149,32,32,142,192,28,28,184,28
2,131,0,136,148,129,136,33,4,5,80,135,0,46,50,64,72,2,131,149,82,8,0,149,40,0,138,193,20,12,180,64
35,200,96,204,4,17,142,228,68,64,80,2,32,8,182,96,72,96,19,195,196,40,36,189,34,40,142,128,85,28,240,204
3,201,0,140,4,145,140,164,68,64,80,71,32,8,178,224,72,32,18,69,197,40,4,189,32,32,142,128,29,28,216,12
3,193,0,140,4,17,140,165,68,64,80,199,32,8,50,192,64,0,19,5,197,8,4,157,32,32,142,128,29,28,152,12
3,193,32,140,20,144,140,165,4,69,80,135,32,12,178,64,68,3,19,197,215,8,36,221,32,32,142,192,29,12,184,92
3,200,1,140,4,144,140,164,68,64,80,71,32,8,182,224,72,32,18,69,197,168,4,189,32,40,138,128,93,28,248,12
3,193,0,140,132,145,12,165,4,64,80,71,0,8,50,192,64,0,19,5,197,8,4,149,32,32,142,192,28,12,184,12
3,192,3,140,4,144,140,165,68,64,80,199,32,8,180,224,72,32,18,197,197,168,4,157,32,40,138,128,29,28,248,12
3,131,32,136,146,129,140,165,4,69,80,135,40,46,50,64,78,3,147,133,214,8,20,213,40,32,142,192,28,12,189,92
35,195,96,200,4,129,142,229,68,4,80,2,32,8,54,96,72,0,19,193,214,40,4,181,34,8,142,193,85,28,240,140
3,193,0,140,132,129,140,37,4,64,80,199,32,8,50,64,64,2,19,133,212,8,4,149,32,32,142,192,28,12,184,28
35,200,97,204,4,145,143,228,68,64,80,66,32,8,180,228,72,96,18,207,197,168,36,189,32,40,138,128,87,156,112,236
3,193,32,140,132,129,140,165,68,64,80,199,32,8,50,224,72,2,19,5,197,40,4,149,32,32,142,192,28,28,152,76
3,193,33,140,4,144,140,165,68,64,80,198,32,8,182,228,72,0,19,205,197,40,36,189,32,40,142,128,29,28,248,76
2,133,34,136,180,165,136,98,12,9,88,2,128,42,48,64,201,3,19,145,146,8,0,213,9,20,138,192,144,72,48,0
35,72,97,204,4,16,139,240,68,64,84,66,48,8,183,100,72,96,18,207,193,160,36,189,32,40,130,128,87,185,112,108
45,8,107,78,4,18,235,80,68,192,119,2,113,73,183,100,88,36,18,234,129,160,36,136,66,41,162,128,119,171,112,36
2,141,2,137,20,163,168,99,4,33,90,2,32,40,48,64,104,42,19,129,16,184,1,157,32,36,138,192,20,8,176,8
3,193,0,140,4,129,140,37,4,68,80,135,32,8,50,64,64,2,19,5,212,8,4,157,32,32,142,192,28,12,184,92
2,135,32,136,146,161,152,99,6,5,88,167,8,14,50,64,79,19,147,149,18,8,0,213,40,4,138,225,148,12,180,80
2,203,0,136,20,129,138,228,6,1,80,70,32,138,48,64,72,42,19,193,82,40,2,189,40,36,138,200,28,8,184,8
3,200,33,140,4,145,142,164,68,64,80,70,32,8,180,228,72,96,19,207,197,8,36,189,32,40,138,128,29,28,120,76
2,209,114,200,82,129,188,229,4,1,112,130,40,142,52,64,110,27,147,193,194,138,16,221,33,8,138,64,21,12,161,152
60,0,98,236,68,2,194,80,69,128,119,2,83,73,49,64,88,160,6,42,136,178,0,136,82,233,160,0,119,171,112,128
3,193,32,140,4,129,140,37,68,64,80,199,32,8,50,64,72,2,19,133,213,8,4,149,32,32,138,192,28,12,184,28
2,8,22,136,70,128,184,64,172,0,82,2,44,194,33,73,106,41,19,192,0,145,2,200,20,32,202,136,20,0,33,129
2,193,0,140,132,129,140,37,4,0,80,2,32,8,48,64,72,2,19,129,80,8,0,149,32,32,142,192,20,12,152,8
3,129,32,140,132,128,140,37,4,64,80,135,32,40,50,64,72,2,19,133,212,8,4,213,32,32,138,192,28,12,184,88
48,0,98,228,4,2,72,80,65,0,242,2,75,8,56,80,120,132,4,161,136,179,1,136,146,233,128,4,101,168,112,0
3,192,32,140,4,145,140,37,4,64,80,135,32,12,50,64,72,0,19,5,196,8,36,157,32,32,138,192,28,12,144,92
35,72,97,204,4,145,135,228,68,64,84,66,48,8,181,100,72,96,18,73,193,40,36,189,32,40,130,128,85,152,112,172
45,8,106,78,68,2,235,80,69,128,119,2,112,65,181,100,88,228,18,234,129,176,36,232,66,40,160,0,119,171,112,160
3,73,99,204,4,130,173,117,68,64,86,66,112,64,180,100,120,32,18,233,193,184,36,205,32,40,170,128,85,184,240,108
3,129,32,136,20,129,140,33,4,68,80,135,0,46,50,64,76,2,147,133,212,8,4,213,40,32,138,192,20,12,176,80
3,200,97,140,4,144,140,164,68,64,80,70,32,8,183,224,72,96,18,69,197,168,36,189,32,40,138,128,93,28,120,12
56,0,98,228,68,18,232,80,65,160,118,2,75,9,180,64,120,164,21,168,136,178,37,136,82,233,160,128,103,168,112,128
60,72,106,108,68,2,195,80,68,128,118,2,115,65,177,96,88,228,6,106,200,178,36,44,98,169,161,0,119,187,112,168
2,135,32,136,148,193,140,35,4,69,88,167,0,46,50,64,76,19,147,149,82,8,0,149,40,32,138,193,20,12,180,80
2,129,0,136,132,129,140,37,4,0,80,2,0,10,48,64,72,2,19,129,80,8,0,149,32,32,138,192,20,8,176,8
3,201,3,140,4,144,142,164,68,64,80,70,32,8,181,228,72,98,18,207,197,40,4,189,32,40,142,128,31,60,120,12
2,151,0,136,146,225,152,99,6,5,88,163,12,14,32,64,111,19,147,145,18,8,0,213,8,4,138,195,148,12,165,83
1,193,0,140,4,145,132,37,4,64,80,70,32,0,162,192,72,34,2,64,69,40,0,157,32,32,142,64,28,8,184,12
2,48,144,152,3,197,144,64,22,17,0,19,12,150,96,72,197,25,179,145,2,68,146,208,9,4,26,43,144,8,37,211
2,1,130,137,150,160,168,3,14,1,90,130,140,174,48,64,99,11,19,145,18,136,3,192,12,36,154,200,148,72,177,0
2,193,32,140,132,129,140,101,4,64,80,67,32,40,48,64,72,2,19,133,210,8,4,157,32,32,138,192,28,12,184,8
2,192,16,138,18,193,26,101,6,5,81,163,40,6,32,64,68,25,131,194,82,8,8,245,40,32,138,195,20,11,132,24
2,209,160,136,149,132,156,229,6,73,16,3,8,188,118,64,204,19,147,209,146,40,16,212,41,4,142,194,149,28,176,211
3,193,32,136,132,145,140,165,68,64,80,135,32,12,50,96,72,2,19,133,212,40,4,157,32,32,142,192,21,28,176,76
3,200,1,140,4,145,140,164,68,64,80,66,32,8,180,228,72,32,18,197,197,40,4,189,32,40,138,128,29,28,56,12
3,129,34,140,148,145,140,101,4,68,80,135,40,12,50,64,72,3,19,133,212,8,4,221,32,32,142,192,29,12,184,92
3,193,32,140,132,129,140,37,4,64,80,199,32,8,50,64,72,0,19,5,213,8,4,149,32,32,142,192,28,12,184,92
3,195,34,140,4,144,140,37,4,64,80,199,32,12,50,64,76,2,147,133,213,136,4,221,32,32,138,192,28,12,184,92
3,200,33,140,4,145,142,164,68,64,80,70,32,8,183,228,72,32,18,69,197,32,36,189,32,40,138,128,29,28,56,76
44,72,106,67,68,18,239,212,68,128,86,2,49,9,181,96,104,100,18,202,192,176,36,168,102,41,164,128,103,187,112,168
3,131,32,136,132,129,140,37,4,68,80,135,32,10,50,64,76,2,19,133,212,8,4,213,32,32,138,192,28,12,184,80
114,0,66,128,68,0,232,64,9,0,176,2,8,10,60,66,104,128,23,161,8,35,65,192,20,24,138,140,5,8,112,128
2,135,0,136,146,225,24,34,6,5,88,163,8,38,32,64,69,19,131,145,18,8,0,213,8,4,138,195,148,68,52,83
3,131,32,136,132,129,140,37,4,4,80,135,32,10,50,64,68,2,19,133,212,8,4,213,40,32,138,192,28,12,184,80
3,195,0,140,132,129,140,165,4,68,80,199,32,8,50,64,64,2,19,197,212,8,4,149,32,32,138,192,28,12,184,92
130,135,32,136,148,193,136,99,6,5,88,179,0,14,50,64,72,19,147,149,50,8,0,215,40,4,138,193,20,12,180,64
2,148,0,136,23,225,152,66,6,69,8,179,12,14,32,64,75,27,147,145,18,8,16,213,9,4,154,195,148,12,52,82
10,145,32,200,151,149,157,117,5,1,68,131,24,31,48,68,76,19,147,141,82,8,48,213,107,40,142,66,55,12,176,114
2,131,0,136,148,129,12,37,4,4,80,135,0,10,50,64,68,2,131,133,82,8,0,213,40,32,142,193,20,12,180,88
2,52,144,152,19,225,144,66,22,1,8,179,12,158,96,72,203,27,147,145,2,12,16,214,9,6,154,99,148,12,37,146
58,129,0,168,149,193,212,99,5,1,72,2,8,31,32,64,200,155,147,145,90,10,16,149,187,193,142,99,55,12,180,130
3,133,50,200,180,144,172,35,108,73,94,2,136,42,180,100,100,3,18,136,215,152,36,213,42,56,138,192,18,128,161,36
0,143,0,142,148,96,14,167,4,6,88,34,32,34,32,64,73,98,131,128,96,8,8,191,40,38,142,1,20,122,180,8
2,135,0,136,144,193,28,99,4,4,88,163,0,14,48,64,76,19,147,133,82,8,0,149,40,32,138,195,20,12,180,80
2,135,0,136,146,225,152,66,6,5,88,163,8,46,48,64,77,27,131,149,18,8,0,213,8,4,138,195,148,76,52,210
2,131,2,136,149,193,144,103,6,5,88,163,32,12,32,64,72,18,131,145,82,136,0,157,40,36,138,195,20,12,180,2
3,193,0,140,132,145,140,229,68,64,80,71,32,40,178,96,72,34,18,197,197,40,4,157,32,32,142,192,93,28,184,92
2,149,18,136,147,165,56,99,4,1,72,3,12,158,32,64,238,27,147,144,18,136,16,213,41,0,138,66,16,0,161,146
3,201,64,200,20,145,138,228,68,0,80,70,32,8,52,64,72,34,19,193,198,40,4,253,32,40,138,192,29,8,120,140
2,193,0,136,132,128,140,37,4,0,80,2,32,10,48,64,72,2,19,129,80,8,0,213,32,32,142,192,20,8,176,8
131,131,0,140,148,128,140,37,4,5,80,151,32,40,50,64,76,2,19,197,214,8,4,223,40,32,142,192,29,12,184,76
2,195,0,136,148,129,140,37,4,4,80,135,0,8,50,64,76,3,147,133,214,8,4,149,40,32,142,192,28,12,184,88
2,148,18,152,54,160,184,66,60,3,90,50,12,58,32,64,231,27,19,144,50,156,0,215,8,54,26,194,148,64,33,129
131,133,32,140,20,144,140,165,4,64,80,215,32,8,50,64,72,2,19,133,246,12,4,223,32,32,142,128,29,12,184,92
1,193,1,140,4,145,140,37,4,0,80,66,32,8,160,224,72,0,2,0,69,8,0,157,32,32,138,0,28,8,184,12
3,201,32,138,148,129,142,165,4,69,80,135,0,12,50,64,76,3,147,199,214,8,12,181,40,32,142,192,20,30,176,92
2,128,150,145,36,168,184,2,190,27,82,18,140,10,48,72,231,27,51,145,50,156,3,199,12,54,218,192,148,0,33,129
0,201,6,157,20,131,36,103,20,1,82,2,32,40,48,64,104,38,51,1,80,184,65,189,36,38,154,64,20,8,176,8
2,131,0,136,144,129,136,37,6,5,80,163,8,14,50,64,76,19,131,133,82,8,0,213,40,0,138,193,20,12,180,80
2,151,32,152,150,225,156,103,20,69,88,179,40,46,54,64,79,19,147,133,246,8,4,215,40,6,154,195,21,12,181,215
2,193,32,140,4,129,140,37,4,64,80,195,32,12,50,64,72,0,19,133,208,8,4,149,32,32,138,192,20,12,184,72
2,206,0,156,150,193,30,231,20,7,88,163,104,110,48,64,89,51,131,129,114,8,8,255,40,38,159,193,20,92,180,72
3,205,35,158,20,145,142,230,84,66,88,70,96,104,188,229,88,98,18,239,231,168,44,191,32,46,158,128,29,28,248,204
3,193,32,136,4,145,140,165,4,64,80,135,32,12,50,96,72,0,19,69,196,8,36,157,32,0,138,128,21,28,176,92
32,145,122,205,210,130,249,115,37,1,126,162,17,39,164,80,126,187,23,168,208,186,32,93,118,41,162,192,117,136,224,161
3,200,34,137,36,129,172,228,204,80,80,135,172,142,54,64,106,41,27,197,198,169,6,245,36,56,138,200,20,28,177,200
2,200,118,217,54,129,186,230,222,17,82,2,172,138,52,64,234,41,19,193,194,184,6,253,36,58,154,192,85,24,113,137
194,48,144,185,34,136,56,0,63,19,16,176,141,134,64,89,167,25,191,144,34,68,130,209,132,208,90,234,148,0,1,1
3,14,34,157,20,162,170,66,28,69,90,135,32,136,51,64,104,40,179,133,134,152,5,255,4,38,154,128,157,13,57,76
7,8,98,153,54,178,186,66,108,65,91,215,172,202,183,232,114,41,19,149,151,184,4,206,4,62,154,192,157,15,57,69
34,156,64,218,86,131,154,64,23,0,112,163,40,206,37,0,94,185,147,197,34,14,8,255,18,14,139,234,21,143,116,153
66,203,34,136,154,129,158,229,134,21,208,163,40,174,50,64,110,19,187,197,210,11,2,245,56,36,142,203,20,12,181,88
37,204,107,94,84,131,195,240,84,96,116,66,112,73,181,36,88,232,18,106,225,178,44,191,96,14,161,160,87,171,80,172
2,48,144,152,108,133,184,64,142,24,16,34,140,154,112,11,206,25,19,145,2,66,2,208,4,16,218,170,20,8,33,129
2,131,32,136,132,129,140,37,4,68,80,135,0,12,50,64,72,3,147,133,214,8,4,149,40,32,142,192,28,12,180,84
34,2,98,136,84,163,200,90,85,68,80,151,0,141,54,0,92,168,151,181,172,182,4,158,18,14,152,129,255,140,116,212
4,137,0,154,156,129,142,229,6,17,88,2,96,232,56,64,89,106,51,83,82,40,10,181,40,6,143,64,148,10,176,8
3,203,0,136,156,145,140,229,134,20,80,199,32,136,50,192,76,11,131,197,198,8,6,245,32,0,158,233,28,28,184,204
18,81,18,140,75,196,188,101,140,0,240,2,44,150,33,80,238,185,147,224,64,131,16,201,177,32,138,11,17,16,39,155
18,143,96,168,210,193,28,231,7,4,216,163,45,142,34,64,110,187,151,149,90,11,4,253,184,64,142,235,53,12,165,91
3,129,115,200,244,157,185,115,237,9,124,64,12,136,180,164,238,11,18,152,211,56,32,213,46,24,2,202,87,128,227,165
35,73,99,14,92,145,174,228,196,64,208,198,32,200,183,164,104,96,26,79,197,161,38,189,50,8,138,152,95,159,120,156
2,157,50,217,211,245,185,247,61,9,108,50,44,183,36,100,231,27,147,144,50,152,48,223,43,30,26,195,146,64,165,191
58,207,98,168,210,193,30,231,5,4,88,167,45,15,34,64,78,187,151,197,94,138,4,189,122,69,174,235,55,140,180,219
2,48,16,136,109,133,184,64,142,24,16,34,140,154,96,9,236,25,19,145,2,3,2,208,17,16,138,170,16,8,33,131
2,131,0,136,144,193,12,35,4,4,88,163,0,46,50,64,76,19,131,133,82,8,0,149,40,32,138,193,20,12,180,80
134,140,128,154,148,161,142,226,22,19,24,18,96,98,57,65,89,98,19,147,50,76,8,191,40,6,143,196,148,121,16,8
3,156,50,153,181,188,184,39,126,73,90,112,172,186,166,224,167,43,50,21,183,184,34,215,12,62,26,194,216,4,169,205
124,72,66,172,52,139,74,80,53,128,243,10,47,203,49,80,250,168,29,227,8,151,0,142,146,245,162,152,38,171,114,0
2,155,34,158,28,128,10,35,134,5,88,167,40,238,50,64,68,35,179,197,146,136,6,253,40,36,138,200,20,14,52,88
2,134,166,157,148,35,40,43,20,231,90,151,64,44,18,73,89,14,179,165,176,216,69,158,12,38,218,196,132,76,180,80
40,72,106,109,68,130,107,80,5,128,118,130,49,135,177,112,126,232,23,234,201,178,36,40,70,169,160,128,119,187,112,168
3,149,50,136,147,181,184,99,14,73,76,3,172,158,54,100,231,27,147,149,151,136,48,215,9,28,154,194,144,68,169,215
3,195,0,136,4,129,140,37,4,68,80,135,32,8,50,64,72,2,19,133,214,8,4,157,32,32,138,192,28,12,184,92
2,131,0,136,132,129,12,37,4,4,80,135,0,8,50,64,68,2,131,5,212,8,4,149,32,32,138,192,20,12,180,64
130,144,3,152,23,209,176,71,30,65,64,179,44,158,34,224,233,59,147,145,23,158,22,247,9,36,154,203,29,12,189,222
150,16,50,236,23,84,152,64,221,202,209,34,12,222,53,104,254,185,159,161,136,167,48,202,145,236,138,139,53,45,33,7
11,203,98,136,20,145,141,245,5,68,84,135,32,12,182,68,76,42,147,205,198,136,36,221,34,41,170,193,55,156,188,220
3,193,0,140,4,129,140,37,4,64,80,135,32,8,50,64,72,0,19,133,212,8,4,149,32,32,138,192,28,12,184,28
35,205,97,202,148,145,135,231,68,64,88,66,96,104,180,228,72,34,18,75,193,40,44,191,32,40,134,128,85,26,208,172
3,205,0,158,148,144,142,167,20,67,88,199,32,40,50,225,72,35,19,199,247,8,12,255,32,38,158,128,28,92,184,12
2,178,18,152,121,133,184,67,174,29,80,53,172,142,98,64,198,59,131,148,18,11,2,213,5,20,26,235,16,4,165,219
3,193,0,140,4,145,140,165,68,64,80,199,32,8,50,64,72,0,19,197,197,8,4,149,32,32,142,192,29,28,184,12
2,2,230,137,102,160,184,66,13,85,90,135,12,142,118,72,238,9,147,149,130,144,5,192,4,16,154,131,149,12,53,209
56,29,114,105,87,173,240,82,109,9,124,2,43,25,52,0,234,171,23,8,154,184,17,215,87,221,2,66,119,136,98,139
3,2,34,153,86,163,184,66,28,69,82,151,140,14,50,72,126,169,19,149,134,152,5,220,20,54,154,193,149,12,53,221
2,142,34,157,20,227,170,106,22,5,90,163,96,204,50,64,121,40,179,165,162,152,0,223,12,38,139,193,20,12,52,216
2,159,2,158,148,131,30,167,20,65,90,167,96,110,32,64,93,115,179,231,80,136,10,191,40,38,143,192,20,126,180,88
3,201,33,140,4,16,142,164,84,64,80,66,32,8,181,229,72,98,18,207,197,168,36,189,32,40,142,128,31,60,240,108
54,0,98,232,116,11,200,64,73,40,241,10,10,8,60,64,216,140,23,33,136,179,64,204,144,24,138,180,85,170,114,128
3,193,32,140,132,145,140,165,68,64,80,199,32,8,50,224,72,0,19,133,197,40,4,149,32,32,142,192,29,28,216,92
131,197,0,140,4,145,140,39,68,64,88,71,32,8,50,192,72,2,19,5,245,12,4,159,32,32,142,128,28,12,184,12
41,68,106,77,84,131,203,112,85,32,254,10,83,9,180,96,88,168,23,168,200,182,101,159,118,141,160,128,119,138,112,168
26,145,122,168,211,209,188,231,5,69,92,163,44,158,38,96,110,155,147,209,86,138,52,245,123,5,154,203,55,12,165,222
3,12,112,201,86,179,168,67,94,97,122,86,168,10,180,224,106,43,2,153,135,184,101,223,6,44,154,192,221,12,105,140
4,141,0,138,148,129,14,231,4,0,8,2,0,40,32,64,72,66,19,82,82,8,8,181,40,0,143,64,20,27,176,8
2,195,32,140,148,129,12,37,4,68,80,135,32,14,50,64,68,3,147,133,212,8,4,149,32,32,142,192,28,12,180,88
3,201,1,140,20,145,140,229,68,64,80,199,32,8,176,224,72,34,19,197,215,40,4,189,32,32,142,128,29,28,184,28
35,201,99,142,4,145,174,228,68,64,80,198,96,72,182,228,72,32,18,199,199,168,36,253,32,40,138,128,29,30,248,220
2,151,34,136,18,225,184,99,4,69,88,179,44,174,32,64,111,59,147,129,50,136,0,223,40,38,154,195,148,4,165,219
2,195,0,140,132,129,140,37,4,68,80,135,32,40,50,64,72,2,147,133,212,8,4,149,32,32,142,192,28,28,184,92
2,203,98,136,218,128,186,231,134,5,216,135,40,142,54,64,110,43,147,197,214,11,6,253,56,36,138,201,21,4,181,220
8,165,18,184,116,173,121,119,45,9,94,0,188,179,32,64,166,43,23,25,18,152,0,223,238,245,58,194,2,128,161,137
35,205,98,158,84,145,142,228,84,65,88,71,32,200,182,224,72,106,18,207,247,170,44,255,48,44,158,136,29,30,248,204
56,0,66,97,68,2,96,88,1,160,118,2,83,9,56,80,120,132,4,40,8,178,1,128,66,233,160,4,103,168,112,128
2,203,102,156,212,128,172,231,148,5,80,167,40,174,50,64,108,43,147,197,214,138,6,253,32,38,158,193,21,12,180,216
3,201,34,140,20,145,140,101,68,64,80,70,32,8,182,224,72,34,18,197,197,168,4,189,32,40,142,128,29,28,248,140
3,203,2,136,148,129,140,229,4,68,80,135,32,8,50,64,76,43,19,197,214,136,4,253,32,32,142,192,29,12,184,220
2,135,0,136,150,193,140,231,4,5,88,163,40,46,50,64,76,19,147,133,82,136,0,221,40,32,142,193,20,12,180,72
3,193,0,140,148,128,140,37,4,64,80,135,32,40,50,64,72,2,19,133,214,136,4,221,32,32,142,192,28,12,184,92
161,205,99,14,20,145,134,231,68,64,120,66,32,168,180,228,72,106,18,79,199,168,44,191,34,44,134,8,93,30,248,140
2,159,2,156,146,192,188,103,20,5,88,163,44,166,32,65,110,59,147,129,114,136,2,253,32,38,158,195,20,4,165,218
2,135,32,136,148,129,140,103,4,5,88,131,32,46,50,64,76,3,147,133,210,8,4,213,40,36,138,193,20,12,180,72
2,207,34,156,148,128,140,231,20,5,88,167,40,174,50,64,76,59,147,133,242,136,0,255,32,36,158,129,20,28,180,216
35,201,97,206,84,145,207,228,69,64,112,66,32,136,180,164,72,104,18,203,195,170,36,189,32,8,130,136,87,26,112,236
2,131,32,136,148,129,140,231,4,5,88,135,32,40,50,64,72,2,3,197,214,8,4,221,40,32,138,192,20,12,184,72
2,207,32,140,148,129,140,231,6,69,88,135,32,172,50,64,76,43,147,197,246,8,4,255,32,36,142,129,21,28,180,88
2,149,18,136,147,228,184,103,12,1,74,131,44,190,32,64,231,27,147,129,18,152,16,223,41,36,154,195,148,4,165,27
3,201,35,140,20,145,138,100,68,64,80,199,32,12,180,224,72,33,19,197,199,168,36,253,32,40,138,128,29,12,120,92
56,72,98,236,68,131,194,112,68,0,116,2,115,73,49,64,88,160,23,106,200,162,4,141,114,233,160,0,119,168,112,136
2,32,18,152,119,133,184,64,14,9,80,2,140,146,96,72,230,25,2,144,2,6,2,209,21,20,26,234,144,8,33,131
2,144,18,153,51,165,184,66,62,25,88,50,172,158,32,64,231,27,147,145,18,152,2,215,13,20,26,194,144,0,33,147
49,8,106,76,68,146,235,112,69,192,116,2,81,9,181,96,120,168,22,234,136,178,36,204,82,41,160,128,119,171,112,224
3,203,0,140,4,145,140,165,68,64,80,199,32,8,178,192,72,2,19,197,197,8,4,189,32,32,142,192,29,28,184,28
2,199,32,136,148,193,140,231,4,5,88,163,32,12,50,64,73,3,147,133,82,8,4,149,40,4,142,193,20,12,180,72
35,8,98,206,68,147,202,112,69,64,117,2,97,73,181,100,88,32,19,235,132,162,36,157,2,104,130,128,119,175,112,228
50,0,66,192,68,129,232,64,13,0,112,2,8,138,52,16,106,169,23,176,8,179,0,192,22,136,138,128,101,136,114,128
2,144,18,153,51,228,184,66,62,9,74,50,172,158,32,72,231,59,147,145,18,152,18,215,13,54,26,194,148,0,33,147
2,180,144,152,147,225,144,66,30,1,8,51,12,182,96,8,195,27,147,17,50,8,16,215,9,6,26,67,144,72,37,146
3,195,0,140,20,129,140,37,4,0,80,199,32,8,50,64,72,34,19,197,214,8,4,189,32,32,138,128,28,12,184,28
2,193,34,136,20,145,140,229,68,64,80,3,32,8,52,96,72,2,19,133,210,168,36,221,32,40,138,192,21,12,240,76
33,201,106,204,84,145,207,244,69,64,116,2,49,137,183,36,72,168,19,207,195,170,36,189,114,9,160,136,119,152,112,232
2,151,18,140,146,224,184,103,12,5,90,163,44,62,32,64,102,51,147,129,18,152,0,221,40,38,154,195,20,4,165,91
1,201,99,206,20,145,134,228,68,64,112,66,96,72,180,228,72,98,18,75,199,168,44,189,32,40,142,0,93,30,240,172
2,129,34,140,148,128,172,39,4,0,90,2,32,42,48,64,64,34,19,129,210,136,0,221,32,32,138,192,20,8,176,8
0,193,2,140,20,129,132,37,4,0,80,2,32,8,48,64,72,34,2,129,82,136,0,157,32,32,138,64,20,8,176,8
40,201,104,204,84,145,207,244,68,0,116,2,49,137,180,36,72,42,19,200,194,170,36,189,98,8,162,168,119,152,112,168
3,135,2,136,148,128,172,103,4,69,90,135,40,10,50,64,108,35,147,133,214,136,4,221,32,32,138,192,29,12,185,88
33,201,97,78,4,147,135,237,68,64,112,66,96,72,180,228,88,32,18,235,193,32,44,189,32,8,135,0,87,190,240,172
3,72,1,140,4,16,134,164,68,64,80,70,32,8,181,224,72,96,18,71,197,32,36,185,32,40,138,128,93,61,120,12
2,132,2,136,147,224,56,39,4,1,90,163,44,38,32,64,111,19,147,144,18,136,0,215,40,38,154,195,148,4,165,27
2,129,0,136,150,193,152,99,4,5,24,163,0,14,32,64,74,19,131,145,82,8,0,213,8,0,138,195,21,8,180,2
33,193,106,77,84,3,199,124,69,0,116,2,48,9,180,36,88,168,18,104,193,178,36,157,98,8,161,0,117,184,240,168
2,149,0,136,151,225,152,98,4,1,72,3,8,62,32,64,200,19,147,145,18,8,16,213,9,0,138,67,148,12,53,18
3,193,34,140,148,145,140,103,68,68,90,135,32,8,50,96,72,34,19,69,215,168,52,157,32,32,142,64,28,12,184,76
130,177,18,152,195,133,188,101,190,25,80,50,44,158,96,64,230,27,147,144,82,11,18,209,25,16,30,234,16,0,161,155
3,137,32,140,148,129,140,39,4,64,88,135,32,44,50,96,64,34,19,197,212,136,4,157,41,32,142,192,20,12,176,92
82,16,82,140,99,70,152,64,137,0,240,42,12,158,37,80,254,189,151,161,0,163,16,200,145,48,10,11,81,32,39,147
3,131,0,136,132,128,140,37,4,4,80,135,32,40,50,64,72,2,19,133,212,8,4,149,32,32,142,192,28,12,184,88
56,0,98,76,84,19,192,88,85,160,119,2,3,137,181,44,88,168,6,40,136,182,36,136,66,205,160,0,119,168,112,128
2,149,115,200,179,241,185,99,76,65,92,162,12,62,166,100,102,27,147,145,151,136,36,213,42,12,138,195,151,4,165,247
2,193,0,140,132,128,4,165,4,0,80,2,32,34,48,64,64,2,19,193,80,8,0,189,32,32,142,192,20,24,176,8
2,149,122,72,210,208,185,99,108,1,124,162,60,62,164,96,110,27,130,128,146,184,36,221,98,45,34,195,117,128,165,183
3,142,0,157,20,131,136,35,22,231,90,151,160,40,50,64,89,36,51,133,164,156,69,223,12,38,154,192,29,12,56,28
51,201,66,136,90,129,156,229,133,64,208,199,40,142,54,80,110,171,151,197,78,11,2,253,48,32,142,200,29,20,185,216
134,143,0,152,148,161,14,239,20,7,88,151,96,110,58,64,85,67,131,229,114,8,8,183,40,38,142,196,20,92,180,88
3,195,32,142,148,129,142,37,4,68,81,135,96,104,58,64,64,66,19,199,212,8,12,189,32,32,142,192,28,14,184,92
32,200,106,222,20,128,203,246,86,1,116,2,48,137,180,96,72,106,51,203,194,168,38,189,98,47,178,128,119,139,112,40
3,193,0,138,132,128,140,165,4,4,81,135,32,40,50,64,64,2,19,133,212,8,8,149,40,32,142,192,20,30,144,88
2,131,0,136,132,128,140,37,4,4,80,135,0,36,50,64,64,2,147,133,80,8,0,149,32,32,142,193,20,12,148,64
3,201,163,156,20,144,136,39,198,65,82,66,40,138,176,228,64,42,50,193,199,168,38,253,32,36,158,136,29,28,176,76
2,131,32,136,132,129,140,37,4,4,16,135,0,12,50,64,68,2,3,5,210,8,4,149,40,32,138,192,20,12,148,80
2,193,0,136,4,133,12,37,4,0,64,2,32,10,48,64,72,0,19,129,80,8,16,149,33,0,142,64,20,8,176,8
2,192,33,140,4,129,140,165,4,64,80,67,32,8,48,64,72,0,19,5,193,40,4,149,32,32,142,128,21,28,152,72
3,8,97,206,4,17,138,224,68,64,80,66,32,8,181,228,72,96,18,199,133,160,36,189,2,40,138,128,85,63,112,76
2,129,0,140,132,129,12,37,4,64,80,131,40,6,32,64,68,19,19,132,80,8,0,213,40,32,138,192,20,12,176,80
3,77,1,156,20,49,140,167,84,66,88,70,32,40,177,225,72,98,18,5,229,168,36,187,32,38,222,128,28,124,184,12
24,0,66,161,4,2,72,24,5,32,214,2,3,9,32,64,112,132,4,40,8,176,1,128,194,225,128,4,38,136,48,0
60,0,98,238,68,18,234,88,68,128,119,2,81,73,189,96,120,196,23,234,136,176,44,136,66,233,163,132,119,187,112,128
3,196,0,156,4,129,140,167,20,82,88,215,32,40,50,65,65,2,19,5,228,12,4,159,32,38,222,128,28,92,184,28
2,131,0,136,132,129,132,101,4,4,80,7,0,0,34,64,72,2,2,4,82,40,0,149,32,32,138,192,28,8,152,0
3,195,32,138,132,129,14,37,4,68,81,135,96,76,58,64,80,2,147,135,212,8,12,181,32,32,142,193,20,14,180,88
131,73,97,156,20,16,142,166,84,64,80,66,32,40,181,229,72,98,18,207,229,40,36,175,32,44,142,128,93,60,112,108
3,128,32,140,4,16,136,32,68,64,80,7,32,8,178,96,72,32,18,133,197,32,36,157,0,32,138,128,29,12,56,76
131,197,0,140,132,129,140,39,20,2,80,215,0,10,50,64,64,0,19,133,244,12,4,151,32,32,142,192,28,28,184,24
2,192,32,140,4,129,140,165,4,64,80,135,32,12,50,64,72,0,19,5,192,8,4,149,32,32,138,192,28,12,176,92
3,192,1,134,4,17,134,164,68,64,17,71,96,72,184,224,88,64,18,71,197,32,12,165,32,0,142,128,29,30,152,12
2,131,0,138,148,129,14,41,4,4,81,135,64,70,58,64,84,3,147,229,80,8,8,213,40,32,142,197,20,14,180,64
3,200,1,140,20,145,142,228,70,64,80,71,32,136,177,224,72,72,18,71,199,42,6,189,32,32,138,136,28,29,56,140
32,128,104,205,68,131,192,120,69,0,116,2,32,9,180,64,88,160,19,41,192,58,5,157,34,40,128,0,117,136,112,136
3,132,0,141,20,163,128,42,22,99,90,23,32,40,18,64,81,6,2,37,52,188,69,159,12,38,154,192,156,8,56,8
3,193,0,140,4,145,140,165,68,64,80,71,32,8,54,224,72,0,19,69,197,40,4,157,32,40,138,128,29,28,152,12
50,200,96,172,4,129,202,228,69,0,208,2,33,9,48,64,72,160,23,193,200,43,0,189,178,224,138,144,55,152,112,8
2,132,162,153,52,168,168,2,62,65,90,81,140,136,48,72,193,2,19,21,146,156,69,215,12,54,154,192,156,76,57,0
6,134,0,136,20,227,8,74,6,101,88,179,0,70,40,64,93,17,131,177,18,0,1,215,8,6,155,197,148,12,52,80
3,129,32,136,20,128,142,231,68,1,72,131,32,8,50,64,72,2,19,197,214,40,20,245,40,32,138,64,21,12,176,0
3,149,49,136,151,181,184,66,78,73,72,3,12,58,36,224,229,19,147,145,150,8,48,213,9,30,154,66,144,76,49,199
160,48,144,131,109,77,176,72,138,56,1,24,132,216,72,10,200,8,106,16,2,96,218,144,5,16,10,126,16,10,19,130
2,131,32,136,148,129,140,37,4,4,80,135,0,8,50,64,76,2,147,133,214,8,4,213,32,32,138,192,28,12,184,64
66,202,36,156,76,0,12,164,132,20,208,167,32,142,51,67,68,97,171,197,224,3,2,249,48,32,202,137,20,28,52,88
2,129,0,140,132,129,12,37,4,0,80,2,32,10,48,64,64,2,19,129,80,8,0,149,32,32,138,192,20,8,176,0
3,200,33,140,4,144,138,164,68,64,80,198,32,12,181,224,72,96,19,199,197,32,36,189,32,40,138,128,29,61,120,76
131,194,32,156,4,145,140,230,20,71,80,151,32,12,50,65,72,0,19,197,228,12,4,191,32,38,218,128,29,28,24,92
39,8,99,206,4,18,139,80,68,64,87,66,112,72,181,100,72,96,18,203,129,160,36,169,0,40,130,128,87,171,112,100
35,72,97,206,4,131,135,252,68,64,84,66,112,73,181,100,88,96,18,107,193,160,36,189,32,40,130,128,87,186,112,172
2,135,0,136,146,224,56,39,4,5,88,163,8,38,32,64,111,19,147,128,18,8,0,215,40,36,138,193,148,4,181,81
131,197,32,136,148,129,140,103,4,68,88,151,0,12,50,64,73,2,19,133,246,12,4,151,40,32,142,192,20,12,176,88
3,193,32,140,4,145,140,165,68,64,80,199,32,8,50,64,72,0,19,133,197,8,4,157,32,32,142,192,29,28,184,92
3,193,0,140,4,145,140,37,68,64,80,71,32,8,182,224,72,2,18,197,197,40,4,149,32,40,138,192,29,28,248,28
2,193,32,136,132,129,140,101,4,64,80,135,0,12,50,64,72,2,19,5,210,40,4,149,32,32,142,192,21,12,144,76
3,195,0,140,132,129,140,37,4,68,80,135,32,8,50,64,72,2,19,133,212,8,4,157,32,32,142,192,28,12,184,92
3,193,2,140,4,145,140,37,4,64,80,199,32,8,50,192,72,2,19,5,213,8,4,149,32,32,138,192,29,12,184,92
2,193,32,140,132,129,140,101,4,0,80,130,32,12,48,64,72,2,19,129,210,8,0,149,32,32,142,192,20,28,144,16
3,195,0,140,132,129,140,37,4,68,80,135,32,8,50,64,72,2,19,133,212,8,4,157,32,32,142,192,28,12,184,92
2,131,32,136,148,129,12,37,4,4,80,135,32,14,50,64,68,3,147,133,212,8,4,213,40,32,142,193,28,12,180,88
2,193,0,136,4,129,132,101,4,0,80,2,32,0,32,64,72,2,2,0,82,40,0,149,32,32,138,192,20,8,144,8
3,195,32,140,132,129,140,165,4,64,80,199,32,8,50,64,76,3,19,133,212,8,4,221,40,32,142,192,28,12,184,28
3,192,32,140,4,145,140,165,68,64,80,199,32,8,178,224,72,0,19,69,197,8,4,157,32,32,142,128,29,28,184,12
3,195,0,140,132,129,140,165,4,64,80,199,32,8,50,192,72,0,19,197,197,8,4,149,32,32,142,192,29,28,184,28
1,8,99,206,4,16,131,128,68,64,80,66,32,8,181,228,72,96,18,75,129,160,36,173,0,40,138,0,21,63,112,108
35,201,96,204,4,129,142,229,68,64,80,3,32,8,54,96,72,96,19,197,196,40,4,189,32,40,142,128,85,28,240,204
66,0,16,128,100,8,232,0,137,0,176,8,140,10,48,66,2,1,95,1,0,1,0,192,132,16,138,184,20,8,1,1
2,131,32,136,148,129,140,103,4,5,88,135,32,12,50,64,76,3,147,133,210,8,4,149,40,0,142,193,20,12,180,72
35,200,98,76,4,144,142,164,68,64,84,2,32,8,182,100,72,96,19,207,197,40,36,189,34,40,138,128,95,156,120,76
2,131,32,136,148,129,140,33,4,4,80,135,0,40,50,64,76,3,147,133,210,8,0,149,40,32,138,193,20,12,180,64
3,193,0,140,4,145,140,229,4,64,80,199,32,8,50,64,72,2,19,133,196,40,4,157,32,32,142,128,29,12,184,28
3,193,0,140,132,145,12,37,68,64,80,199,32,8,50,64,64,2,19,133,213,8,4,149,32,32,138,192,28,28,184,92
3,200,67,140,4,145,142,228,68,64,80,66,32,8,180,228,72,96,18,201,197,168,36,189,32,40,138,128,21,28,112,108
3,129,32,136,148,209,140,229,4,68,64,135,40,12,50,64,78,3,147,197,214,8,52,221,40,32,142,192,28,12,184,92
2,131,32,140,148,128,140,39,4,4,88,135,40,42,50,64,64,3,147,133,214,136,4,213,32,32,138,192,28,12,184,92
3,193,0,140,132,145,140,37,4,64,80,199,32,8,50,64,64,2,19,133,212,8,4,149,32,32,142,192,28,12,184,28
33,200,99,204,4,129,135,244,68,64,116,66,48,8,181,100,72,96,18,203,193,160,36,189,32,40,162,128,85,153,112,172
3,193,32,140,132,129,140,37,68,64,80,199,32,8,50,192,72,2,19,5,197,40,4,149,32,32,142,128,28,28,152,76
3,193,34,140,4,144,140,165,4,64,80,199,32,12,182,224,72,2,19,133,197,136,4,221,32,40,142,192,29,12,184,92
2,132,32,136,52,165,136,66,14,9,88,2,128,170,48,64,201,11,19,145,146,40,64,215,12,20,154,192,148,72,48,128
3,193,0,140,4,129,140,37,4,68,80,135,32,8,50,64,72,2,19,5,212,8,4,157,32,32,142,192,28,12,184,92
3,72,99,206,4,16,139,96,68,64,80,70,96,72,181,100,72,96,18,207,197,160,36,189,0,40,138,128,29,63,112,108
2,201,66,136,83,193,172,229,4,0,80,131,44,142,48,64,110,185,147,197,66,138,16,253,48,0,138,200,21,4,161,152
2,201,0,138,20,129,138,228,70,0,80,70,32,136,48,192,72,42,19,65,194,168,10,253,40,36,138,192,29,10,56,8
2,133,34,137,148,162,168,99,12,65,90,131,172,14,50,64,111,43,19,149,146,152,4,221,12,52,138,192,149,12,177,192
45,0,106,204,68,18,203,80,68,128,119,2,81,73,177,96,88,164,23,234,136,176,36,136,66,169,163,128,119,171,112,160
35,200,96,138,92,129,138,224,4,64,80,131,32,204,50,96,72,41,19,199,198,10,12,189,48,0,138,168,21,15,48,220
2,193,1,140,4,129,140,165,4,0,80,66,32,8,48,192,72,0,19,193,65,40,0,149,32,32,142,128,28,24,184,8
3,193,0,140,4,145,140,37,68,64,80,199,32,8,50,192,72,2,19,133,197,8,4,157,32,32,138,128,28,12,184,12
2,16,22,152,70,128,184,64,172,0,82,34,12,154,33,73,110,57,179,145,0,146,2,192,16,32,218,138,20,0,33,129
3,193,0,140,4,144,140,37,4,64,80,199,32,40,50,64,72,2,19,133,197,8,4,221,32,32,138,128,28,28,184,92
7,72,99,206,4,16,171,16,68,192,86,66,96,64,181,228,72,96,18,207,193,160,36,233,0,40,138,128,23,191,112,108
22,8,114,228,38,2,248,80,41,128,114,130,9,15,53,64,254,181,21,161,136,177,4,200,146,249,138,128,39,160,96,1
3,192,32,140,4,145,132,37,68,64,80,135,32,12,50,96,72,0,19,5,196,40,36,157,32,32,138,128,28,12,144,92
33,72,105,204,4,129,199,244,69,64,116,2,48,9,181,100,72,96,18,75,193,168,36,189,32,40,130,0,85,152,112,172
44,8,106,78,68,2,235,80,69,128,119,2,81,73,181,100,120,228,19,234,128,178,36,8,66,41,160,0,103,171,112,160
2,129,32,136,148,129,140,33,4,65,80,135,0,46,50,64,76,3,147,133,208,8,4,213,40,32,138,192,20,12,176,80
50,0,98,229,68,2,232,64,65,128,242,2,11,8,52,0,122,133,23,161,136,179,0,192,18,232,138,128,101,136,112,128
41,72,107,76,68,2,207,112,68,128,118,66,113,65,181,100,88,100,18,234,193,176,36,172,96,40,162,128,119,187,112,168
2,135,32,136,148,129,140,103,4,69,88,167,0,12,50,64,76,3,147,133,210,8,0,149,40,0,138,193,20,12,180,80
2,193,0,136,4,129,140,101,4,0,80,2,0,8,48,64,72,0,19,1,80,40,0,149,32,32,138,192,20,24,176,8
2,180,16,136,147,225,184,66,14,9,24,163,12,158,32,64,239,27,147,145,18,8,16,212,9,4,154,227,148,76,37,147
3,193,0,140,4,145,140,37,4,64,80,70,32,8,160,192,72,34,18,64,69,40,0,157,32,32,142,128,28,8,184,12
3,72,1,140,4,16,142,164,68,64,80,70,32,8,183,224,72,96,18,69,197,160,4,189,32,40,138,128,29,28,120,12
2,1,130,137,150,160,168,3,14,1,90,130,140,174,48,64,98,11,19,145,18,152,3,192,12,36,154,200,148,72,177,0
2,129,0,140,148,128,140,37,4,0,80,199,32,42,48,64,76,3,19,133,208,136,0,221,32,32,138,192,28,12,184,8
2,209,16,138,19,193,18,229,6,1,65,162,44,150,32,64,70,25,131,209,82,8,24,245,33,0,138,67,20,11,165,18
34,217,96,128,151,213,154,228,6,69,16,135,0,28,52,0,200,91,147,213,210,40,52,245,41,12,142,195,149,28,244,222
3,193,32,136,132,145,140,37,4,68,80,135,32,12,54,96,72,2,19,133,199,40,36,221,32,40,142,192,29,12,184,92
3,193,0,140,4,144,140,37,68,64,80,199,32,8,50,224,72,0,19,5,197,40,4,157,32,32,138,128,28,28,184,28
3,193,32,140,4,129,140,37,4,64,80,199,32,8,50,64,72,0,19,5,196,8,4,149,32,32,142,192,28,12,184,92
3,193,35,140,4,145,140,101,68,64,80,199,32,8,182,228,72,34,19,197,197,136,36,221,32,40,138,128,29,28,248,92
44,72,106,68,68,18,239,212,68,128,118,2,49,9,181,96,104,228,18,202,192,176,36,168,98,169,166,128,103,185,112,168
2,0,0,129,76,4,168,64,12,24,144,2,140,10,120,66,104,129,31,177,2,51,0,192,20,16,138,172,21,8,113,128
3,193,0,140,4,144,140,37,4,64,80,199,32,8,50,192,72,0,19,5,197,40,4,157,32,32,142,128,28,28,184,92
130,48,144,152,3,197,16,64,22,19,0,50,12,150,96,72,231,25,147,144,34,68,18,210,9,6,154,107,144,8,37,147
2,195,33,136,148,193,140,101,4,69,80,199,32,12,50,196,76,3,147,133,214,8,36,157,40,0,138,193,21,12,180,92
130,131,32,136,148,129,140,101,4,4,80,151,0,8,50,64,76,2,147,133,214,8,4,151,40,0,138,193,20,12,188,64
3,131,32,136,148,129,140,37,4,4,80,135,0,10,50,64,68,2,19,133,214,8,4,213,40,32,138,192,28,12,184,80
2,135,0,136,150,225,152,66,6,5,88,179,0,142,50,64,77,27,147,145,50,8,0,215,8,4,138,227,148,12,52,210
2,129,34,200,151,149,189,117,5,1,68,2,8,15,52,100,236,19,147,141,211,8,48,213,43,40,142,66,23,12,177,52
2,135,32,136,148,225,152,99,6,5,88,163,8,14,50,64,72,19,131,149,18,8,4,149,40,4,138,193,148,12,180,64
2,131,0,136,148,129,140,37,4,4,80,135,32,14,50,64,76,3,131,133,82,8,0,213,40,32,142,193,20,12,180,80
3,133,114,200,148,176,168,35,108,65,90,2,136,42,182,96,98,35,18,129,150,184,36,213,46,60,138,192,21,0,225,4
40,52,144,248,213,165,144,82,15,9,92,2,148,185,96,12,201,10,19,25,18,40,16,144,79,223,154,106,146,72,113,131
0,143,0,142,148,224,6,167,4,6,88,130,96,32,32,64,73,114,131,0,96,8,8,191,40,38,142,1,20,122,180,8
2,131,32,136,148,129,140,103,4,4,88,131,32,12,50,64,76,19,147,133,210,8,0,149,40,0,138,193,20,12,180,72
3,72,33,140,4,145,142,228,68,64,80,198,32,8,181,228,72,96,18,199,197,160,36,189,32,40,138,128,29,29,112,76
2,133,16,136,151,193,144,99,6,5,72,34,36,158,32,64,200,19,131,145,18,8,16,149,41,36,154,67,144,8,180,18
2,129,34,136,148,193,136,101,6,5,80,163,32,142,48,64,72,26,147,145,82,136,0,213,40,36,138,195,20,12,180,138
2,193,0,140,148,129,140,101,4,0,80,2,32,8,48,64,72,2,19,129,82,40,0,213,32,32,142,192,20,8,176,8
131,131,32,140,148,128,140,39,4,5,88,135,32,40,50,64,72,3,19,133,214,8,4,223,32,32,142,192,29,12,184,92
2,149,18,136,147,164,56,99,4,9,74,2,12,150,32,64,228,27,147,144,18,136,16,213,41,52,138,194,144,0,161,146
35,201,96,202,20,145,138,228,68,0,80,70,32,8,52,224,72,40,19,195,199,168,12,189,32,40,138,128,93,11,120,140
2,131,32,136,148,129,140,39,4,4,88,135,32,14,50,64,76,3,147,133,214,8,4,213,40,32,142,193,20,12,180,88
2,148,18,152,182,160,184,98,60,3,90,50,12,50,32,64,231,59,19,144,50,156,0,215,8,54,26,194,148,64,33,129
131,197,34,140,20,145,140,167,68,64,88,199,32,8,182,224,72,34,19,69,231,44,4,191,32,40,142,192,29,12,248,28
1,193,1,140,4,128,140,37,4,0,80,66,32,0,160,100,72,0,2,8,69,40,4,157,32,32,138,0,28,24,176,44
3,207,32,136,148,129,142,231,4,69,88,135,0,12,50,64,76,3,147,215,214,8,12,181,40,0,142,192,21,28,180,88
131,197,99,142,20,145,142,231,84,64,88,199,32,8,182,224,72,34,18,135,231,172,36,191,32,40,138,128,29,28,248,76
2,148,22,153,179,164,184,2,30,27,90,50,140,190,32,73,231,27,147,145,50,152,2,215,12,54,26,194,148,64,33,131
0,201,6,157,20,131,44,103,4,1,82,2,32,34,32,64,72,36,51,192,80,152,65,189,36,38,154,64,20,8,176,8
3,205,99,158,20,145,142,231,84,66,88,66,96,72,188,228,72,34,18,207,231,172,36,191,32,46,138,128,29,30,240,236
2,193,33,140,4,128,140,165,4,64,80,195,32,12,48,224,72,0,19,197,192,40,4,157,32,32,138,128,21,28,176,92
3,195,32,136,20,129,140,229,4,68,80,135,32,8,50,64,76,2,147,133,214,8,4,149,40,0,138,192,29,12,184,92
2,206,32,156,20,195,14,231,22,6,88,163,104,110,50,64,77,115,131,165,98,8,0,255,40,38,159,193,20,76,180,72
0,200,54,153,22,129,170,230,92,1,82,2,172,136,48,64,106,43,19,193,194,184,6,253,36,38,18,64,85,8,113,137
3,205,35,156,4,145,142,230,84,66,88,198,96,104,182,229,88,98,18,239,231,168,36,255,32,46,222,128,29,28,248,204
2,176,144,152,58,165,56,2,190,27,18,49,140,158,96,72,135,27,191,149,18,13,130,211,141,22,26,234,144,68,33,19
32,129,90,201,210,130,253,119,4,0,126,130,49,7,160,80,126,187,23,168,80,154,32,93,118,169,162,192,117,128,224,185
3,200,50,136,46,129,186,228,206,64,80,3,172,138,54,96,238,41,27,199,198,41,6,253,52,24,138,138,21,28,49,205
3,201,6,156,156,145,142,231,134,81,80,199,40,168,50,192,76,35,179,197,214,136,6,245,32,38,222,192,29,28,184,92
3,10,34,157,20,178,170,2,28,69,90,199,40,136,51,64,104,40,19,149,134,152,5,239,4,38,154,192,157,13,57,92
3,4,114,137,54,178,186,66,76,65,90,86,140,138,182,228,118,41,19,149,151,184,36,206,12,62,154,194,157,15,57,133
34,88,96,218,86,129,154,64,23,0,80,163,104,206,37,0,94,185,147,196,162,166,10,223,18,14,139,170,21,142,116,217
35,200,103,94,84,147,203,240,86,64,112,66,112,200,181,165,88,96,18,107,193,186,44,189,32,14,225,128,87,191,80,236
2,131,32,136,148,129,140,101,4,68,80,135,0,46,50,64,68,3,147,133,208,8,4,213,40,0,142,193,20,12,180,80
2,32,20,152,108,129,184,64,142,24,16,2,140,138,112,11,206,25,19,145,2,64,2,208,4,16,202,168,20,8,33,129
2,88,2,140,75,192,188,68,132,4,192,163,44,142,33,64,110,185,147,193,64,147,18,201,53,32,138,139,21,28,37,218
162,2,98,200,84,163,232,82,85,69,84,151,0,141,182,8,88,168,151,181,172,182,4,158,18,14,152,129,255,140,116,212
4,137,0,154,156,129,142,237,6,1,88,2,96,232,120,64,89,106,51,81,82,40,10,189,40,4,143,108,148,10,144,8
18,203,32,136,156,145,158,231,134,4,216,135,40,140,50,64,78,171,159,197,206,11,6,253,184,32,142,249,29,28,188,92
50,133,32,136,219,225,152,103,135,5,136,171,12,174,34,64,203,155,131,145,26,11,0,213,185,4,154,123,149,12,181,210
35,201,99,14,28,145,174,228,196,64,208,199,32,200,183,164,72,104,26,207,199,43,38,189,50,8,138,184,95,30,120,220
128,128,240,89,100,189,184,18,222,27,116,16,140,136,244,104,203,10,34,25,146,188,98,211,14,30,18,66,214,136,65,133
1,129,114,200,244,157,249,115,237,9,124,0,140,138,180,164,238,11,2,152,211,184,34,213,46,24,2,74,87,136,227,165
45,0,106,197,68,18,235,80,68,128,87,2,81,73,184,96,120,164,23,170,136,176,37,200,66,41,162,132,39,170,112,160
35,73,99,76,92,145,166,228,196,64,208,70,40,200,181,164,120,168,18,239,197,163,38,253,50,40,130,152,95,190,120,204
2,131,32,136,148,129,140,37,4,4,80,135,32,8,50,64,76,3,147,133,212,8,4,149,32,32,142,193,20,12,188,64
3,156,51,217,243,181,184,103,126,73,126,112,172,190,166,228,167,59,146,24,183,184,48,223,47,62,26,194,144,64,169,175
2,132,130,140,20,34,136,43,22,131,90,18,96,42,48,64,89,46,51,161,48,152,65,159,8,38,154,128,148,104,48,8
3,148,50,216,149,245,184,83,94,9,92,18,140,158,116,100,229,27,147,145,151,136,50,215,11,28,154,203,146,76,177,183
134,140,164,154,148,163,138,234,22,147,24,18,96,232,113,65,89,106,19,177,162,108,10,191,40,6,143,228,148,104,16,8
116,72,2,174,52,170,74,64,173,128,219,10,175,202,49,80,216,164,76,99,8,135,128,174,144,244,138,24,20,43,114,0
66,139,2,142,26,128,58,230,134,5,216,167,44,134,34,64,102,59,187,197,18,9,2,253,24,36,138,201,20,6,37,89
2,132,6,157,20,35,136,107,22,226,90,147,64,44,50,65,93,46,51,165,48,220,1,158,12,38,219,196,148,108,48,88
3,145,50,153,179,148,184,39,94,89,82,117,172,186,38,224,167,59,178,21,183,152,50,215,13,62,26,194,152,4,169,207
51,73,99,76,68,19,239,116,69,64,242,194,56,4,181,228,126,224,22,238,193,179,36,237,48,40,162,128,127,190,112,172
3,144,51,152,19,213,176,103,30,73,64,114,44,190,38,228,229,59,179,145,151,136,50,215,9,54,154,203,152,12,169,223
3,193,0,140,4,149,140,101,68,64,80,199,32,8,178,224,72,32,18,197,197,40,4,157,32,32,138,128,29,28,184,12
3,148,34,153,177,181,56,67,62,73,88,181,140,158,50,64,231,11,147,149,150,156,34,215,12,22,154,202,152,4,161,213
3,131,0,140,132,129,140,37,4,68,80,135,32,8,50,64,72,2,19,133,212,8,4,149,32,32,138,192,28,12,184,76
150,16,50,172,23,86,152,64,205,202,209,34,140,158,37,104,254,185,159,161,136,135,48,202,145,236,138,138,53,44,37,7
3,205,35,158,148,145,142,231,84,66,88,71,96,104,182,224,72,99,18,199,229,168,12,255,32,46,158,128,29,30,248,12
2,163,18,152,120,193,184,67,174,29,80,161,172,142,96,64,198,59,159,145,18,11,2,213,4,20,154,235,16,4,165,217
59,72,98,140,20,145,206,244,69,64,84,199,33,8,183,228,72,224,22,207,205,168,36,189,34,105,162,128,63,157,120,220
2,2,230,153,102,160,184,66,13,21,90,135,172,142,118,72,238,41,147,149,146,152,65,192,4,16,154,195,149,12,53,217
2,16,50,128,103,77,176,64,205,8,48,34,12,26,100,64,234,17,159,17,130,49,0,192,21,24,138,238,85,8,113,131
41,0,106,73,116,31,233,82,84,73,118,2,57,9,190,96,120,136,23,40,131,180,37,159,86,205,176,128,119,136,112,233
3,2,38,153,86,163,184,66,28,69,82,151,12,14,50,72,110,169,19,149,134,152,5,220,20,36,154,193,149,12,53,221
2,158,34,157,20,195,186,234,22,5,90,167,96,204,48,64,121,56,147,161,162,152,0,223,12,38,139,197,20,12,52,216
2,141,2,158,150,131,30,167,20,1,90,131,104,238,40,64,93,115,179,198,80,136,8,191,40,38,143,192,20,94,180,88
3,201,7,140,4,144,142,165,196,64,80,198,32,8,180,229,72,98,18,205,197,168,4,253,32,40,206,128,29,28,248,12
131,199,34,156,4,129,140,39,84,66,88,215,32,40,50,64,72,34,19,133,244,140,4,159,32,32,142,128,28,12,184,28
2,195,0,140,148,129,140,37,4,68,80,135,32,14,50,64,68,3,147,133,212,8,4,213,32,32,142,192,20,12,188,88
40,68,106,109,84,131,235,112,85,32,255,10,83,9,188,96,88,168,23,168,200,178,100,159,118,141,160,128,119,138,112,160
26,153,122,168,211,209,191,231,5,69,92,163,44,158,38,96,110,155,147,209,94,138,52,245,123,5,158,203,55,12,165,222
1,140,98,73,84,179,168,67,94,97,122,70,40,8,182,96,120,45,2,149,135,184,69,223,12,44,146,64,93,12,121,140
6,141,8,138,148,129,14,165,4,0,8,2,96,40,49,64,73,98,19,211,82,8,24,189,40,0,143,64,20,27,176,8
3,201,0,140,20,145,140,165,68,64,80,199,32,8,178,224,72,35,19,197,199,136,4,253,32,32,142,192,28,28,184,28
2,135,34,136,146,225,184,103,4,5,88,179,44,46,50,64,111,59,147,133,18,136,0,223,40,36,154,195,21,12,181,91
2,131,0,140,148,129,140,167,4,68,88,135,32,46,50,64,68,3,147,133,212,8,4,213,32,32,142,192,28,12,184,88
26,135,2,172,146,128,60,39,4,5,72,163,41,38,34,64,110,59,131,132,82,136,0,221,160,225,170,193,20,4,181,73
34,203,98,138,30,128,186,231,134,69,216,135,40,142,54,64,110,43,147,197,214,11,6,253,56,36,138,201,21,14,181,216
8,181,18,168,116,172,121,119,45,9,94,32,188,163,32,64,166,43,23,9,18,152,0,223,238,245,58,194,2,128,161,137
3,131,0,140,148,129,140,37,4,4,80,135,0,42,50,64,64,3,147,133,212,8,4,149,40,32,142,192,28,12,184,92
35,205,98,158,84,145,142,228,84,65,88,71,32,200,182,224,88,106,18,199,247,170,44,255,32,44,158,136,29,30,248,204
35,201,99,142,20,145,142,228,68,64,80,66,32,8,180,224,72,32,18,197,199,168,36,189,32,40,138,128,93,30,120,204
2,195,34,136,148,129,140,231,4,5,88,135,40,8,50,64,76,43,147,197,214,136,4,221,40,33,174,193,29,12,184,216
3,193,2,140,20,144,140,165,68,64,80,199,32,8,182,224,72,2,18,197,199,168,4,157,32,40,142,128,29,12,184,28
33,205,97,14,20,145,134,231,84,64,120,66,32,168,182,228,72,42,18,79,199,168,44,191,34,44,134,8,93,30,248,204
2,135,32,136,148,129,140,231,4,5,88,135,32,42,50,64,76,3,147,197,214,8,4,221,40,32,142,193,21,12,184,200
35,201,99,140,84,145,142,228,68,64,80,70,32,136,180,228,72,42,18,203,199,170,36,189,32,8,142,136,93,28,112,172
3,201,33,140,4,145,142,101,68,64,80,66,32,8,180,228,72,32,18,201,197,40,36,253,32,40,138,128,31,28,112,44
3,203,2,136,148,145,140,229,4,5,80,199,32,8,50,64,72,34,19,197,214,8,4,189,32,32,142,192,29,12,184,12
3,192,0,140,4,145,140,165,68,64,80,71,32,8,50,224,72,0,19,197,197,40,4,157,32,32,138,128,29,28,184,12
130,207,32,140,148,129,140,231,22,69,88,135,32,172,50,64,76,43,147,133,246,8,4,191,32,36,142,129,21,28,180,88
2,149,18,152,147,228,184,99,44,9,74,18,44,190,32,64,231,59,147,145,18,152,16,215,41,52,154,66,144,4,161,155
3,193,35,140,20,145,140,101,68,64,80,199,32,8,180,224,72,35,19,197,199,168,4,253,32,40,138,128,29,12,56,28
2,132,144,152,147,225,144,66,22,5,72,179,8,190,96,72,75,27,131,145,18,8,0,215,9,4,154,107,148,76,36,210
56,8,66,236,68,2,192,112,5,0,242,2,35,9,53,64,88,160,6,160,8,178,0,140,18,233,162,0,119,168,112,136
2,144,18,153,50,164,184,66,174,9,90,50,172,158,32,64,231,59,147,145,18,152,0,215,13,20,26,194,144,0,33,147
56,8,106,108,84,19,235,112,69,128,244,2,19,9,181,48,120,168,23,234,136,178,36,140,82,233,160,128,119,169,112,128
2,131,0,136,148,129,140,39,4,5,88,167,32,42,50,64,68,3,131,133,214,8,4,213,40,32,142,193,20,12,188,92
2,199,32,136,148,193,140,231,4,5,88,163,32,12,50,64,73,2,131,129,82,8,4,149,40,4,142,193,20,12,180,72
35,0,98,206,68,147,202,112,69,64,117,2,96,73,181,100,88,160,19,171,132,162,36,157,2,40,130,128,119,175,112,132
50,0,66,192,68,129,232,64,13,0,240,2,8,138,53,80,106,169,23,176,8,179,0,192,22,8,138,192,117,136,114,128
37,0,106,78,4,2,203,16,68,128,119,2,80,72,189,96,88,36,19,170,129,176,36,200,64,40,162,128,117,171,112,164
2,144,18,153,19,224,184,67,62,1,90,179,172,158,32,64,231,59,147,145,18,152,18,215,13,52,154,195,148,4,165,147
2,135,0,136,146,225,144,99,6,5,88,163,8,44,32,64,75,19,131,145,18,8,0,149,40,4,142,195,148,12,148,67
3,193,34,136,20,145,140,229,68,64,80,131,32,12,54,96,72,3,19,133,214,168,36,221,32,40,138,192,21,12,176,76
3,201,3,142,20,145,142,229,68,64,80,71,32,8,176,224,72,34,18,199,199,168,4,189,32,32,138,128,29,30,184,12
40,201,106,76,84,145,207,244,69,64,116,2,49,201,183,32,72,168,23,203,202,170,36,189,114,9,160,136,119,152,112,232
2,151,2,140,146,224,184,103,12,5,90,163,44,46,34,64,102,51,147,133,18,152,0,221,32,36,138,195,20,4,165,89
2,135,2,136,146,224,28,103,4,5,88,163,44,38,32,64,110,19,147,128,18,136,0,223,40,38,154,195,148,68,181,75
3,199,34,140,20,129,172,103,4,69,90,135,44,14,50,64,110,35,19,197,214,136,4,221,32,32,138,192,29,12,185,92
35,201,97,206,20,147,135,237,68,64,112,66,96,72,188,228,88,32,18,235,195,40,44,189,32,40,134,128,87,30,240,172
0,193,2,140,20,129,132,37,4,0,80,2,32,8,48,64,72,34,2,1,82,168,0,157,32,32,138,64,20,8,176,8
2,131,32,136,148,129,136,97,4,5,80,167,0,46,50,64,76,3,131,133,214,8,4,213,40,32,138,193,20,12,180,80
2,131,0,136,148,129,156,101,4,4,80,163,0,8,48,64,76,19,131,145,82,8,0,149,40,0,142,193,21,12,180,192
2,148,18,152,19,192,56,231,60,1,74,179,44,54,32,64,103,27,147,144,18,136,16,223,41,38,154,195,148,0,165,26
33,193,106,77,84,3,199,116,69,0,116,2,48,9,180,36,88,168,18,104,193,186,100,157,102,8,160,0,117,184,240,168
2,20,16,136,21,165,152,66,14,9,72,2,12,154,32,64,201,27,19,145,18,8,16,215,9,20,154,66,144,72,33,2
130,177,18,152,195,133,188,101,190,25,80,50,44,158,96,64,230,27,147,144,82,15,18,209,25,16,26,234,16,0,161,155
3,201,34,140,149,133,140,39,68,64,88,131,32,44,50,96,72,34,19,69,212,136,20,189,33,32,142,192,20,12,176,92
50,16,82,204,99,70,152,64,9,128,240,42,12,158,37,64,254,185,151,161,0,163,16,200,145,184,10,10,81,32,35,131
3,201,1,140,4,145,140,229,68,64,80,71,32,8,182,224,72,96,18,197,197,40,4,189,32,40,142,128,29,28,248,12
184,0,98,108,84,179,192,80,85,128,116,2,3,137,181,44,88,168,6,56,136,182,36,152,82,205,160,0,119,168,112,132
2,149,115,200,178,209,185,99,76,69,92,162,40,30,166,100,102,19,147,145,151,136,36,213,42,4,138,195,23,132,165,245
0,201,8,140,148,129,4,165,4,0,80,2,32,34,48,64,64,2,19,193,80,8,0,253,40,48,142,0,20,24,176,8
2,149,122,200,242,208,189,103,108,5,124,162,56,63,164,96,110,179,131,128,146,184,36,221,106,45,42,195,117,128,165,179
3,140,0,157,20,163,168,35,20,227,90,151,160,40,50,64,89,38,19,133,164,156,69,223,12,38,154,192,29,12,56,28
6,143,0,152,148,131,142,239,20,7,88,151,96,110,58,64,93,66,147,165,118,8,8,191,40,38,159,196,148,92,180,88
19,201,2,140,94,145,156,229,132,64,208,199,40,138,50,192,110,171,151,197,207,11,6,253,176,32,138,168,29,20,185,220
3,203,0,142,148,129,142,165,4,68,81,135,96,104,58,64,80,66,19,199,212,8,12,189,32,32,142,192,28,30,184,92
40,200,106,222,20,129,203,244,86,1,116,2,49,169,180,96,72,106,51,202,194,168,38,189,98,47,178,128,119,153,112,168
3,193,0,142,148,129,142,165,4,68,81,135,96,40,58,64,72,2,19,135,212,8,12,181,40,32,142,192,28,30,184,92
2,195,32,136,132,129,140,37,4,4,80,135,32,40,50,64,72,2,19,133,208,8,4,149,32,32,142,192,28,28,184,64
3,201,163,156,20,144,142,39,198,65,82,66,40,136,180,228,72,42,50,201,199,168,38,253,32,44,158,136,21,28,240,108
2,48,146,152,106,133,184,64,138,24,16,162,140,158,96,11,166,25,179,129,2,67,130,208,20,16,218,170,20,4,33,145
2,193,0,136,5,133,12,37,4,0,64,2,32,10,48,64,72,0,19,129,80,8,16,149,33,0,142,64,20,8,176,8
3,193,0,136,4,129,4,165,4,68,80,135,32,8,50,64,72,0,19,5,196,8,4,149,32,32,138,192,28,12,152,92
2,193,32,136,132,129,140,165,4,64,80,131,0,8,48,64,64,0,19,133,208,8,4,149,32,32,142,192,28,28,184,8
3,205,167,156,20,144,140,39,84,65,90,70,32,40,178,224,72,98,50,5,197,136,6,189,32,38,222,128,28,92,184,12
2,129,0,140,132,129,12,37,4,64,80,131,8,6,48,64,68,19,147,133,80,8,0,213,32,32,138,192,20,12,176,80
194,48,144,144,11,4,24,0,26,27,16,18,12,150,96,75,197,25,51,128,2,68,146,192,1,18,218,170,16,0,33,19
3,73,99,140,4,0,143,212,68,64,80,66,48,8,181,100,72,96,19,207,197,164,36,233,32,40,142,128,21,189,112,236
3,205,0,156,4,16,140,167,84,66,88,199,32,40,178,193,73,98,19,133,229,8,4,191,32,38,222,128,28,124,184,12
1,193,0,140,4,129,132,37,4,64,80,7,32,0,34,64,72,0,2,4,68,8,4,157,32,32,138,64,28,8,184,8
3,195,32,138,132,129,142,37,4,68,81,135,96,76,58,64,84,2,147,167,212,8,12,181,32,32,142,192,20,14,180,88
3,201,4,156,20,144,140,166,84,64,80,199,32,40,182,225,76,98,19,197,231,8,4,189,32,40,142,128,29,28,184,92
131,197,0,140,132,129,140,167,20,2,88,215,32,10,50,65,65,2,19,133,244,12,4,151,32,32,142,192,28,28,184,28
3,192,32,140,4,128,140,37,68,64,80,67,32,8,50,96,72,32,19,5,196,40,4,157,32,32,138,128,29,28,56,12
7,193,0,134,132,17,142,165,68,64,17,199,96,72,58,224,88,66,18,71,197,0,12,165,32,0,142,128,29,30,152,28
2,135,0,138,148,129,14,169,4,4,89,135,64,102,58,64,84,3,147,231,82,8,8,213,40,32,139,197,20,14,180,80
2,52,51,216,85,229,177,66,94,9,120,80,156,154,36,76,229,27,2,17,146,44,48,215,9,30,26,98,208,72,33,163
51,195,0,136,84,129,140,229,4,4,208,135,32,138,50,64,76,139,131,197,214,10,4,149,176,0,142,249,29,12,184,204
34,128,106,205,68,3,201,120,69,0,112,2,48,9,180,96,88,0,19,169,192,176,37,157,34,40,130,128,85,136,112,140
3,134,0,141,20,35,0,42,22,39,90,23,32,32,34,64,81,4,3,4,54,156,65,159,12,38,154,196,28,12,56,72
58,200,96,236,84,129,76,244,5,0,84,2,33,11,48,64,72,160,23,201,202,10,0,189,50,233,138,192,55,136,112,8
3,193,0,140,4,145,140,165,68,64,80,199,32,8,50,96,72,0,19,69,197,40,4,157,32,32,138,128,29,28,152,12
3,137,34,142,20,144,138,161,68,64,81,67,96,72,52,96,72,2,19,199,214,168,12,253,32,40,138,192,21,14,248,12
6,18,0,152,19,227,152,72,22,33,81,179,72,206,105,72,93,25,131,177,34,4,9,215,8,6,155,231,148,12,52,210
3,149,49,136,151,245,185,66,14,65,72,3,12,62,36,224,233,27,147,145,150,8,48,213,9,28,154,66,144,12,53,198
100,32,0,139,45,13,138,72,138,56,161,8,132,202,72,2,200,0,74,50,2,35,218,144,133,16,11,62,16,10,83,130
2,131,32,136,148,129,136,99,4,5,88,131,0,14,50,64,76,2,147,149,146,8,0,149,40,0,138,193,20,12,180,64
130,50,146,153,98,193,56,64,62,17,80,178,140,150,96,72,103,25,147,144,2,20,2,208,4,16,154,203,148,0,37,145
135,10,134,156,4,0,168,130,20,70,82,151,40,138,51,75,68,105,51,199,164,196,134,234,0,34,218,136,28,61,56,92
2,193,32,136,132,129,140,37,4,0,80,2,32,8,48,64,72,2,19,129,208,8,0,149,32,32,138,192,20,8,176,8
56,0,98,229,68,2,232,80,69,128,118,2,19,9,52,0,120,132,23,168,136,178,5,136,70,233,162,132,103,168,112,128
131,194,32,156,4,129,140,230,22,87,80,151,32,12,50,65,72,1,19,197,228,12,6,191,0,38,218,128,28,28,56,92
3,200,1,140,4,144,142,164,68,64,80,70,32,8,183,228,72,32,18,197,197,160,36,189,32,40,138,128,29,28,120,76
3,131,0,140,132,145,140,101,4,68,80,135,32,42,50,64,72,3,147,133,214,8,4,213,32,32,138,192,28,12,184,92
131,197,32,136,20,129,140,231,20,68,88,151,32,14,50,64,73,2,19,133,246,12,4,151,40,32,142,192,20,12,176,88
3,193,32,140,20,129,140,37,4,68,80,135,32,8,50,64,72,2,147,133,212,8,4,221,32,32,142,192,28,12,184,92
3,197,32,136,148,129,140,229,4,64,80,135,32,12,50,64,72,2,19,5,214,40,4,149,32,32,142,192,21,12,144,76
2,193,32,140,132,129,140,229,4,0,80,130,32,12,48,64,72,2,19,129,210,8,0,149,32,32,142,192,20,28,144,8
3,193,0,140,4,145,140,229,68,64,80,199,32,8,50,192,72,0,19,133,197,40,4,157,32,32,142,192,29,28,184,92
3,195,32,140,20,129,140,37,4,68,80,135,32,10,50,64,76,3,147,133,212,8,4,221,40,32,142,192,28,12,184,92
0,193,0,140,132,129,132,101,4,0,80,2,32,0,32,64,72,2,2,0,82,8,0,149,32,32,138,64,20,8,144,8
2,129,32,140,132,129,140,103,4,0,88,2,32,42,48,64,76,3,19,129,208,8,0,221,32,32,138,192,21,8,176,8
3,193,0,140,132,145,140,165,4,64,80,199,32,8,50,192,72,2,19,197,213,8,4,157,32,32,142,192,29,28,184,28
66,0,16,128,108,9,184,0,136,16,16,8,140,138,96,2,130,1,95,0,0,3,130,208,4,16,10,184,20,8,1,129
2,132,128,152,147,225,152,66,6,69,8,179,12,158,96,72,75,27,147,145,50,12,16,215,9,6,154,99,148,76,53,210
35,201,96,140,4,145,142,164,68,64,84,2,32,8,182,100,72,96,19,207,197,168,36,189,34,40,138,128,93,156,120,76
2,148,128,152,19,225,24,66,22,7,8,179,12,22,32,72,75,27,147,145,50,12,0,215,9,6,154,67,148,68,52,18
3,193,0,140,4,145,140,101,4,68,80,135,32,8,50,64,72,2,19,133,212,8,4,157,32,32,138,128,29,12,184,92
3,131,0,140,132,128,12,37,4,68,80,135,32,42,50,64,64,2,19,133,212,8,4,213,32,32,138,192,28,12,184,88
3,200,67,140,4,145,140,229,68,64,80,66,32,8,180,228,72,32,18,201,197,168,36,189,32,40,142,128,29,28,248,44
3,193,32,136,21,209,140,229,4,68,80,135,40,12,50,64,76,3,147,197,214,8,52,221,40,32,142,193,28,12,176,92
3,131,0,140,132,128,140,37,4,4,80,135,32,10,50,64,68,3,19,133,212,8,0,149,40,32,142,192,28,12,184,24
3,193,35,140,4,144,140,165,68,64,80,199,32,8,182,224,72,32,19,197,197,168,36,221,32,40,138,192,29,28,248,92
2,132,32,136,181,165,136,66,14,9,88,2,140,42,48,64,201,11,19,145,146,8,64,213,9,22,154,194,144,76,48,1
3,193,32,140,132,129,140,37,4,64,80,199,32,8,50,64,64,2,19,133,213,8,4,157,32,32,142,192,28,28,184,92
3,195,0,140,20,129,140,37,4,68,80,135,32,8,50,64,72,2,19,133,212,8,4,157,32,32,142,192,28,12,184,92
3,72,99,142,4,146,138,96,68,64,80,194,32,12,181,228,72,96,18,207,197,160,36,189,32,40,138,128,31,63,112,92
2,193,66,136,83,193,172,229,6,1,64,130,40,142,52,64,106,155,147,193,66,138,16,221,49,8,138,73,21,12,161,138
3,203,0,138,20,129,138,228,6,0,80,70,32,200,48,192,72,42,19,67,71,168,8,253,40,36,138,192,29,10,56,8
2,133,50,137,182,181,184,99,76,65,90,3,44,42,52,96,110,27,19,133,146,184,36,213,44,44,138,194,21,12,177,197
60,0,106,236,68,18,203,80,68,128,119,2,81,73,177,96,88,164,23,234,136,176,37,136,66,233,162,128,119,170,112,160
35,202,96,136,86,129,142,228,5,68,80,135,40,140,55,64,78,169,147,199,198,170,4,253,50,8,138,128,21,29,112,216
3,193,1,140,4,129,140,165,4,0,80,66,32,8,48,192,72,0,19,193,69,8,0,157,32,32,142,128,28,24,184,8
3,193,32,140,4,144,140,37,68,64,80,199,32,40,50,64,72,2,19,133,213,8,4,157,32,32,138,128,28,12,184,28
130,16,18,153,70,128,184,64,60,1,82,178,12,142,33,73,110,57,179,145,0,150,2,192,0,32,218,138,20,0,33,129
3,193,0,140,132,144,140,37,4,64,80,199,32,40,50,64,72,2,19,133,213,8,4,221,32,32,138,128,28,28,184,92
3,72,3,140,4,16,142,164,68,64,80,70,32,8,181,228,72,96,18,207,197,136,36,237,32,40,138,128,29,61,112,108
66,16,86,128,98,0,184,64,168,144,146,163,12,158,116,67,230,21,159,129,0,3,0,192,20,16,202,142,5,36,33,211
3,192,32,140,4,145,140,33,68,64,80,135,32,12,50,64,72,0,19,5,196,40,36,157,32,32,138,128,28,12,144,92
33,72,104,204,4,1,199,244,68,0,116,2,48,9,181,100,72,96,18,75,193,160,36,189,98,40,162,0,85,184,112,172
3,200,99,204,4,16,143,164,68,64,80,66,32,8,181,228,72,96,18,201,197,168,36,189,32,40,138,128,21,28,112,108
2,129,32,136,20,129,140,33,4,64,80,135,0,46,50,64,76,3,19,133,208,8,4,213,40,32,138,192,20,12,176,80
56,0,98,204,68,18,232,80,69,128,87,2,81,73,181,96,120,164,23,171,136,178,36,136,66,233,162,128,103,170,112,160
41,72,99,76,68,146,207,116,68,192,118,66,113,65,181,100,88,96,18,234,193,176,36,172,96,40,162,128,119,187,112,172
