1,201,0,140,148,0,6,167,68,4,88,7,32,32,50,64,64,66,2,197,212,8,4,181,40,32,142,64,28,28,152,28
34,200,104,204,68,145,143,244,68,0,116,130,48,13,181,36,72,232,19,207,193,42,36,189,98,8,168,168,87,153,112,252
0,0,0,128,5,68,8,0,4,0,0,2,0,8,32,64,64,0,2,0,0,0,16,128,1,0,138,0,16,8,16,2
2,145,0,136,147,133,28,37,4,0,64,131,8,30,32,64,68,19,147,129,82,8,16,213,41,32,142,194,20,12,177,80
2,193,0,140,4,129,132,37,4,0,80,2,32,0,32,64,64,0,2,0,80,8,0,149,32,32,138,192,20,8,144,0
2,133,2,137,21,170,160,99,12,1,74,2,32,34,32,64,96,2,19,128,16,152,17,221,13,36,138,64,20,8,176,0
130,52,144,144,3,228,144,2,22,11,0,50,12,150,96,72,199,25,147,145,34,68,16,194,9,6,218,194,144,64,33,19
2,148,0,136,54,161,152,66,14,69,88,167,140,158,50,64,231,27,147,149,18,8,0,215,8,22,154,194,148,12,53,83
3,133,34,140,20,129,136,98,4,65,88,135,32,40,50,64,72,34,19,133,134,136,4,221,0,36,138,192,28,12,56,92
3,137,0,140,20,128,140,39,4,64,88,199,32,40,50,64,72,34,19,69,196,136,4,157,32,32,138,128,29,12,184,92
1,195,0,140,148,129,4,37,4,4,80,7,32,0,34,64,64,34,2,4,86,8,0,157,40,0,134,64,28,12,152,12
0,193,0,140,132,1,4,37,4,0,80,2,0,0,48,64,64,2,2,129,80,8,0,149,32,32,142,64,20,8,176,8
131,141,0,140,148,147,142,175,84,64,88,71,96,104,50,192,81,34,19,37,247,8,4,159,40,38,143,196,28,108,184,92
2,135,0,136,146,225,24,34,4,5,88,163,8,38,32,64,68,19,147,144,18,8,0,213,8,0,138,193,148,8,53,16
3,200,33,140,4,145,130,228,68,64,80,66,32,8,181,228,72,96,18,75,197,32,36,189,32,40,138,128,21,28,112,44
131,197,32,152,148,145,140,231,84,66,80,151,40,8,50,97,74,3,19,133,246,44,4,223,32,34,158,192,29,12,185,76
2,149,0,136,147,225,24,66,6,1,88,162,12,54,32,64,79,19,147,144,18,8,0,213,8,4,138,195,148,68,37,18
2,207,32,138,148,193,142,231,22,7,88,131,96,108,58,64,65,66,131,133,118,8,8,191,40,38,158,193,20,94,180,72
18,131,2,136,146,193,60,101,36,5,210,163,44,134,32,64,110,187,159,145,90,155,0,213,184,32,138,203,20,0,165,9
2,220,120,218,86,133,187,244,94,1,124,2,120,155,36,100,111,59,19,216,242,42,56,255,107,14,130,66,81,11,33,171
2,131,32,136,148,129,140,37,4,68,80,135,0,12,50,64,76,2,147,5,208,8,4,149,40,0,142,193,20,12,148,80
173,12,107,94,84,147,195,112,85,194,117,66,115,104,183,229,88,224,22,234,237,182,44,175,98,47,161,0,119,175,120,164
2,151,0,136,146,225,24,99,4,1,24,163,0,46,32,64,77,19,147,145,18,8,0,213,8,4,138,193,148,76,148,82
18,149,18,136,155,197,144,99,12,1,200,2,12,182,32,64,225,147,155,145,82,11,16,213,185,4,26,75,17,0,165,18
3,193,0,142,4,1,134,165,4,0,81,2,96,64,40,64,80,0,2,66,68,0,8,181,32,32,138,192,28,26,152,8
3,128,146,153,53,173,184,2,254,89,82,21,172,138,114,72,199,11,59,21,151,184,2,209,12,22,26,202,152,76,41,133
184,0,106,237,84,11,66,80,85,128,119,2,83,9,49,25,120,168,23,234,168,182,0,12,86,233,160,0,119,187,112,128
3,72,3,204,4,144,140,36,68,64,80,66,32,8,180,228,72,32,18,73,197,160,36,189,32,40,138,128,21,28,112,44
184,0,114,236,70,10,104,80,117,0,119,2,75,203,60,17,122,168,23,235,136,178,4,140,210,233,162,128,119,186,114,128
163,205,97,78,68,147,135,247,68,64,124,66,96,104,181,100,88,98,18,106,193,40,44,191,34,40,134,128,87,254,240,172
18,16,114,192,70,65,176,64,237,0,114,34,8,155,100,64,234,153,151,176,0,179,0,192,22,72,2,195,119,136,101,131
2,0,18,137,102,225,184,66,46,17,90,130,172,142,96,72,110,25,19,144,2,156,3,209,4,48,154,131,20,12,37,138
3,195,99,76,4,147,174,109,68,64,112,198,104,76,180,228,126,49,146,237,197,168,36,221,34,40,138,128,85,28,241,252
6,157,0,134,146,160,30,167,6,128,25,167,96,110,41,64,87,115,147,210,82,8,8,255,40,4,143,192,148,127,148,24
3,132,19,217,116,189,185,99,60,9,90,80,172,166,176,228,231,59,19,24,19,152,32,223,44,20,26,194,146,128,161,173
6,141,0,130,132,161,14,229,4,0,25,130,64,46,33,64,76,67,19,194,80,8,8,240,40,0,142,192,148,95,144,8
2,201,0,138,148,129,134,228,4,0,17,2,0,0,32,64,64,66,2,82,2,8,8,181,40,0,138,192,20,27,144,0
3,201,33,200,20,145,134,237,68,64,80,66,96,72,188,164,88,0,18,107,199,40,36,189,32,8,142,192,85,30,240,140
3,193,0,140,4,144,12,165,68,64,80,71,32,8,50,192,64,0,18,69,197,40,4,157,32,32,138,128,28,28,184,12
2,149,26,138,146,193,62,103,4,1,89,162,44,54,32,64,110,19,147,128,18,136,0,253,40,36,138,195,20,2,165,27
35,201,97,136,20,147,142,237,68,64,80,66,32,72,190,160,88,2,18,101,199,40,36,189,32,8,142,196,29,28,248,204
3,203,0,136,148,131,142,165,4,4,80,199,32,10,50,64,64,34,3,197,214,8,4,189,40,32,142,192,28,12,184,28
131,193,0,140,20,129,12,167,4,69,88,135,32,40,50,64,64,2,19,69,244,8,4,189,32,32,142,192,28,28,184,88
112,64,64,161,68,136,104,101,169,32,178,10,143,10,36,83,106,129,78,192,72,27,64,196,180,248,138,64,53,152,226,8
9,32,54,209,100,157,185,80,236,25,118,0,156,155,244,238,166,41,106,24,130,48,34,192,68,24,50,98,210,136,1,161
2,193,0,140,20,129,140,101,4,4,80,135,32,8,50,64,72,34,19,133,82,8,4,157,32,32,138,192,28,12,184,72
2,131,0,136,148,129,12,101,4,5,80,131,32,2,50,64,76,3,19,133,82,8,0,157,40,0,138,193,20,12,180,72
60,72,98,238,68,129,206,240,69,0,245,10,99,201,53,0,88,168,23,235,200,35,12,189,114,201,161,184,119,191,112,136
3,197,99,140,22,144,172,231,68,65,88,198,40,44,182,228,110,35,147,205,247,140,36,255,34,46,158,192,29,28,185,220
3,195,0,140,132,129,140,37,4,68,80,135,32,8,50,64,64,2,19,5,212,8,4,149,40,32,142,192,28,12,152,92
48,200,66,170,92,129,66,224,133,0,240,10,35,200,49,16,88,168,6,99,74,35,10,189,178,192,128,56,117,27,114,136
2,133,2,140,20,128,164,39,4,0,90,2,32,34,32,64,96,34,19,128,80,136,0,221,32,32,138,128,20,8,176,8
1,72,3,14,4,16,142,164,68,192,80,70,96,72,181,228,72,96,18,79,197,160,44,169,32,40,142,0,29,63,112,76
35,201,99,204,84,145,164,101,68,64,112,66,32,8,180,228,72,42,18,65,199,170,36,253,32,40,138,128,85,28,248,172
3,195,32,140,20,129,140,37,4,68,80,135,32,8,50,64,64,2,19,5,212,8,4,149,32,32,138,192,28,12,184,80
1,205,0,140,148,145,142,167,68,65,88,71,32,40,50,224,64,98,18,69,215,40,4,189,40,38,142,64,29,28,184,12
5,72,33,140,4,0,3,132,68,64,80,66,32,0,177,228,72,96,2,71,193,32,36,185,32,32,130,0,20,61,16,108
44,0,106,238,68,2,192,80,68,128,119,2,81,73,185,64,88,160,2,42,128,160,4,136,66,233,162,0,119,170,112,128
2,195,32,136,148,129,140,37,4,4,80,135,0,2,50,64,72,2,3,133,208,8,0,149,40,0,142,192,28,12,176,0
0,201,8,136,148,129,6,165,4,1,80,2,48,0,48,64,64,2,2,193,82,8,0,61,40,0,142,64,20,24,144,8
2,131,0,136,132,129,140,101,4,4,16,131,0,8,50,64,68,0,19,133,82,8,0,149,40,32,138,193,20,12,144,64
40,201,66,233,84,129,234,247,5,1,124,2,41,139,36,64,104,171,23,200,66,186,0,253,38,205,186,192,119,136,242,136
34,143,0,136,84,131,10,107,22,5,88,135,32,206,50,0,93,41,147,181,18,138,0,223,40,6,139,229,20,12,52,216
82,203,2,140,26,128,58,100,132,1,210,135,44,138,50,64,102,169,159,197,194,139,4,253,176,36,138,136,28,4,41,24
7,205,0,138,148,129,142,229,6,65,88,199,96,104,58,64,88,66,19,247,214,8,12,189,40,36,143,192,28,30,184,4
2,147,0,136,132,193,24,33,4,4,80,167,0,6,32,64,68,19,147,129,80,8,0,149,8,32,138,193,20,12,180,80
1,193,0,140,4,128,4,165,4,64,16,199,32,0,50,64,64,0,2,5,84,8,4,149,32,32,142,64,28,12,184,24
2,131,0,136,148,129,8,33,4,4,16,131,0,44,34,64,76,2,131,4,80,8,0,149,40,0,138,192,20,12,148,64
48,0,74,173,4,2,65,64,4,0,242,2,19,10,52,64,120,132,6,161,8,179,1,136,208,233,162,0,37,168,112,0
50,0,64,129,68,11,192,72,1,32,176,10,2,8,20,0,120,132,6,33,8,50,65,128,144,8,136,180,101,8,82,0
50,201,66,140,76,129,142,228,132,4,208,199,41,138,50,64,76,193,151,197,202,11,6,253,176,96,138,152,29,28,184,152
130,222,0,158,18,192,30,175,20,19,80,179,108,126,40,65,87,115,179,161,114,204,10,255,40,38,222,195,148,44,37,91
36,8,104,94,76,131,195,88,86,0,117,2,113,201,189,40,88,40,2,106,128,166,46,57,66,9,161,8,117,187,112,160
114,32,64,128,68,8,104,64,41,32,176,10,14,10,64,16,42,129,4,128,8,18,129,192,148,128,138,160,101,0,66,0
39,72,111,76,76,145,139,112,196,192,244,74,112,200,181,39,88,224,18,107,193,35,38,156,16,40,227,152,85,187,112,164
2,148,2,152,179,224,56,35,60,1,90,179,12,182,32,64,103,19,147,145,50,136,0,215,8,38,154,195,148,4,165,83
3,200,33,140,4,16,134,164,68,64,80,66,32,8,183,224,72,96,18,65,197,32,36,185,32,40,138,128,29,28,88,12
3,192,32,140,4,145,142,164,68,64,80,199,32,8,50,224,72,0,19,69,197,40,4,189,32,32,138,128,28,28,56,28
56,0,96,225,4,2,72,80,65,160,242,2,3,11,20,80,120,132,21,160,136,178,1,128,146,233,130,132,39,128,112,0
3,193,2,140,20,145,140,37,68,64,80,71,32,8,50,64,72,34,18,69,198,40,4,157,32,32,142,192,29,12,152,12
3,195,32,136,132,129,140,165,4,68,80,135,32,46,50,64,76,2,147,197,212,8,4,181,40,32,142,192,28,28,152,92
128,0,22,152,37,133,168,64,158,27,80,18,140,138,96,75,194,9,34,128,2,68,2,208,5,18,218,10,16,8,33,129
1,200,97,204,4,145,143,228,68,64,80,66,32,8,180,228,72,96,18,73,197,40,36,189,32,40,138,0,87,28,80,108
44,8,106,78,68,18,235,80,68,128,118,2,48,1,181,100,104,96,19,202,128,160,36,40,66,41,160,0,119,187,112,168
2,131,0,136,148,129,12,33,4,5,80,135,0,14,50,64,68,3,147,133,80,8,0,213,40,32,138,192,20,12,180,64
3,139,0,140,148,0,6,167,4,5,88,135,32,40,50,64,64,66,19,197,212,8,4,181,40,32,142,192,28,28,184,76
3,129,2,140,20,145,12,101,68,64,82,71,32,2,50,224,72,34,19,133,213,152,4,157,32,32,138,192,28,12,184,28
2,133,0,136,23,193,152,99,4,4,88,163,40,30,32,64,74,27,147,129,82,138,0,213,32,0,138,203,21,12,180,146
56,232,64,168,84,129,66,240,7,0,240,10,35,136,33,0,72,168,23,66,74,42,8,189,112,201,170,56,53,153,112,136
2,131,34,136,148,128,188,101,4,5,82,167,40,14,48,64,108,19,147,133,210,152,0,213,40,32,138,193,21,12,181,80
2,128,36,137,4,129,168,64,68,16,80,2,136,8,48,65,104,0,19,145,130,176,67,213,4,0,138,196,21,8,48,128
35,200,104,204,68,145,207,244,68,0,116,130,48,12,181,36,72,232,19,207,193,170,36,189,98,8,168,168,87,153,112,188
130,148,18,152,55,225,16,98,30,1,88,178,44,22,32,64,206,49,147,128,34,140,16,223,0,38,154,67,20,8,37,147
2,149,34,136,146,224,184,35,44,65,90,163,12,62,32,64,103,19,147,145,18,152,0,213,12,36,138,195,148,4,165,83
45,8,106,78,68,147,195,80,69,64,116,2,50,72,183,100,72,232,23,79,140,162,36,173,82,41,160,136,119,191,112,236
52,0,82,128,70,11,96,64,41,160,242,10,15,10,33,16,106,173,6,32,8,178,0,204,144,208,138,0,37,40,114,128
130,20,144,152,55,165,48,66,30,11,16,50,12,146,96,72,231,25,19,16,34,4,0,210,8,6,26,226,148,72,33,131
2,144,146,152,187,165,56,67,14,25,88,50,12,150,32,72,231,27,179,144,18,8,18,215,9,20,154,202,144,0,161,3
33,201,97,204,4,145,134,228,68,64,112,66,32,8,181,228,72,96,18,75,197,40,36,189,34,40,130,0,93,60,120,172
2,195,0,140,132,128,14,167,4,4,88,135,32,34,34,64,72,66,131,196,84,8,0,181,40,32,142,192,20,28,180,72
2,32,144,144,36,129,184,64,30,24,16,0,140,130,96,73,198,25,19,16,2,64,2,208,4,16,218,168,20,8,17,129
2,132,0,136,145,225,24,98,4,5,8,163,0,46,48,64,73,19,147,149,18,8,16,148,8,4,138,195,148,76,20,82
0,69,0,136,132,32,4,7,4,2,24,2,0,32,32,64,73,2,19,0,64,0,0,128,32,32,142,0,20,88,176,0
60,0,66,236,68,2,66,16,5,128,87,2,83,65,161,64,88,164,23,170,8,160,0,136,66,233,160,0,39,168,112,0
2,145,0,136,147,133,28,37,4,0,64,131,8,14,32,64,204,19,147,133,82,8,16,213,41,32,142,194,20,12,177,82
5,8,105,206,4,2,131,16,68,0,85,2,112,72,181,100,72,96,18,75,129,160,44,169,64,40,138,0,85,171,112,36
2,200,8,136,20,129,11,228,6,0,80,2,48,138,48,64,72,8,19,193,66,8,0,189,96,0,170,224,20,8,48,168
2,129,16,136,151,193,148,97,6,1,0,2,12,24,32,64,200,27,147,17,82,40,16,149,41,0,142,67,16,8,181,130
2,129,48,136,22,129,188,101,12,0,80,130,44,14,48,64,110,19,147,129,210,8,0,213,32,0,138,194,21,8,161,153
0,193,0,140,132,129,12,37,4,0,80,2,0,10,32,64,64,2,2,128,80,8,0,149,32,32,138,64,20,8,144,8
0,133,2,137,21,166,40,99,44,1,74,2,40,34,32,64,96,34,19,128,16,152,17,221,37,36,138,64,20,8,176,0
2,131,32,128,132,129,140,37,4,4,16,135,0,44,50,64,76,2,131,5,212,8,4,149,40,0,142,193,20,12,148,80
2,131,0,140,132,129,12,37,4,4,80,135,0,8,50,64,64,2,19,5,80,8,0,149,32,32,142,192,28,12,152,88
2,129,2,140,148,193,148,103,4,5,88,162,32,60,32,64,72,50,131,129,82,136,0,157,40,36,142,195,20,8,180,11
2,132,34,137,54,161,184,66,30,1,90,147,140,142,48,64,103,19,19,149,178,152,0,215,12,54,154,192,148,12,49,16
3,149,32,136,182,161,152,66,14,65,88,167,12,30,34,64,239,27,147,149,150,8,4,213,8,20,138,194,148,12,49,87
2,135,32,140,20,129,136,34,4,5,88,135,32,42,50,64,76,35,147,133,134,136,4,221,32,38,154,192,28,12,56,88
3,143,0,140,20,129,140,103,4,64,88,199,32,40,50,64,72,34,19,133,198,136,4,157,32,32,138,128,28,12,184,92
3,192,0,140,4,145,140,165,68,64,80,71,32,8,50,224,72,0,18,69,197,8,4,157,32,32,138,128,28,28,184,12
129,131,0,140,148,129,4,37,4,4,80,135,32,34,34,64,64,34,2,4,86,8,4,157,40,32,134,64,20,12,184,8
130,0,18,153,54,163,184,66,28,3,82,18,172,138,48,72,238,41,19,17,34,188,0,223,4,54,26,194,148,8,33,1
2,151,2,136,151,225,184,99,12,5,88,167,44,14,32,64,110,19,147,145,18,152,16,213,9,4,138,195,149,12,165,210
35,200,99,204,84,145,138,228,68,64,116,66,40,8,180,228,72,40,19,203,199,170,36,253,34,40,138,128,23,157,112,172
0,129,0,140,132,128,4,37,4,0,80,2,32,2,48,64,64,2,2,129,80,8,0,149,40,32,142,64,20,8,176,8
131,205,32,138,148,129,142,167,20,69,88,151,64,104,58,64,65,66,19,199,244,8,12,183,40,32,142,192,28,94,184,92
3,197,0,140,20,129,140,167,4,64,88,199,32,10,50,192,76,2,147,197,213,8,4,189,32,32,142,192,28,12,184,28
2,193,32,136,4,129,140,37,4,0,80,2,32,8,48,64,72,2,19,129,208,8,4,149,32,32,138,192,20,8,176,8
130,133,34,156,20,129,172,103,20,0,82,151,32,8,50,65,72,34,19,133,242,172,4,159,32,32,138,192,28,12,184,8
3,141,0,140,148,147,142,175,84,64,88,199,96,40,50,193,81,34,18,165,245,8,5,159,40,38,143,128,28,108,184,76
131,197,99,136,20,145,140,103,84,64,80,82,32,8,180,224,72,2,19,197,247,44,36,255,32,40,138,192,85,12,240,204
1,72,97,204,4,145,131,224,68,64,80,66,32,8,181,228,72,96,18,75,193,32,36,189,32,40,138,0,23,61,112,44
82,16,82,160,38,2,184,64,169,0,146,162,141,14,52,66,102,181,157,129,0,129,0,200,144,248,138,130,37,0,33,1
60,0,98,228,4,2,64,88,65,128,243,2,67,73,61,80,120,164,21,162,136,179,1,136,146,233,161,148,103,170,112,0
2,133,0,136,146,225,24,98,6,5,88,163,8,38,32,64,79,19,147,144,18,8,0,213,8,4,138,195,148,12,53,82
3,129,32,136,4,129,140,37,4,68,80,135,32,14,50,64,68,3,19,133,212,8,4,149,32,32,138,192,28,12,176,80
2,48,16,152,73,197,144,64,142,25,0,10,140,158,96,8,204,25,147,17,2,11,18,208,25,16,26,122,144,8,33,131
2,143,32,138,148,193,158,231,4,5,88,179,32,46,48,64,73,83,131,195,114,8,12,183,40,36,142,193,20,94,180,90
3,193,6,153,20,144,168,167,92,65,82,199,160,8,178,224,104,42,51,197,215,184,69,253,44,54,154,192,29,12,184,28
3,195,36,156,142,128,156,231,132,85,80,135,40,46,50,65,79,35,179,133,212,8,6,253,32,34,222,128,29,28,185,93
2,207,32,154,148,193,142,231,20,7,88,131,96,108,58,64,89,66,131,133,118,8,12,191,40,38,159,193,20,94,180,72
18,131,2,137,146,193,60,101,4,5,210,163,12,142,32,64,110,187,159,145,90,155,64,213,188,32,138,203,20,4,165,201
2,131,0,136,148,129,140,97,4,68,80,135,0,12,50,64,76,3,147,133,82,8,0,213,40,0,138,193,20,12,180,80
2,206,32,156,20,131,138,238,22,6,88,135,96,104,50,64,89,98,147,165,166,136,4,191,40,38,139,193,21,12,60,76
3,78,34,140,20,163,138,110,22,69,90,135,32,232,51,64,88,40,19,133,166,156,5,159,0,38,154,128,29,12,56,92
1,12,99,219,20,187,162,66,92,65,91,66,168,8,181,228,104,42,18,153,133,184,101,254,4,62,146,64,213,79,121,172
3,216,51,218,87,133,171,244,94,9,84,66,60,218,164,100,237,59,18,217,163,168,56,255,41,30,154,66,83,9,33,173
108,0,80,226,36,8,88,16,169,40,179,8,207,11,88,18,170,133,93,162,8,50,192,192,146,217,170,148,6,162,67,0
2,149,122,201,215,231,185,115,12,1,126,2,24,31,36,64,126,27,19,176,18,184,49,212,127,141,138,198,181,136,165,179
2,131,32,136,148,129,140,103,4,68,24,167,0,12,50,64,76,3,147,149,210,8,0,149,40,0,142,193,20,12,180,80
33,72,107,94,84,147,195,112,85,64,117,66,112,104,183,229,88,224,18,106,229,166,44,191,2,46,224,0,127,175,120,236
86,139,0,138,156,129,14,233,134,5,152,135,96,204,58,64,88,234,139,215,82,11,10,181,184,4,143,249,20,14,180,72
2,203,4,152,28,129,140,229,150,21,80,135,32,136,50,65,76,11,131,197,198,8,6,245,32,0,158,201,21,28,184,200
2,135,0,136,146,225,28,99,4,69,88,163,8,46,32,64,78,19,147,145,18,8,0,213,40,0,138,195,148,68,180,82
3,197,0,158,148,129,142,165,22,69,81,135,96,104,58,65,81,66,19,103,246,40,12,183,40,38,206,192,28,30,152,92
3,200,33,140,4,144,142,164,68,64,80,66,32,8,181,228,72,96,18,205,197,40,36,189,32,40,142,128,29,28,112,108
18,149,18,184,147,165,16,99,31,9,232,18,12,186,32,64,225,27,147,145,18,11,16,215,185,214,26,74,144,0,161,2
2,131,32,136,148,193,140,39,4,5,88,167,0,46,50,64,76,3,131,133,80,8,0,213,40,32,142,193,20,12,148,80
51,88,98,14,79,209,154,96,197,68,244,239,34,76,55,160,76,169,151,231,205,163,20,189,18,40,138,187,125,63,120,222
2,148,51,216,243,229,177,67,30,25,120,50,172,150,36,236,231,27,147,144,19,136,50,215,9,22,26,74,146,64,165,183
26,149,114,232,211,193,28,231,7,65,72,3,44,159,32,64,239,155,147,129,90,10,16,215,187,103,154,67,55,12,164,26
2,131,32,136,148,129,140,97,4,5,80,135,0,46,50,64,76,3,131,133,210,8,0,149,40,32,138,193,20,12,180,72
0,195,0,138,132,129,14,165,4,0,81,6,64,72,42,64,80,66,2,98,80,0,8,181,32,32,138,64,28,11,152,0
2,141,166,158,20,162,136,43,22,192,88,131,96,236,48,64,80,110,51,165,208,168,14,191,40,38,207,128,20,110,48,72
11,133,34,217,180,176,169,51,126,73,94,18,172,162,180,228,231,11,50,152,147,184,38,213,14,60,146,192,150,132,225,165
134,199,0,138,148,129,14,164,4,5,89,2,64,66,56,64,80,66,19,195,82,0,8,183,40,32,142,193,20,27,176,0
3,192,0,140,4,145,140,165,68,64,80,198,32,8,178,224,72,32,18,197,197,40,4,157,32,32,138,128,28,28,184,12
1,192,67,140,4,144,132,100,68,64,80,70,32,8,180,228,72,32,18,73,197,168,36,189,32,40,138,0,93,28,120,12
6,150,4,156,152,227,8,235,22,182,80,183,104,230,40,65,93,81,179,181,50,68,11,223,40,6,223,197,148,108,52,80
3,130,146,153,116,189,184,2,190,29,80,21,172,138,114,72,195,43,51,21,150,28,2,209,12,20,26,202,156,12,57,133
184,64,106,236,84,139,72,80,85,128,243,2,83,9,49,89,120,168,23,226,168,182,0,140,210,233,160,0,119,171,112,128
3,128,2,153,82,160,184,66,62,65,82,215,140,138,50,72,103,11,147,149,55,156,4,215,12,54,154,192,156,4,41,209
3,200,1,140,4,17,142,164,68,64,80,70,32,8,182,224,72,96,18,69,197,40,36,189,32,40,142,128,29,28,184,12
3,72,35,140,4,144,138,36,68,64,80,66,32,0,181,228,72,32,18,201,193,160,36,189,32,40,138,128,21,28,112,108
163,205,99,76,68,147,143,255,68,66,92,66,112,104,181,100,88,34,18,234,229,168,36,159,34,44,134,128,87,254,240,236
2,130,2,153,112,168,184,67,190,29,80,177,172,134,98,72,198,59,147,149,18,152,2,209,12,48,154,201,148,4,165,193
178,0,114,236,102,2,216,80,125,8,241,2,11,139,61,89,254,169,23,163,136,183,0,200,146,249,130,128,119,168,98,129
26,0,98,225,4,2,232,64,69,0,210,2,9,10,48,64,104,141,21,161,136,176,1,192,146,233,170,132,37,136,112,128
35,72,97,205,68,147,239,116,68,68,118,134,48,13,183,100,76,160,19,236,193,184,101,253,102,40,162,128,127,156,112,252
48,0,64,136,68,2,192,64,5,0,240,2,0,10,52,64,104,128,6,1,8,163,0,192,144,8,130,8,85,8,112,128
2,2,160,153,102,161,184,2,30,21,82,147,172,142,48,72,238,59,51,145,130,152,67,209,4,16,154,195,148,12,53,201
3,201,0,142,20,145,140,165,68,64,80,70,32,8,178,224,72,34,18,69,197,40,12,189,32,32,142,128,28,30,152,12
51,104,96,236,92,145,74,240,69,96,240,10,35,136,53,48,88,168,23,227,206,50,100,189,178,217,128,184,53,157,82,140
2,130,2,153,22,171,168,67,30,5,82,147,172,10,50,72,107,41,131,149,2,156,65,213,4,38,154,193,148,12,53,200
184,0,98,232,116,139,74,80,85,0,244,10,19,137,52,80,88,168,6,168,136,182,64,158,210,237,160,192,119,136,112,128
51,72,67,140,84,147,206,252,69,64,208,198,40,200,183,228,124,168,22,239,207,163,36,253,50,8,138,136,95,191,120,156
24,0,98,229,4,2,104,16,101,0,82,2,27,11,48,64,104,132,4,129,136,176,1,128,194,233,162,128,55,136,112,128
6,157,0,134,146,162,30,167,6,128,24,167,104,110,41,64,87,115,147,242,114,8,8,255,40,6,143,192,148,127,180,24
3,201,99,138,22,145,174,229,68,64,80,66,104,72,188,228,126,43,18,199,199,168,44,253,32,8,142,130,93,30,249,205
3,193,0,140,4,145,140,229,68,64,80,71,32,8,50,224,72,34,18,197,199,40,4,157,32,32,142,192,29,28,184,12
6,141,0,138,148,161,14,229,4,1,25,130,96,110,41,64,77,83,19,210,82,8,8,252,40,0,142,192,148,95,176,8
50,232,66,170,84,129,74,232,1,0,208,10,35,194,33,16,88,232,23,226,74,11,8,189,176,193,138,168,52,11,50,136
51,201,98,142,84,145,174,228,196,64,208,199,32,200,182,96,104,42,19,199,199,171,4,253,34,40,138,136,29,30,248,220
0,201,0,138,148,161,6,196,4,0,25,2,0,2,32,64,64,66,2,82,82,8,8,181,40,0,142,64,20,91,144,8
3,201,97,200,20,147,134,237,68,64,80,66,32,72,188,164,88,8,18,105,215,40,36,189,32,8,142,196,93,30,240,172
3,193,0,140,4,145,12,37,4,64,80,199,32,8,50,64,64,0,19,133,196,8,4,157,32,32,138,192,28,12,184,92
35,201,99,94,84,145,138,228,196,64,112,66,32,200,180,165,88,234,18,203,199,170,38,189,48,8,130,136,87,31,112,172
8,149,26,232,243,164,57,119,45,9,94,2,188,179,32,64,166,59,23,152,18,152,0,221,239,188,58,194,18,0,161,171
2,157,26,138,146,193,190,103,4,1,89,163,44,126,32,64,102,27,147,128,82,136,0,253,40,37,170,195,20,2,165,26
35,201,97,201,20,147,134,237,68,64,80,66,32,8,180,228,88,8,18,105,199,58,101,189,36,8,142,192,85,28,240,140
3,195,0,140,132,129,12,37,4,4,80,135,32,40,50,64,64,3,19,133,212,8,4,157,40,32,142,192,28,12,184,24
163,205,99,222,20,145,134,228,84,64,112,66,32,136,180,165,72,106,18,75,231,170,36,191,34,12,134,136,85,158,112,172
3,203,0,136,20,147,142,165,4,64,80,199,32,8,178,192,72,34,19,69,213,136,4,189,40,32,142,192,28,12,184,28
18,157,22,136,147,192,188,231,140,1,200,162,44,182,32,64,102,51,155,128,82,137,2,253,184,164,158,203,20,0,165,26
41,72,122,79,116,155,227,112,69,0,116,2,48,201,181,36,90,104,19,106,192,178,44,189,102,9,160,0,119,155,80,169
3,201,1,140,4,147,142,164,68,64,80,70,96,72,180,228,88,96,18,111,197,40,44,189,32,40,142,132,29,62,248,76
2,207,38,152,148,128,140,231,150,5,88,135,32,174,50,65,76,43,147,197,242,8,2,253,32,36,158,193,20,28,180,200
2,135,0,136,144,225,24,99,6,5,88,163,0,46,34,64,77,19,131,145,18,8,0,213,8,4,138,195,148,76,180,80
3,201,32,142,4,16,142,165,68,64,80,198,96,72,182,228,72,96,19,207,197,8,36,189,32,40,142,128,29,62,248,92
2,195,32,136,148,129,140,165,4,5,80,135,32,8,50,64,72,3,147,197,210,8,4,213,40,32,142,192,21,12,184,72
60,18,114,108,70,82,219,120,69,4,117,163,91,77,181,48,126,184,135,234,136,178,36,140,82,233,161,137,119,171,116,147
35,72,99,206,4,16,139,208,68,192,84,66,96,72,181,228,88,96,18,239,129,160,44,168,2,40,138,128,87,191,112,236
130,199,32,140,148,129,12,167,20,5,88,135,32,12,50,64,64,2,147,197,242,8,4,159,40,36,142,192,28,12,176,88
66,200,80,128,102,136,124,132,173,16,48,2,140,10,116,83,230,129,31,193,66,40,0,241,148,152,138,232,20,24,129,137
115,0,66,128,76,27,232,64,13,96,176,207,10,8,242,240,104,133,94,165,141,35,68,192,148,16,138,188,61,12,120,212
60,0,98,238,68,3,66,88,69,0,113,2,67,73,61,0,88,136,6,34,136,178,8,140,18,201,161,4,119,170,112,128
3,195,0,140,4,128,140,37,4,68,80,135,32,8,50,64,72,2,19,133,212,8,4,149,32,32,138,192,28,12,184,92
56,65,98,236,84,18,76,117,65,0,247,10,11,9,180,84,120,140,6,168,216,179,37,140,114,232,128,20,119,168,242,128
9,32,54,209,100,157,169,80,236,25,118,0,156,137,244,239,166,41,42,24,131,176,34,192,70,24,18,66,198,136,1,165
2,149,16,136,147,193,152,103,14,1,88,163,44,158,32,64,238,27,147,145,82,8,16,213,41,36,138,195,21,8,165,19
2,135,2,136,22,225,152,99,4,5,88,163,40,14,32,64,78,19,147,129,82,8,0,213,0,32,138,195,20,12,180,18
35,203,32,136,20,129,138,228,68,68,80,135,32,8,54,64,72,40,19,69,198,168,4,189,32,8,138,128,29,12,120,204
18,148,82,184,179,225,56,98,191,5,88,179,44,158,32,64,231,27,151,145,50,137,0,215,153,22,26,203,148,68,37,211
3,193,0,136,4,129,140,165,4,64,80,199,32,8,50,64,72,0,19,197,197,8,4,149,32,32,142,192,28,28,184,92
2,195,0,136,20,129,140,101,4,4,80,135,32,12,50,64,76,34,19,133,82,8,4,157,32,32,138,192,20,12,184,72
2,129,0,136,133,193,12,37,4,64,80,163,0,46,50,64,64,19,147,133,80,8,0,213,40,32,138,193,20,12,180,80
2,131,0,136,148,193,12,97,4,5,80,131,32,6,50,64,72,3,147,133,82,8,0,149,40,0,142,193,20,12,180,72
56,73,106,238,68,147,206,240,69,64,244,10,51,201,181,0,88,232,23,235,200,162,44,189,114,201,160,168,119,187,112,136
131,199,98,156,22,144,188,103,84,64,84,199,40,44,182,228,110,35,147,141,247,136,36,223,34,46,158,128,29,12,185,220
2,131,0,136,144,129,12,35,4,5,88,135,0,46,50,64,68,3,131,133,82,8,0,213,40,32,138,193,20,12,180,80
2,151,38,156,146,192,184,103,28,69,90,183,44,174,50,64,102,59,179,133,150,152,6,221,40,38,154,195,20,4,181,89
2,135,0,136,149,225,8,99,6,5,8,163,0,46,50,64,73,27,131,145,18,8,0,149,40,4,138,65,148,12,148,66
48,72,98,206,76,145,202,112,197,0,244,2,32,201,181,32,72,232,23,202,136,163,36,253,18,40,128,8,119,187,112,140
3,133,34,140,150,128,140,103,4,65,90,135,40,46,54,96,78,35,147,133,214,136,4,221,32,40,138,192,21,12,177,92
56,72,66,238,92,129,198,240,133,0,240,10,35,201,49,16,88,232,23,66,74,35,10,189,50,201,160,56,119,155,114,136
3,205,98,140,20,144,172,231,68,64,90,199,40,40,182,224,110,35,19,205,247,168,36,255,34,46,158,128,29,28,249,220
2,133,2,140,20,128,164,39,4,0,90,2,32,34,32,64,104,34,19,192,80,184,0,221,32,32,138,128,20,8,177,8
42,201,98,204,84,145,207,244,69,64,116,2,48,137,181,228,72,234,19,202,194,170,36,253,114,40,162,136,119,152,112,168
2,129,0,136,148,193,12,33,4,4,64,163,0,14,32,64,72,19,131,129,80,8,0,149,40,32,138,195,20,12,180,82
3,201,1,142,4,144,142,164,68,64,88,71,96,8,176,228,72,98,18,71,197,168,12,189,32,32,142,128,28,30,184,12
0,129,2,140,148,129,172,229,4,0,80,2,32,10,48,64,104,34,19,129,82,168,0,221,32,32,138,0,21,8,176,136
34,193,96,140,84,129,140,101,68,0,80,2,32,8,52,64,72,42,19,193,194,170,0,221,32,40,138,128,21,8,240,136
35,193,98,204,84,145,172,103,68,64,88,2,32,8,182,224,72,42,18,65,199,170,36,221,32,40,138,128,93,28,248,204
3,72,3,204,4,16,138,164,68,64,80,66,32,8,181,228,72,96,18,203,133,160,36,173,32,40,138,128,85,61,112,108
1,205,0,140,148,145,142,231,68,64,88,66,32,40,180,224,72,98,18,69,215,40,4,189,40,46,142,64,29,30,184,12
44,0,106,76,4,18,193,24,68,192,119,2,81,65,185,96,88,36,2,170,128,160,44,8,66,169,163,4,119,170,112,32
3,131,32,136,148,129,140,101,4,4,80,135,0,10,50,64,76,3,147,133,214,8,4,213,32,32,138,192,20,12,176,64
2,195,32,136,148,129,140,37,4,4,80,135,0,2,50,64,72,2,131,133,208,8,0,149,40,32,142,192,28,12,184,0
2,143,2,142,20,163,138,99,4,4,88,135,40,138,50,64,76,43,147,197,18,138,0,253,32,36,138,200,20,14,48,200
2,131,0,136,132,129,140,37,4,4,16,135,0,10,50,64,68,0,19,133,82,8,0,149,40,32,138,193,20,12,148,64
32,193,106,201,84,147,237,117,68,1,116,2,49,11,180,96,104,138,2,136,210,186,36,221,118,173,162,64,117,136,224,168
2,88,82,152,83,227,186,70,28,1,88,162,44,158,37,64,110,57,147,129,2,158,16,255,0,36,154,139,21,1,37,154
2,201,18,138,117,133,186,228,142,9,88,2,172,146,32,64,194,43,23,64,66,11,10,253,173,20,10,234,16,10,161,139
2,195,0,136,4,129,12,37,4,4,80,135,32,12,50,64,76,1,147,5,84,8,0,149,32,32,138,193,20,12,148,80
2,0,0,136,4,1,128,0,4,0,16,2,0,0,32,64,72,0,19,0,0,0,0,144,0,32,138,128,20,8,48,0
2,201,2,141,68,129,172,101,140,0,82,2,172,138,48,65,106,43,19,193,66,186,2,253,52,48,138,136,21,8,177,136
2,137,2,136,31,193,154,105,134,5,88,163,44,222,32,64,90,57,147,193,66,11,2,221,16,4,138,203,21,14,53,218
50,133,114,236,22,130,200,103,69,0,250,2,43,41,52,64,126,169,23,161,216,187,0,223,178,238,138,128,119,136,224,136
35,128,66,153,116,155,160,71,92,65,82,199,168,136,182,160,202,40,18,149,135,184,68,223,4,28,154,192,93,12,121,140
2,131,32,136,148,129,140,33,4,4,80,131,0,44,50,64,72,2,147,133,210,8,4,149,40,0,138,193,20,12,148,64
2,193,0,136,4,129,12,37,4,0,80,2,32,10,48,64,64,2,19,129,80,8,0,149,32,32,138,192,20,8,176,8
2,143,0,136,148,131,138,239,22,69,88,135,32,232,50,64,93,11,147,181,246,10,12,255,40,4,143,236,29,12,184,220
7,143,32,136,148,129,142,239,6,65,88,135,96,232,58,64,93,74,19,245,246,8,12,191,40,4,143,196,157,14,184,28
184,141,98,252,84,131,230,115,85,0,124,2,123,105,48,64,120,170,6,40,232,186,0,191,98,239,160,0,119,170,112,136
131,137,111,221,20,130,171,112,84,64,86,2,112,233,180,101,104,42,51,201,225,184,36,253,64,46,170,128,23,136,112,236
18,203,2,140,26,128,24,101,132,4,210,135,44,130,34,64,110,169,159,197,78,139,0,221,176,36,138,136,28,4,41,89
3,201,0,142,148,145,142,229,68,65,89,199,96,104,58,224,88,66,19,199,213,8,12,189,40,32,142,192,28,30,184,28
3,201,3,142,4,144,142,164,68,64,81,70,96,72,190,228,72,98,18,207,197,168,44,189,32,40,142,128,28,30,184,12
2,131,0,136,148,225,8,35,4,69,24,135,0,44,50,64,76,19,147,149,18,8,0,149,8,0,138,193,20,12,180,80
2,131,32,140,148,129,12,37,4,68,80,135,32,46,50,64,68,3,147,133,212,8,4,213,40,32,138,193,20,12,180,80
2,129,0,136,132,129,12,37,4,64,80,135,32,14,50,64,76,3,147,133,80,8,0,149,32,32,138,192,20,12,176,80
2,193,0,136,132,129,140,101,4,68,80,135,32,12,50,64,72,2,19,133,80,40,0,149,32,32,142,192,21,28,176,88
3,205,103,220,20,146,142,231,84,66,90,66,32,104,180,229,72,98,50,233,229,168,36,255,32,46,222,128,21,124,240,108
2,147,0,136,146,225,24,35,4,1,88,163,12,38,32,64,70,19,147,129,16,8,0,213,40,32,138,195,20,12,180,83
3,129,0,140,4,129,132,37,4,68,80,135,32,0,50,64,64,0,3,5,86,8,4,157,40,32,142,192,28,12,184,24
2,132,0,128,150,225,152,66,6,5,8,131,0,44,32,64,73,27,131,16,18,8,0,148,8,4,138,65,148,72,20,16
2,195,32,136,132,129,140,37,4,4,80,7,0,8,50,64,72,2,19,133,208,8,4,149,32,32,142,192,28,12,144,72
80,0,10,161,4,136,169,64,172,0,146,2,149,10,32,66,106,129,14,128,0,129,0,192,212,225,170,0,37,8,33,0
2,131,32,136,132,129,12,37,4,4,80,131,0,12,50,64,64,3,19,133,208,8,4,149,40,32,138,193,20,12,144,64
2,131,32,136,4,129,12,33,4,68,80,135,0,14,50,64,64,3,147,133,208,8,4,149,40,0,138,192,20,12,180,80
135,77,99,140,4,18,142,194,84,194,80,198,32,76,181,228,72,96,18,207,229,164,36,234,32,40,138,128,31,125,120,108
3,200,32,140,4,16,140,164,68,64,80,2,32,8,182,96,72,32,19,65,197,32,36,189,32,40,138,128,29,28,120,76
130,32,16,152,44,133,56,64,142,24,16,18,140,146,96,8,166,9,19,16,2,96,130,208,0,16,90,170,16,8,33,129
135,77,99,92,4,18,143,226,84,194,90,70,32,104,181,229,72,98,18,239,229,172,36,170,32,46,142,128,95,253,112,108
60,0,98,103,68,3,234,16,65,160,119,2,83,73,188,0,88,164,23,42,136,178,9,136,66,201,161,132,103,170,80,128
3,193,1,138,20,145,142,164,68,64,81,70,96,72,56,224,88,64,18,199,197,40,12,189,40,32,142,192,28,30,184,12
3,72,97,204,4,0,139,148,68,64,80,66,48,8,181,100,72,96,19,207,193,160,36,185,32,40,170,128,85,185,112,108
130,207,0,138,148,129,142,237,4,5,25,147,104,110,56,64,93,83,147,231,82,8,8,247,40,0,143,193,20,31,176,64
44,8,106,204,4,2,235,16,68,128,87,2,81,65,177,96,88,228,23,234,136,160,44,8,66,169,163,128,55,171,112,32
131,134,32,157,20,187,168,2,84,103,82,151,160,8,182,72,73,36,51,133,164,188,69,159,4,62,154,192,157,12,88,76
3,149,51,72,215,244,177,99,109,1,110,18,56,57,52,228,225,59,18,152,147,184,48,223,43,62,18,66,211,64,225,166
130,158,2,156,18,194,24,175,22,7,80,179,104,110,40,65,95,115,179,161,98,204,2,255,40,38,223,199,20,44,53,91
3,193,32,136,4,145,140,37,68,64,80,7,0,8,50,96,72,0,19,5,196,40,36,149,32,32,142,192,20,28,144,76
60,0,106,100,68,18,105,80,97,128,119,2,83,73,184,112,120,164,23,170,136,178,36,8,82,233,161,132,103,170,112,160
37,72,107,206,76,131,139,88,198,64,85,2,112,201,181,104,88,104,18,235,128,162,46,57,80,8,227,168,117,187,112,160
114,32,80,128,70,8,232,64,41,32,176,10,142,2,64,16,42,129,70,128,10,18,128,192,148,0,138,168,69,0,35,128
58,203,104,236,86,144,222,245,5,4,84,167,41,15,182,64,110,179,151,197,204,10,36,253,114,105,174,129,55,156,244,88
51,72,103,76,76,145,203,96,197,192,240,74,114,200,181,38,88,224,22,239,205,35,38,189,48,40,203,152,85,191,112,236
2,146,130,153,176,164,56,2,62,13,74,181,140,134,34,72,167,11,147,149,22,152,2,215,12,20,154,194,152,4,41,213
2,193,0,140,132,129,140,37,4,0,80,2,0,8,48,64,72,2,19,1,80,8,0,149,32,32,138,192,20,8,176,0
3,72,3,140,4,16,138,132,68,64,80,66,32,8,181,228,72,96,18,207,133,160,36,253,32,40,138,128,29,61,112,44
2,145,146,153,147,228,56,71,62,17,66,179,140,150,96,72,231,27,179,145,18,152,18,209,13,52,26,203,144,0,165,147
2,0,148,137,110,129,184,64,142,16,16,2,140,138,96,11,166,1,27,1,2,1,2,208,4,16,74,170,20,8,1,129
2,135,34,136,146,224,184,103,12,5,90,179,12,46,34,64,103,19,147,149,18,136,0,215,40,38,154,195,148,68,165,83
161,8,97,76,4,16,131,16,68,128,116,66,32,72,181,228,72,96,18,74,129,160,36,169,2,40,130,0,87,189,112,44
3,72,33,140,4,17,142,36,68,64,80,66,32,8,181,228,72,32,19,79,197,160,36,189,32,40,138,128,29,61,48,44
2,132,2,152,18,224,184,99,20,5,90,179,44,46,32,64,107,51,147,129,50,136,0,223,0,38,154,195,148,68,181,90
3,200,0,140,4,144,140,164,68,64,80,199,32,8,48,192,72,64,19,197,197,8,4,189,32,32,138,128,28,28,56,28
3,200,99,206,4,128,143,244,68,64,112,66,32,0,180,228,72,32,18,203,193,168,36,253,32,40,138,128,87,158,112,172
82,0,64,129,4,8,72,0,41,32,146,2,138,10,20,80,106,132,29,129,8,176,65,192,148,184,138,144,5,0,113,0
2,149,0,136,151,225,152,98,4,1,72,163,8,62,32,64,79,19,147,145,18,8,16,213,9,4,138,195,148,76,52,82
3,201,2,140,20,145,140,101,68,64,80,71,32,8,54,192,72,34,18,69,199,168,4,157,32,40,138,128,29,12,184,12
2,131,32,136,144,129,140,35,4,5,88,135,0,46,50,64,76,2,131,133,210,8,0,149,40,0,138,193,20,12,180,64
2,195,32,136,148,129,140,101,4,68,80,135,0,12,50,64,72,2,147,133,210,8,4,149,32,0,138,193,20,12,148,64
3,203,32,136,148,129,140,229,4,64,80,199,32,44,50,64,72,2,147,197,214,8,4,189,32,32,142,192,29,28,152,92
3,193,2,140,132,145,140,37,68,64,80,71,32,8,178,192,72,2,18,69,197,40,4,157,32,32,142,128,29,28,184,12
2,131,32,136,148,193,136,97,4,5,80,131,0,14,50,64,72,3,131,149,18,8,0,149,40,0,138,193,20,12,148,64
60,0,106,238,4,2,194,88,68,0,119,2,83,73,57,64,88,160,23,43,136,176,9,136,82,233,163,4,119,171,112,128
7,8,99,78,4,2,139,128,68,192,83,66,112,64,181,228,72,96,18,203,129,160,44,168,0,40,171,128,21,59,112,100
3,200,97,204,4,145,143,228,68,64,80,66,32,8,181,100,72,32,18,75,197,40,36,189,32,40,130,128,23,156,80,108
2,135,32,140,148,193,140,39,4,5,88,163,32,46,50,64,76,3,147,133,210,8,0,149,40,32,142,193,20,12,180,80
3,193,0,140,20,145,140,165,68,64,80,199,32,8,50,64,72,2,19,197,199,40,4,149,40,32,142,192,28,12,184,28
40,72,106,76,68,2,235,80,68,128,118,2,49,65,181,100,104,224,19,202,128,160,36,41,66,41,160,0,119,187,112,168
32,72,97,206,4,129,135,240,68,64,116,2,48,8,181,100,72,96,19,75,193,160,36,189,96,40,162,128,87,187,112,172
44,8,106,206,68,2,107,80,100,128,118,2,113,65,177,96,120,224,23,202,136,178,32,40,66,169,162,128,39,171,112,32
2,131,0,136,148,129,12,35,4,5,88,135,8,46,50,64,68,3,147,133,82,8,0,213,40,32,138,193,20,12,180,64
3,195,0,136,4,129,140,101,4,4,80,135,32,8,50,64,72,2,147,133,214,8,4,157,32,32,142,192,28,12,176,88
48,0,70,140,12,2,160,64,132,0,242,2,0,130,49,64,72,160,14,161,8,163,0,204,144,32,130,24,21,40,48,128
2,131,0,136,150,192,156,33,4,5,80,163,8,14,32,64,76,19,147,129,82,8,0,213,40,32,138,195,20,12,180,83
3,193,2,140,4,145,140,101,68,64,80,71,32,8,50,64,72,2,19,5,213,40,4,149,32,32,138,192,29,12,184,12
2,135,32,136,150,193,152,99,4,69,88,167,0,14,50,64,76,19,147,149,82,8,4,213,40,32,138,193,20,12,180,80
2,195,32,140,16,129,140,165,6,69,80,135,32,14,50,64,68,35,147,133,214,8,0,221,40,36,142,193,20,12,180,88
3,193,2,140,20,129,12,101,68,64,82,199,32,2,50,64,72,34,19,133,215,152,4,157,32,32,138,192,28,12,184,28
2,149,2,136,87,225,144,98,4,1,88,163,12,30,32,64,74,27,147,129,18,10,16,213,1,0,138,195,21,12,53,146
56,232,64,232,84,129,194,244,7,0,112,10,35,137,49,0,72,168,23,66,74,42,8,189,112,201,160,40,55,153,112,136
2,131,2,136,150,128,188,99,4,5,90,163,40,46,48,64,108,19,147,133,82,152,0,213,40,32,138,193,21,12,181,72
2,128,36,137,12,129,168,64,68,16,80,2,128,8,48,65,104,0,27,145,130,176,65,213,4,0,138,192,21,8,48,128
0,16,22,152,44,133,184,64,142,25,80,34,172,154,32,73,194,41,34,0,2,8,2,213,4,48,218,10,20,8,49,11
35,72,97,204,68,145,143,228,68,64,84,130,48,12,181,36,72,168,19,207,193,170,36,189,98,8,170,136,85,157,112,252
2,149,2,136,147,224,184,98,44,65,90,163,44,62,32,64,103,19,147,145,18,152,0,215,12,36,138,195,148,4,37,83
33,8,106,78,68,145,195,112,69,64,116,6,48,8,183,100,72,224,19,79,132,162,36,189,82,41,160,128,119,191,112,236
3,201,0,140,20,129,140,165,68,0,80,70,32,8,48,192,72,34,19,193,215,40,4,157,40,32,142,192,29,12,152,8
130,20,144,152,55,165,56,66,30,11,16,50,12,150,96,72,231,25,147,16,34,4,0,210,9,22,154,226,148,72,49,3
2,20,128,152,19,229,24,66,22,3,8,147,8,158,96,72,77,25,147,145,34,12,16,214,9,6,154,195,148,76,20,18
0,69,0,128,132,32,132,7,0,0,24,2,0,40,48,64,73,2,2,1,80,32,0,128,32,0,134,0,20,88,144,0
1,8,106,204,4,16,139,16,68,128,84,2,48,2,181,100,72,96,2,202,129,128,36,233,2,40,130,128,52,185,112,44
3,192,1,140,4,16,140,164,68,64,80,66,32,8,183,224,72,64,18,69,197,32,4,189,32,40,138,128,28,28,56,12
2,145,0,136,151,133,156,37,4,0,64,131,8,30,48,64,204,19,147,133,82,8,16,213,41,32,142,194,20,12,181,82
3,193,32,136,132,129,140,229,4,68,80,135,0,12,50,64,76,0,19,133,214,8,4,213,32,0,142,192,28,28,176,84
5,8,97,206,4,0,131,16,68,0,85,2,112,72,181,100,72,96,18,75,129,160,44,169,64,40,138,0,85,171,112,36
0,200,8,136,20,129,139,228,6,0,84,2,48,130,48,64,72,8,19,201,66,8,0,189,96,0,170,224,20,8,48,168
2,145,24,136,151,197,148,97,12,1,64,2,4,26,32,64,200,19,147,17,82,8,16,213,41,16,142,67,16,8,181,2
24,0,98,161,4,2,232,80,69,0,82,2,11,9,48,64,104,165,21,129,136,176,1,128,130,233,130,128,39,168,112,0
0,193,0,140,132,129,12,37,4,0,80,2,32,2,32,64,64,2,2,128,80,8,0,149,32,32,138,64,20,8,176,0
0,133,2,137,21,161,40,35,44,1,74,2,40,34,32,64,96,34,19,128,18,184,17,221,37,36,138,64,20,8,177,2
2,129,48,136,150,129,188,99,12,0,88,130,44,14,48,64,110,19,147,129,210,8,4,213,32,0,138,192,21,12,161,73
2,131,32,136,148,160,140,39,4,4,24,167,0,44,50,64,76,3,131,133,208,8,0,149,40,0,142,193,20,76,180,80
3,195,0,136,132,129,140,37,4,68,80,135,32,8,50,64,72,2,19,5,212,8,4,149,32,32,142,192,28,12,184,88
2,129,2,140,150,193,148,103,6,5,88,163,32,44,32,64,72,51,131,129,82,136,0,157,40,36,142,195,20,8,180,11
3,149,32,136,182,225,152,99,14,69,88,167,12,30,50,64,239,19,147,149,150,8,4,213,8,4,138,194,148,12,181,87
3,193,32,140,132,128,140,37,4,64,80,131,32,46,50,64,64,2,19,133,212,8,4,221,32,32,142,128,20,12,176,88
33,193,66,140,20,129,132,101,68,1,80,71,32,8,54,192,72,34,2,69,214,168,4,189,32,40,130,64,93,8,248,136
1,72,107,204,4,18,173,117,68,64,86,66,48,8,181,100,104,32,18,201,193,176,36,205,96,40,162,128,21,184,112,236
3,192,0,140,4,145,140,165,68,64,80,71,32,8,178,224,72,0,18,69,197,8,4,157,32,32,138,128,28,28,184,12
130,195,0,140,148,129,12,37,4,4,80,135,32,2,34,64,72,34,131,4,114,8,0,223,40,32,142,193,20,12,184,72
130,16,18,153,54,162,184,66,60,3,82,50,172,154,48,72,239,41,19,17,34,188,0,215,4,54,154,194,148,8,33,1
2,151,34,136,151,225,184,99,12,69,88,135,44,14,34,64,110,19,147,133,18,136,16,213,41,0,138,195,21,12,181,208
35,200,99,206,84,145,202,224,69,0,112,66,32,136,180,228,72,40,19,203,195,170,36,253,34,8,130,128,87,143,112,172
2,193,8,140,132,129,132,37,4,0,80,2,32,40,48,64,72,2,19,129,80,40,0,149,32,32,142,192,20,8,176,8
131,141,0,158,148,128,142,167,20,71,88,151,96,108,58,64,81,66,19,199,246,8,12,191,40,34,142,192,28,94,184,92
3,195,0,140,20,129,140,167,4,64,88,199,32,42,50,192,76,2,19,197,197,8,4,253,32,32,138,192,28,12,184,28
3,141,0,140,148,147,142,239,84,64,88,199,96,104,178,225,89,34,18,165,245,40,5,159,40,38,143,132,28,108,184,76
130,135,2,156,20,129,172,103,20,5,82,151,32,8,50,65,108,2,19,133,242,140,4,223,32,34,154,192,20,12,176,8
131,197,33,156,20,145,140,103,84,64,80,83,40,8,180,225,72,3,19,133,247,44,4,223,32,46,154,192,85,12,184,204
1,72,97,204,4,129,131,224,68,64,80,66,48,8,181,100,72,96,18,75,193,160,36,189,32,40,138,0,87,57,112,44
163,205,97,200,84,145,143,230,84,0,124,2,48,8,180,100,72,10,19,203,226,46,36,191,34,8,138,192,85,152,240,172
130,32,148,145,108,137,184,2,190,19,80,16,140,130,80,11,135,9,51,17,34,84,194,208,4,18,90,168,148,0,1,129
2,133,0,136,146,225,24,99,6,5,88,163,12,54,32,64,79,19,147,144,18,8,0,213,8,4,138,195,148,12,181,83
35,74,98,142,4,144,142,180,68,64,80,199,32,8,183,228,72,96,18,207,197,168,36,189,34,40,138,128,95,191,120,92
2,131,0,136,20,129,12,37,4,68,80,135,0,14,50,64,68,3,147,133,82,8,0,213,32,32,138,192,20,12,180,80
2,141,32,138,151,193,158,231,4,5,72,179,72,46,32,64,73,19,131,129,114,8,12,247,40,36,142,195,20,78,180,90
3,193,6,153,20,145,168,165,140,81,82,199,168,136,50,192,104,43,51,213,215,152,7,245,44,48,158,192,28,12,185,156
2,131,0,136,148,129,140,101,4,4,80,135,8,14,50,64,76,19,147,133,82,8,0,213,40,0,138,193,20,12,180,80
1,12,99,203,52,187,162,2,76,65,91,66,168,104,181,228,122,42,18,153,151,184,37,223,6,60,130,64,223,207,113,172
1,216,51,218,87,133,179,244,94,9,116,2,60,218,164,100,237,59,18,216,227,168,56,255,41,30,30,66,81,10,97,173
124,8,104,101,68,26,75,16,97,160,247,2,91,9,145,112,120,228,21,234,136,176,101,168,86,233,160,128,103,171,112,32
3,74,34,156,20,163,10,102,22,5,82,135,32,172,51,64,88,40,179,133,166,156,5,223,0,38,154,129,148,12,60,76
3,216,51,154,95,149,186,228,206,88,80,98,44,222,180,228,238,41,19,211,199,40,42,253,33,24,154,202,29,31,49,237
2,131,32,136,148,129,156,101,4,4,80,167,0,44,50,64,76,3,147,133,210,8,0,213,40,0,142,193,20,12,180,80
41,72,103,94,84,147,195,240,85,64,116,66,112,200,183,229,88,96,50,75,229,166,46,189,2,42,192,0,127,191,120,236
118,171,0,138,156,129,10,233,134,4,152,135,96,206,122,64,92,170,143,247,90,11,10,181,184,4,143,253,20,14,180,88
2,195,36,136,156,129,156,231,134,21,88,163,40,142,50,64,76,27,131,133,82,11,2,213,40,0,142,233,21,12,180,200
2,151,0,136,146,225,28,99,4,69,88,163,8,46,32,64,78,19,147,145,18,8,0,213,40,0,138,195,148,68,180,82
7,205,36,158,148,129,14,173,22,85,89,135,96,232,58,65,81,66,51,231,214,8,14,181,40,38,206,192,28,30,152,88
3,200,33,140,4,144,140,164,68,64,80,70,32,8,181,228,72,32,18,205,197,40,36,189,32,40,138,128,29,28,112,76
131,197,32,136,132,129,12,39,4,64,88,147,32,44,50,64,65,2,19,133,244,12,4,151,32,32,142,192,20,28,144,88
34,199,32,136,222,193,156,231,134,5,152,163,40,142,50,64,74,147,155,129,82,11,2,213,56,4,142,251,21,12,180,202
2,135,32,136,146,193,140,39,4,69,88,163,0,46,50,64,76,19,131,133,82,8,0,213,40,32,142,193,20,12,180,82
161,2,106,73,68,19,225,80,85,71,118,150,17,8,182,44,120,136,18,141,132,182,37,192,70,9,178,128,111,140,120,196
2,193,0,140,4,129,132,37,4,0,80,70,32,8,48,64,64,0,19,1,81,40,0,149,32,32,142,192,28,8,152,0
2,148,51,216,243,245,177,67,30,89,88,50,44,182,36,236,231,27,147,144,19,136,50,215,9,22,26,66,146,64,165,183
2,131,32,136,144,129,136,35,4,5,88,163,0,46,50,64,76,19,131,133,82,8,0,213,40,32,138,193,20,12,148,88
4,195,0,138,132,129,14,169,4,4,81,7,96,72,42,64,88,66,2,102,80,0,8,181,32,0,139,64,28,27,176,0
2,132,162,156,28,162,136,43,22,192,90,3,96,232,48,64,80,110,51,165,144,168,134,159,8,38,203,128,20,110,48,72
3,132,99,217,180,176,169,35,124,81,94,82,168,138,180,228,103,42,18,153,151,152,38,213,14,60,154,192,150,132,241,164
134,205,0,138,148,225,14,164,22,5,89,18,72,98,40,64,81,67,19,210,50,8,8,247,40,4,142,193,148,91,180,0
134,205,0,154,148,225,14,231,22,3,89,147,104,102,57,65,85,83,19,247,114,4,8,255,40,6,143,197,148,95,176,72
3,192,0,140,4,145,140,165,68,64,80,198,32,8,178,224,72,32,18,197,197,40,4,157,32,32,138,128,28,28,184,12
1,64,67,140,4,144,140,100,68,64,80,66,32,8,181,228,72,32,18,77,197,168,36,189,32,40,138,0,93,28,120,12
2,150,134,156,24,67,8,107,22,183,81,183,104,230,40,64,93,21,179,181,48,220,11,223,8,6,223,199,148,44,52,80
3,130,162,153,100,169,184,2,174,29,80,149,172,138,114,72,195,43,179,21,150,24,2,209,4,20,154,234,156,12,17,193
184,0,106,237,68,11,105,80,84,128,119,2,83,9,177,105,122,168,23,234,136,176,37,8,86,233,224,128,119,187,112,128
3,128,2,153,118,176,168,2,62,65,90,215,140,142,50,232,103,43,19,149,151,156,37,215,12,54,154,192,156,4,41,212
35,205,99,204,84,147,143,127,68,66,92,66,112,104,181,100,88,34,18,169,225,168,37,159,34,46,134,128,87,250,240,236
188,0,114,237,100,2,120,80,81,0,115,2,27,11,57,73,122,169,23,162,136,178,4,136,210,233,162,128,103,170,112,129
131,201,1,140,4,145,142,164,68,64,80,70,32,8,182,224,72,96,18,71,197,40,36,189,32,40,142,128,29,28,248,12
36,8,106,206,4,2,235,16,68,128,87,2,112,65,177,100,120,100,19,234,128,160,36,200,64,40,162,128,37,171,112,160
2,130,22,153,112,232,184,2,174,21,80,177,172,134,96,72,230,59,155,145,18,24,2,213,12,20,154,201,148,4,37,193
35,72,104,77,68,147,239,116,69,68,116,134,49,13,183,100,76,168,19,204,193,184,101,189,102,41,160,128,127,184,112,248
18,16,50,201,87,237,184,66,109,1,248,18,174,24,36,64,238,153,159,145,18,190,16,215,149,156,26,66,245,8,33,130
48,0,64,136,68,2,224,64,5,0,240,2,0,10,32,64,104,128,6,32,8,163,65,192,144,0,130,0,21,8,112,128
2,2,178,153,102,161,184,2,30,21,82,147,172,142,112,72,230,59,147,149,146,152,66,209,4,16,154,195,148,12,53,201
51,104,96,236,116,153,202,192,77,0,208,10,163,136,53,48,88,168,23,195,206,58,100,189,176,216,138,184,117,11,82,140
2,130,18,153,22,171,184,66,30,5,82,147,172,10,50,72,110,41,163,149,2,156,65,213,4,38,154,193,149,12,53,200
3,201,1,142,20,145,142,229,68,64,80,70,96,8,180,224,72,34,18,69,197,168,4,189,32,40,142,128,29,30,152,12
131,199,34,140,148,129,140,231,84,64,88,215,32,8,50,64,72,2,19,133,244,140,4,223,32,32,138,192,29,12,184,92
184,0,66,232,116,139,72,80,21,0,244,10,19,137,177,80,88,168,23,168,8,182,64,158,210,237,160,208,119,136,112,128
59,203,98,142,84,147,206,229,69,64,84,199,41,200,182,196,124,169,151,239,206,170,4,253,50,73,170,136,125,158,120,220
2,148,51,136,151,245,184,71,14,73,88,119,44,158,36,196,239,59,147,145,147,136,50,215,41,20,154,194,149,12,165,247
66,0,22,136,111,4,184,64,140,24,16,2,140,154,96,67,230,17,59,129,0,1,2,192,21,16,202,138,20,0,33,131
134,157,0,158,146,160,30,167,22,131,88,163,104,110,41,64,87,115,147,226,114,8,8,255,40,6,143,192,148,126,181,24
3,201,99,206,22,145,174,229,68,64,80,66,104,72,188,228,126,43,18,235,199,168,36,253,34,8,138,128,93,30,241,172
131,193,0,140,4,145,140,101,68,64,80,199,32,8,50,96,72,34,19,133,199,40,4,159,32,32,142,128,29,12,184,28
35,200,98,138,92,145,138,228,196,64,208,199,32,200,182,224,120,40,18,207,199,171,38,253,50,8,138,136,95,158,120,220
6,141,0,138,148,161,14,231,4,1,25,130,96,110,41,64,93,83,19,210,82,8,8,253,40,0,143,192,148,95,176,8
56,232,66,168,84,129,74,236,1,0,208,10,35,194,33,16,88,232,21,226,74,11,136,189,176,193,162,168,53,139,114,136
26,149,106,168,211,193,189,103,4,69,92,163,45,159,34,64,110,187,147,129,90,138,20,221,251,5,138,203,53,12,165,219
3,201,35,142,20,147,174,101,76,64,82,66,104,8,180,228,106,32,18,203,197,184,4,253,32,8,138,128,93,30,241,172
4,205,0,138,148,161,6,228,4,0,25,2,0,2,32,64,64,66,2,82,82,8,8,181,40,0,142,64,20,91,144,8
3,203,34,138,148,145,142,237,4,65,80,199,96,72,58,64,88,34,19,229,214,136,4,253,32,32,138,192,29,14,184,220
33,201,97,201,20,147,134,237,68,64,112,66,32,72,180,228,88,8,18,105,195,40,36,189,32,8,130,64,87,152,240,172
2,143,2,136,148,131,140,103,4,4,90,135,32,10,50,64,76,35,131,197,82,152,0,253,40,32,142,193,20,12,188,72
2,131,0,136,144,129,12,37,4,5,80,135,32,8,50,64,68,3,131,133,214,8,4,149,40,32,138,193,28,12,184,80
35,201,103,158,92,145,138,228,196,64,80,70,32,200,182,164,72,106,18,207,199,170,38,189,34,8,138,136,93,30,120,204
8,149,18,200,245,132,57,119,45,9,94,0,188,179,32,68,166,59,23,24,18,152,0,221,109,188,50,194,146,128,161,171
2,141,10,138,146,193,186,231,4,5,88,163,45,110,40,64,118,27,147,192,82,136,0,253,40,37,170,195,20,2,165,82
35,201,97,201,84,147,135,236,68,64,80,66,32,8,180,164,88,8,18,105,199,186,100,189,36,8,130,128,87,156,112,172
3,193,0,140,4,145,140,165,68,64,80,199,32,8,178,192,72,34,18,197,213,40,4,157,32,32,142,128,28,12,184,28
3,203,2,136,20,147,142,165,4,64,82,199,32,8,178,192,72,34,19,69,212,136,4,189,40,32,142,192,28,12,184,28
163,201,99,222,20,145,134,228,84,64,112,66,32,136,180,165,72,106,18,79,231,170,38,189,34,8,158,136,93,28,120,204
18,157,18,172,147,192,60,103,173,1,200,34,44,182,32,64,230,179,155,128,82,137,18,221,185,229,158,203,48,0,165,26
2,157,26,138,147,225,186,227,12,1,74,163,60,126,32,64,119,19,147,145,18,136,16,255,41,36,138,195,148,2,165,146
35,72,99,207,100,147,175,244,76,64,116,66,48,8,181,164,74,104,18,75,193,184,100,189,38,24,130,128,87,159,80,237
3,193,0,140,148,129,140,229,68,1,80,199,32,8,50,64,72,2,19,197,214,40,4,189,32,32,142,192,29,28,184,28
3,207,38,156,148,129,140,231,20,68,88,135,32,40,50,65,72,42,19,197,246,136,6,253,32,34,158,192,29,28,184,76
44,0,106,76,68,18,235,88,68,128,119,2,81,73,189,96,120,164,23,170,136,176,45,8,66,41,161,132,103,170,112,160
131,195,32,140,148,129,140,231,4,69,88,135,32,8,50,64,72,2,19,197,246,8,4,191,32,32,142,192,28,12,184,92
66,200,18,152,108,136,184,196,175,24,80,0,172,158,97,75,166,57,63,67,66,40,130,241,132,16,90,170,20,17,33,137
60,0,106,238,68,3,194,80,69,128,117,2,83,73,177,0,88,168,23,106,136,162,8,156,82,201,161,8,119,171,112,128
2,145,18,136,146,193,60,103,4,5,72,163,44,54,32,64,102,19,147,129,82,136,0,213,40,36,138,195,20,4,165,27
3,200,33,140,4,145,142,228,68,64,80,70,32,8,180,228,72,96,18,199,197,168,4,189,32,40,138,128,29,28,120,12
56,65,98,68,84,18,76,113,65,32,246,2,11,9,180,116,120,132,22,168,216,179,37,204,114,233,128,132,103,168,240,160
2,133,2,136,22,225,152,99,4,5,88,163,40,46,32,64,78,19,147,129,18,8,0,213,0,32,138,195,20,12,180,18
2,149,18,136,147,197,184,103,14,9,88,34,12,158,32,64,230,27,147,145,18,136,16,213,41,4,138,203,148,12,165,147
3,131,32,140,148,129,140,101,4,68,80,135,32,42,50,64,76,3,147,133,212,8,4,213,32,32,142,192,28,12,184,92
3,205,99,156,22,145,142,231,84,64,84,198,40,140,182,228,78,43,147,205,231,140,36,255,34,46,154,128,31,156,184,220
2,131,32,136,20,129,140,97,4,5,80,131,32,8,50,64,76,3,147,133,210,8,4,157,40,0,138,193,20,12,180,72
2,195,32,136,132,129,140,37,4,4,80,131,32,12,50,64,72,2,147,133,212,8,4,149,32,32,142,193,20,12,180,72
57,73,106,206,68,147,207,112,69,64,116,2,51,201,181,36,88,232,23,234,200,162,44,189,114,105,160,168,119,191,112,232
2,133,0,136,151,225,16,66,6,5,72,3,8,150,96,64,201,27,147,145,18,8,16,213,9,4,154,99,144,8,52,146
3,195,0,140,4,145,140,165,4,64,80,199,32,8,50,64,76,2,19,197,197,8,4,157,32,32,142,192,29,28,184,92
2,48,144,152,23,229,16,66,22,5,8,19,12,158,96,8,201,27,147,145,18,10,18,210,9,6,154,107,144,76,37,210
34,72,98,206,68,129,202,96,69,0,240,2,32,136,53,0,72,168,6,194,200,163,4,189,18,40,130,136,117,155,112,136
3,133,98,140,20,128,140,103,4,65,90,131,40,44,52,96,78,35,147,133,212,136,4,221,32,40,138,192,21,12,176,92
3,197,98,156,148,144,172,231,84,65,90,199,40,44,182,224,108,35,19,133,247,168,4,223,32,46,158,192,29,12,249,220
0,141,2,140,148,128,164,103,4,0,90,2,32,34,32,64,104,34,19,128,80,168,0,221,32,32,138,64,20,8,176,8
35,201,99,204,84,145,239,246,69,64,124,66,40,8,180,228,72,170,18,203,195,170,36,253,34,40,134,136,119,152,240,172
5,73,67,14,4,16,135,164,68,192,80,66,112,64,181,228,88,96,18,111,193,160,44,173,32,40,143,0,31,191,112,108
2,133,2,140,148,129,172,103,4,0,88,2,40,10,48,64,72,35,19,129,80,40,0,221,32,32,138,192,21,8,176,136
2,195,0,136,148,193,156,101,4,4,80,163,0,12,34,64,76,19,131,129,82,8,0,149,40,0,142,193,20,12,180,88
35,201,98,204,84,145,172,103,68,64,92,66,32,8,182,228,72,42,18,201,199,170,36,253,34,40,138,128,87,156,248,172
34,193,64,140,84,129,140,101,4,0,112,2,32,8,48,64,72,42,19,65,66,170,0,157,32,0,142,232,85,8,240,136
3,195,0,136,4,129,140,37,4,64,80,199,32,8,50,64,72,0,19,133,214,136,4,157,32,32,138,192,28,12,184,28
3,205,1,142,148,147,142,231,70,64,88,66,96,104,180,224,72,34,18,69,199,40,12,189,40,44,142,192,29,14,248,12
2,135,0,136,148,225,136,99,6,5,88,163,8,14,50,64,77,19,131,149,18,8,4,213,8,4,138,193,148,12,180,64
112,0,96,225,4,2,72,0,97,32,178,10,11,11,20,80,104,132,4,128,136,178,69,192,146,232,128,20,103,128,114,0
7,8,99,206,4,2,139,80,68,64,82,66,112,72,181,100,88,96,18,203,129,160,36,233,0,40,138,128,21,187,112,100
2,195,32,136,148,129,140,37,4,4,80,135,0,10,50,64,72,2,131,133,212,8,0,149,40,32,142,192,28,12,184,16
2,143,2,142,20,163,138,98,4,4,89,135,40,202,50,64,92,43,147,197,146,154,4,253,32,36,138,192,21,14,48,200
2,131,0,136,148,129,140,101,4,4,16,135,0,10,50,64,68,3,19,133,82,8,0,149,40,32,138,193,20,12,148,64
32,193,106,201,84,131,237,117,68,1,116,2,48,9,180,96,120,10,2,201,210,186,37,221,100,44,162,64,117,136,240,168
2,72,82,152,87,225,186,66,28,1,88,163,44,158,37,64,110,57,147,129,2,158,0,255,0,36,154,139,21,13,37,155
2,201,18,138,117,133,122,228,143,9,88,2,172,218,32,64,230,43,23,80,66,11,10,253,189,148,138,234,16,10,33,137
2,195,0,136,132,193,12,37,4,68,80,163,0,14,50,64,76,3,147,133,80,8,0,149,32,32,138,193,20,12,148,80
0,0,0,136,4,0,128,64,4,0,16,2,0,8,32,64,72,0,2,0,0,32,0,128,0,0,130,0,20,8,48,0
2,201,34,157,68,129,172,101,204,0,82,2,172,138,48,65,106,43,19,193,194,186,2,253,52,48,138,136,21,8,177,136
2,153,50,136,95,193,178,104,142,0,216,34,44,222,32,64,254,57,155,193,66,11,18,221,49,4,138,235,21,10,37,155
2,155,18,152,18,193,58,237,22,5,88,163,108,214,40,64,127,59,147,192,82,8,10,253,40,6,139,195,20,6,37,219
2,131,32,136,148,193,140,33,4,4,80,163,0,14,48,64,72,18,147,133,82,8,0,149,40,0,138,193,20,12,180,80
50,5,66,236,20,131,204,103,5,0,250,2,43,8,52,64,122,161,23,161,72,187,0,221,176,236,138,128,117,136,224,136
35,128,66,153,116,155,160,71,92,65,114,199,168,136,182,160,72,40,18,149,151,184,68,223,4,28,154,192,93,12,121,140
2,143,32,136,20,131,138,239,22,68,88,135,40,110,50,64,93,43,147,181,214,10,5,223,40,6,143,229,20,12,60,216
2,193,0,136,20,129,140,229,4,0,80,2,32,8,48,64,72,0,19,129,66,40,16,149,40,32,138,64,20,8,144,8
35,175,0,137,84,147,168,103,86,97,88,199,160,8,182,128,88,40,19,5,151,186,69,159,44,12,154,224,93,12,88,220
7,143,0,138,148,129,142,239,6,65,88,199,96,232,58,64,93,74,19,245,214,8,12,191,40,4,143,196,29,14,184,28
3,193,0,140,4,145,140,229,68,64,80,199,32,8,178,192,72,32,18,197,197,136,4,253,32,32,138,128,28,28,184,28
184,141,106,252,84,146,230,115,85,2,126,2,115,105,176,64,120,162,6,106,232,186,32,191,114,239,160,0,119,168,112,136
3,203,2,140,28,144,170,102,132,65,218,199,40,138,50,192,108,33,59,197,199,139,6,253,48,32,138,136,28,4,57,28
7,201,0,138,148,145,142,237,68,65,88,199,96,104,186,224,88,66,18,231,215,40,12,181,40,32,143,192,29,31,184,12
2,149,0,136,147,225,24,66,6,69,88,163,8,6,32,64,69,19,147,145,18,8,16,213,8,4,138,193,148,76,52,82
3,201,33,142,4,145,142,229,68,64,85,70,96,72,190,228,72,98,18,207,197,160,44,189,32,40,142,128,31,30,248,76
3,195,32,140,4,129,140,37,4,68,80,135,32,8,50,64,72,2,19,133,212,40,4,157,32,32,142,192,29,12,176,76
2,131,32,140,148,129,140,37,4,4,80,135,32,14,48,64,72,3,147,133,208,8,4,213,40,32,142,193,20,12,180,88
3,193,32,136,4,129,140,229,4,64,80,135,32,12,50,64,76,0,19,133,198,8,4,157,32,0,138,128,21,28,176,88
2,195,0,136,132,129,140,101,4,4,80,135,32,12,50,64,76,2,147,133,80,8,0,149,32,32,142,192,21,12,180,88
3,205,103,220,20,146,140,231,84,64,90,66,32,40,180,229,72,98,50,205,229,168,38,253,32,46,222,128,29,60,240,108
131,195,32,140,20,129,140,101,4,64,80,199,32,8,50,64,76,1,19,133,230,8,4,223,32,32,138,192,29,12,184,92
3,195,0,140,20,129,140,165,4,68,80,135,32,2,50,64,68,2,3,133,86,8,0,149,40,32,142,192,28,12,184,88
7,8,97,204,4,16,131,0,68,192,84,66,48,0,181,100,72,96,18,75,129,160,36,168,0,40,138,128,21,187,112,44
7,72,35,206,4,0,131,128,64,64,80,66,112,64,181,100,72,96,18,75,129,160,44,169,0,40,130,128,23,187,80,36
131,199,0,156,132,129,140,167,20,66,88,215,32,40,50,65,73,98,19,133,244,8,4,191,32,38,222,128,28,92,184,28
60,0,106,207,68,18,235,88,69,128,119,2,81,73,189,32,120,196,23,234,136,178,45,136,82,201,161,132,119,187,112,160
2,131,32,136,132,129,12,37,4,4,80,135,0,38,50,64,64,3,19,133,208,8,0,149,40,32,138,193,20,12,148,64
2,133,0,136,147,225,24,34,4,5,88,163,0,14,32,64,76,19,147,148,18,8,0,213,8,4,138,193,148,12,36,80
37,77,107,78,68,51,207,80,68,192,127,66,113,73,181,100,88,96,18,234,193,160,44,170,98,40,163,128,119,251,112,164
3,200,33,140,4,16,138,164,68,64,80,66,32,8,183,228,72,96,19,73,197,160,36,185,32,40,138,128,21,28,120,76
56,0,66,224,68,2,96,88,1,0,114,2,67,9,60,0,120,132,6,160,8,178,1,128,18,233,160,4,103,168,112,128
60,0,96,225,68,2,200,88,69,160,119,2,73,9,188,0,120,132,23,168,136,178,9,128,66,201,161,132,119,170,112,128
131,77,99,156,4,18,142,166,84,194,90,198,32,108,181,229,72,98,18,207,229,168,36,234,32,46,206,128,31,125,120,108
39,72,106,78,4,18,139,16,64,192,86,2,48,8,181,100,72,100,18,235,129,160,36,168,64,40,163,128,71,187,112,44
3,193,0,138,20,129,142,237,4,0,81,71,96,74,58,64,88,2,19,231,86,8,12,181,32,32,142,192,28,30,184,28
3,72,107,204,4,0,139,16,68,192,86,2,48,1,181,100,72,96,19,207,129,160,36,233,64,40,170,128,21,185,112,104
166,134,32,136,148,3,142,239,22,71,88,151,96,108,58,0,93,3,147,181,242,44,13,159,40,6,159,196,149,76,148,216
56,5,106,236,20,50,74,121,84,0,127,18,91,105,184,96,120,132,21,168,184,178,37,142,114,239,162,192,39,170,240,128
10,149,115,72,211,225,177,99,77,1,108,18,56,55,36,116,105,155,146,144,19,170,48,223,91,174,18,67,243,64,229,178
37,8,106,206,4,2,235,16,68,192,87,2,113,65,177,100,104,96,18,234,129,160,36,40,64,40,162,128,55,171,112,32
131,130,96,157,20,147,168,35,86,103,82,151,160,8,54,72,73,40,179,133,166,188,69,159,4,62,154,193,29,12,88,204
130,158,6,156,22,66,152,47,22,70,80,183,104,110,50,65,93,53,179,165,32,204,3,223,40,38,219,199,20,44,52,89
3,193,32,140,4,145,140,37,68,64,80,7,32,8,178,96,72,2,19,5,196,40,36,149,32,32,138,128,21,12,144,76
3,72,99,76,4,16,139,132,68,192,86,66,32,0,181,228,72,96,18,203,129,160,36,233,0,40,130,128,23,189,112,108
3,149,51,216,151,180,184,35,124,65,74,82,172,184,52,228,229,35,18,157,151,184,48,215,15,62,26,66,155,68,241,166
37,72,107,206,76,129,139,88,196,64,84,66,112,200,181,108,88,104,19,203,193,35,46,249,80,8,171,168,85,187,112,164
2,2,162,157,16,162,40,2,20,7,90,183,168,46,50,72,101,47,179,133,144,156,69,207,4,38,154,193,148,4,53,72
114,32,80,128,70,8,232,64,41,32,176,10,14,10,84,16,42,137,21,129,8,50,128,192,148,136,138,160,101,0,98,128
10,195,106,204,210,208,189,183,4,5,92,163,41,47,182,64,110,179,151,197,218,8,36,221,106,41,174,193,55,140,180,249
3,134,130,153,49,164,56,2,62,77,74,213,140,174,50,64,231,43,147,149,150,152,2,215,12,52,154,194,152,4,41,85
37,64,106,76,76,19,235,112,196,128,244,10,113,201,181,33,88,168,18,106,193,163,38,8,82,41,225,136,117,187,112,160
184,0,98,229,68,2,232,80,69,0,118,18,83,9,52,64,120,132,23,168,136,178,1,138,82,233,160,132,103,168,112,128
2,193,0,140,4,129,140,37,4,0,80,2,32,8,48,64,72,2,19,1,80,40,0,149,32,32,138,128,20,8,176,0
82,0,80,129,70,0,104,0,169,0,146,2,140,10,80,66,102,129,29,129,10,1,192,192,148,144,138,136,21,0,49,0
130,177,18,153,195,228,56,71,190,17,66,179,140,150,96,72,166,27,147,145,18,24,18,209,13,16,26,235,144,0,165,147
130,20,144,152,19,229,152,66,30,3,16,179,12,158,96,72,207,25,147,145,34,4,18,210,9,6,154,227,149,76,37,147
2,135,34,136,146,224,184,231,12,69,90,163,44,174,34,64,103,19,147,149,18,136,0,247,40,38,154,195,148,4,181,89
32,200,104,206,84,131,207,252,68,0,116,2,115,201,189,0,88,232,23,234,202,162,44,189,114,137,160,136,117,155,112,168
3,193,0,140,4,145,140,165,68,64,80,199,32,8,178,224,72,32,18,197,197,8,4,157,32,32,142,128,28,28,184,76
2,135,34,136,150,128,172,103,4,5,90,135,40,42,50,64,110,35,147,133,210,136,4,221,32,36,138,193,21,12,177,200
130,20,144,152,19,225,144,66,22,3,16,179,12,158,96,72,239,25,147,145,34,4,18,210,9,6,154,227,149,76,37,147
35,72,99,206,4,129,175,244,68,64,112,66,48,0,181,100,72,32,18,202,193,168,36,253,32,40,138,128,87,155,112,172
66,0,148,136,108,136,184,0,142,16,16,0,140,138,96,66,134,1,123,0,2,1,130,192,4,16,74,170,20,0,1,129
3,201,2,140,20,145,140,101,68,64,80,71,32,8,182,224,72,34,18,69,199,168,4,189,32,40,138,128,29,12,248,12
2,131,32,136,150,193,152,99,4,69,88,163,0,46,50,64,76,19,147,129,82,8,0,213,40,32,138,193,21,12,180,82
2,131,32,136,148,193,156,99,4,5,88,163,8,14,50,64,76,19,147,129,82,8,0,149,40,0,138,195,20,12,180,82
2,135,0,136,144,225,24,35,4,5,88,163,8,46,34,64,77,19,131,149,18,8,0,213,8,0,138,195,148,12,180,80
3,201,32,140,148,145,142,165,4,64,80,199,32,40,50,192,72,98,19,69,213,8,4,189,40,32,142,192,29,28,152,92
3,193,0,140,132,145,140,37,68,64,80,199,32,8,50,64,72,2,19,133,213,8,4,149,32,32,142,128,29,28,184,28
2,133,0,136,147,225,152,67,6,5,72,163,8,158,32,64,74,27,147,145,18,8,16,213,9,4,138,67,148,12,181,210
3,193,1,140,4,144,140,165,68,64,80,199,32,8,180,224,72,2,19,133,197,40,4,157,32,40,142,128,29,28,184,12
48,0,64,129,4,2,192,72,5,0,178,2,2,10,44,64,104,128,14,32,8,163,65,192,144,136,130,20,117,8,112,0
3,200,97,204,4,129,135,116,68,64,80,66,48,8,180,100,72,96,18,75,193,40,36,189,32,40,130,128,85,152,80,44
2,135,32,136,148,129,140,103,4,5,88,167,32,44,50,64,76,3,147,133,210,8,0,157,40,32,142,193,20,76,180,80
3,195,0,136,148,129,140,165,4,4,80,135,32,8,50,64,68,2,147,133,214,8,4,149,40,32,142,192,28,12,184,72
40,8,106,78,68,2,107,80,69,128,118,2,115,1,181,84,104,224,23,202,136,178,36,40,66,169,160,0,119,187,112,168
32,72,97,206,4,129,195,112,68,64,116,2,48,9,181,100,72,96,19,75,193,160,36,189,96,40,162,128,87,187,112,172
60,8,106,236,68,2,74,80,69,128,119,2,89,75,177,80,120,164,21,234,136,178,0,136,82,233,162,128,39,171,112,128
3,195,0,136,4,129,140,101,4,64,80,135,32,8,50,64,72,3,19,133,212,8,4,213,32,32,138,192,29,12,184,92
2,195,32,136,148,129,140,101,4,4,80,135,32,14,50,64,76,3,147,133,210,8,4,213,32,32,138,193,20,12,180,72
32,0,6,136,76,2,160,64,132,0,242,2,0,0,48,67,104,32,10,161,0,163,65,200,20,32,138,0,21,40,48,128
2,131,32,136,148,193,140,97,4,4,80,163,40,14,50,64,76,19,147,133,82,8,0,213,40,32,138,193,20,12,180,80
3,193,0,140,4,145,140,101,68,64,80,199,32,8,50,64,72,2,19,133,214,40,4,149,32,32,138,192,29,12,184,92
2,131,32,136,20,129,136,101,4,68,80,135,0,12,50,64,76,3,147,133,214,8,4,213,40,0,138,193,21,12,180,80
3,193,2,140,20,145,140,101,68,64,82,71,32,8,48,224,72,34,18,197,215,136,4,157,32,32,138,192,28,12,184,12
2,149,0,136,87,225,144,99,4,1,88,163,12,30,32,64,74,27,147,129,18,10,16,213,1,4,138,195,21,12,181,146
2,131,34,136,148,128,172,101,4,5,82,135,40,14,50,64,110,19,147,133,210,152,0,213,40,32,138,192,21,12,180,216
2,0,36,137,28,129,168,64,68,16,208,2,0,8,48,72,104,8,27,129,130,176,65,213,20,0,138,192,21,8,48,128
2,5,128,137,148,169,168,2,14,33,26,2,132,40,48,64,97,10,19,145,18,184,65,148,12,4,138,192,148,72,17,0
2,150,2,136,22,225,152,98,4,5,90,167,32,46,34,64,76,51,131,133,18,136,0,223,0,36,138,195,20,12,52,209
2,148,18,137,147,224,56,99,44,1,74,179,12,62,32,64,231,51,147,145,50,152,16,215,13,38,154,195,148,4,165,19
45,8,106,76,68,147,195,80,69,64,117,10,115,73,183,100,88,168,22,110,140,162,36,172,82,105,160,136,119,175,112,196
2,151,32,136,146,177,152,99,4,69,88,167,12,14,50,64,78,3,147,133,150,8,4,213,40,32,138,195,29,12,189,215
3,201,0,140,20,129,140,165,68,0,80,71,32,8,50,64,72,34,19,69,214,40,4,157,40,0,142,192,29,12,184,8
2,20,16,136,23,225,16,66,6,9,24,162,140,54,32,64,207,19,147,144,18,8,0,215,8,20,138,195,148,72,53,19
2,48,128,152,19,197,24,66,22,11,0,18,12,158,96,72,205,25,147,145,34,4,16,210,9,6,154,227,144,12,53,147
0,69,0,136,132,32,4,135,4,0,24,2,0,34,32,64,72,66,2,64,64,0,0,128,32,0,134,0,20,88,176,8
60,0,66,236,68,18,72,16,5,128,118,2,83,1,165,80,88,164,23,168,8,146,32,136,82,233,160,0,39,168,112,0
1,192,0,140,4,16,142,164,68,64,80,66,32,8,183,224,72,64,18,69,197,32,36,189,32,40,138,0,29,28,120,12
2,145,32,136,149,197,156,229,4,65,64,135,40,14,50,64,204,19,147,133,82,8,16,213,41,32,142,66,20,12,180,90
2,193,32,136,20,209,140,229,68,68,80,163,32,12,54,32,72,2,147,193,86,40,36,189,40,0,140,225,21,28,212,206
3,192,32,136,4,145,142,164,4,64,80,199,0,12,51,96,72,0,19,69,197,40,4,181,32,0,142,192,29,28,184,92
37,8,106,206,4,2,131,16,68,0,85,2,80,73,181,100,88,96,19,106,128,160,44,168,64,40,162,0,117,171,112,160
10,200,1,136,20,129,11,244,6,0,84,2,48,131,176,68,72,40,19,201,66,8,0,189,96,0,170,192,20,24,48,168
2,181,24,136,149,229,144,67,14,1,72,2,132,186,32,64,201,27,19,17,18,40,16,213,9,20,138,99,144,72,177,130
2,23,0,136,146,225,152,98,4,3,88,163,12,46,32,64,79,19,147,145,18,8,0,212,8,4,138,195,148,76,37,83
2,129,48,136,150,129,188,97,12,0,80,130,44,14,48,64,110,19,19,129,210,8,0,213,32,0,138,192,21,8,161,9
0,129,0,140,132,129,12,37,4,0,80,2,32,10,32,64,64,2,2,128,80,8,0,149,32,32,138,64,20,8,176,8
0,133,2,137,21,229,40,99,12,1,74,2,44,10,48,64,96,3,19,129,18,152,16,213,5,38,154,64,20,8,177,2
2,131,32,136,144,192,156,39,4,4,24,167,0,46,50,64,76,3,131,133,80,8,0,149,40,0,142,193,20,76,180,80
3,193,32,140,132,129,140,37,4,64,80,135,32,8,50,64,72,2,19,5,196,8,4,157,32,32,142,128,28,12,152,92
2,131,16,136,151,193,148,103,6,5,88,162,32,60,32,64,74,51,131,129,82,136,0,157,40,36,10,195,20,8,181,11
2,149,32,136,150,129,152,99,12,65,88,163,12,30,48,64,102,19,147,129,210,8,4,213,40,0,138,194,21,12,177,209
2,147,32,136,150,209,156,101,4,68,80,167,8,12,178,96,76,19,147,133,214,8,36,213,40,0,138,195,21,12,180,87
2,129,34,136,21,192,168,101,4,1,80,163,40,142,48,64,72,59,147,129,82,136,0,221,33,32,138,195,20,12,180,74
130,193,32,142,132,128,142,37,4,64,89,151,32,12,50,64,72,2,19,199,208,8,12,183,32,32,142,192,20,30,176,92
2,149,18,136,19,164,56,99,12,9,74,2,44,22,32,64,236,51,147,144,18,152,16,221,41,52,138,194,16,0,161,147
3,129,35,140,20,146,140,97,68,64,80,199,32,40,178,224,72,34,19,133,213,168,4,221,32,32,138,128,29,12,184,92
3,193,0,140,4,145,140,165,68,64,80,66,32,8,182,224,72,0,18,69,197,40,4,157,32,40,138,128,29,28,248,12
130,131,0,140,148,129,12,37,20,4,80,135,32,34,50,64,72,34,131,5,114,136,4,223,40,32,142,193,20,12,184,72
130,20,18,153,54,162,184,66,60,3,82,50,172,154,32,72,231,57,19,145,34,156,0,215,4,54,26,194,148,8,33,1
2,149,2,136,151,225,184,99,12,69,88,135,12,14,32,64,110,19,147,145,18,152,16,213,41,4,138,195,21,12,165,210
35,200,97,202,84,145,138,228,68,64,112,66,32,136,180,228,72,40,19,203,195,170,36,253,34,8,138,128,95,143,112,140
2,193,8,140,20,129,132,37,4,0,80,2,32,8,32,64,72,2,19,0,80,40,0,157,32,32,142,192,20,8,176,8
131,141,32,158,148,128,142,167,20,70,88,135,96,104,58,65,81,66,19,231,246,8,12,191,40,38,142,196,28,126,184,92
3,201,8,140,20,145,142,165,4,64,80,199,32,8,50,192,76,34,19,197,197,8,4,253,32,32,138,128,28,12,184,28
2,193,32,136,20,129,140,37,4,0,80,2,32,8,48,64,72,2,19,129,210,8,4,149,32,32,138,192,20,12,176,8
130,135,38,156,148,129,172,103,148,5,82,151,32,42,50,65,108,3,19,133,242,136,4,221,32,34,218,192,20,12,176,72
131,197,35,156,148,145,140,231,84,66,80,82,40,8,180,225,72,3,19,197,247,44,4,255,32,46,154,192,93,12,249,140
33,72,97,206,4,129,131,240,68,0,116,2,48,72,181,100,72,96,18,75,129,160,36,189,0,40,130,0,85,187,112,172
3,211,96,140,148,145,156,229,4,68,80,231,40,12,182,64,76,3,147,197,214,8,4,221,34,40,142,129,29,28,184,92
130,48,144,144,33,165,184,66,158,27,16,16,140,158,96,9,133,27,51,17,34,68,130,210,13,22,90,170,144,64,33,147
163,205,97,200,84,129,143,230,84,0,120,2,48,8,180,100,72,10,19,203,226,46,36,191,32,8,142,192,85,152,240,172
2,135,0,136,144,193,136,99,4,5,88,163,8,46,48,64,78,19,147,145,18,8,0,213,40,32,138,193,20,12,180,64
130,48,150,145,98,140,184,0,190,27,18,176,140,150,96,75,167,25,191,144,2,68,130,192,132,16,90,234,128,0,1,129
3,215,32,140,148,145,142,231,68,68,92,231,32,12,182,68,76,2,147,197,214,8,4,189,32,32,142,129,29,28,248,92
2,195,32,136,148,129,140,101,4,68,80,135,0,14,50,64,76,3,147,133,210,8,4,213,32,32,138,192,28,12,180,88
2,141,32,154,151,193,158,231,22,7,72,179,104,46,40,64,73,83,131,129,114,8,8,247,41,38,158,195,20,78,180,90
3,201,36,156,142,128,156,231,132,85,88,135,40,174,50,65,78,35,187,133,214,9,6,253,32,34,222,128,29,28,185,221
3,201,2,153,52,145,168,165,142,81,82,199,172,136,50,192,106,11,19,213,215,152,7,245,44,48,158,192,28,12,185,156
1,12,99,203,116,187,162,66,76,65,122,66,168,40,181,228,120,42,18,153,151,184,101,255,6,60,130,64,223,207,113,172
2,183,4,152,155,225,144,67,134,21,8,179,12,174,98,64,201,27,139,145,18,9,18,213,9,4,154,235,149,76,181,210
3,78,34,156,20,131,138,102,22,5,90,135,32,168,51,64,89,40,147,133,166,156,5,159,0,38,154,129,21,12,56,76
2,131,32,136,150,193,156,35,4,4,88,163,8,46,50,64,76,19,147,149,82,8,0,213,40,0,138,195,20,76,180,80
3,10,130,157,20,179,170,66,20,69,82,151,32,136,51,72,104,40,19,149,166,188,5,255,4,38,154,128,157,13,56,220
41,72,103,94,84,147,195,240,85,64,116,2,112,200,183,101,88,224,18,75,229,170,46,189,34,46,224,0,127,191,120,236
8,160,146,184,101,173,112,82,191,27,112,16,158,155,96,8,133,11,6,17,18,60,2,211,207,223,50,234,146,136,1,131
2,135,36,136,219,225,144,71,134,21,136,163,8,142,96,64,75,27,139,145,18,11,2,213,57,4,158,251,148,12,181,194
34,248,104,218,86,195,155,72,22,0,117,162,112,221,181,36,90,184,147,211,67,166,62,255,67,12,139,169,117,11,116,186
54,175,64,170,212,193,10,232,7,4,216,171,105,198,40,64,92,187,151,243,90,11,10,189,184,196,143,255,52,14,52,216
3,203,32,140,28,145,142,229,132,68,208,199,32,140,182,64,76,163,187,197,199,11,6,253,48,32,142,153,29,28,184,92
2,131,32,136,148,129,156,103,4,69,88,167,0,44,50,64,76,3,147,133,210,8,4,213,40,0,142,193,20,12,180,80
3,207,36,158,148,129,14,165,22,85,81,135,96,108,58,65,81,67,179,199,244,8,14,181,40,38,222,192,28,30,184,88
3,200,35,140,4,145,140,165,68,64,80,199,32,8,182,224,72,32,19,197,197,136,4,157,32,40,138,128,29,28,120,92
34,133,32,136,223,193,156,103,134,21,136,163,40,142,32,64,75,147,139,145,82,11,2,213,57,4,158,251,21,12,181,202
162,34,107,204,76,211,201,72,213,68,85,171,32,204,183,44,88,168,19,237,192,178,38,152,18,8,137,169,85,174,116,244
35,72,103,140,12,145,142,244,196,64,212,70,96,200,183,228,72,96,18,207,197,161,38,189,48,40,138,136,95,191,120,172
2,80,18,140,75,192,188,68,140,128,208,163,44,158,33,66,238,185,155,192,64,131,146,200,17,32,138,139,21,52,37,154
2,193,0,140,132,129,12,37,4,4,80,6,0,10,50,64,64,2,19,129,80,8,0,149,32,32,138,192,28,8,184,8
50,133,98,136,223,193,152,103,7,69,200,163,44,158,36,64,75,147,147,129,90,11,20,213,185,68,158,123,53,12,180,90
3,133,115,72,244,157,169,115,237,9,120,64,140,154,180,180,174,11,22,24,211,59,32,213,46,24,2,202,82,128,227,165
3,148,51,216,243,245,177,67,94,89,124,112,172,182,36,236,231,27,146,16,151,136,50,215,13,30,26,202,146,64,165,183
4,207,0,138,148,161,14,160,4,5,89,7,64,104,42,64,88,66,130,70,18,8,8,181,40,0,138,65,20,27,180,64
2,141,128,158,148,128,142,167,22,2,88,2,96,106,49,64,89,98,51,195,66,136,10,191,40,38,206,128,148,122,176,8
2,132,166,156,20,162,136,43,22,192,90,3,96,232,48,64,88,46,51,165,144,168,6,159,8,38,139,128,21,108,48,72
3,132,50,217,244,176,169,19,108,65,94,82,140,138,180,228,231,43,18,157,151,184,38,213,14,60,154,192,150,132,241,165
134,140,128,154,148,225,142,234,22,83,88,147,104,110,57,65,93,115,147,183,114,68,8,191,40,6,207,196,148,125,176,64
3,131,0,136,148,129,140,101,4,4,80,135,0,10,50,64,72,3,147,133,214,8,4,149,32,32,138,193,20,12,176,72
3,193,0,140,20,145,140,37,68,64,80,199,32,8,50,192,72,34,18,133,196,40,4,157,32,32,138,128,29,12,184,28
2,146,134,141,24,67,136,107,22,229,83,183,72,166,112,72,93,29,187,181,48,221,67,223,12,6,219,197,148,44,52,80
3,162,146,153,117,173,184,2,190,29,80,21,172,138,114,72,199,11,147,21,150,24,2,209,12,20,154,234,156,12,57,215
188,0,110,229,68,2,233,80,84,128,119,2,83,9,177,105,122,172,23,234,136,180,37,136,70,233,224,128,103,171,112,160
3,132,2,153,112,176,168,2,190,65,90,215,172,142,178,232,103,43,19,149,151,156,4,215,12,54,154,192,156,4,41,213
35,141,99,156,20,146,140,111,84,64,88,66,96,104,180,228,88,34,18,173,229,184,36,223,32,46,202,128,93,44,240,204
3,72,98,140,4,16,142,164,68,64,80,199,32,8,183,224,72,96,18,199,197,160,36,169,32,40,142,128,29,28,120,76
2,34,66,153,112,233,184,66,175,21,80,177,172,142,96,72,198,59,147,145,18,24,2,209,12,16,154,235,148,4,37,195
54,16,114,200,71,82,176,80,205,192,245,34,8,157,173,100,126,185,151,163,128,179,36,200,19,40,138,139,103,46,101,151
2,144,82,201,83,233,184,66,173,1,248,50,140,158,36,72,234,185,159,145,18,40,82,212,21,20,154,75,213,0,37,146
35,203,97,205,68,147,173,117,68,68,84,198,32,12,180,228,76,32,19,237,193,184,101,221,36,40,138,128,87,156,240,252
50,0,66,136,68,2,200,72,5,0,240,2,3,8,52,64,120,136,23,161,8,179,65,128,146,200,130,132,53,136,112,128
2,2,178,153,102,161,184,2,30,21,82,147,172,138,50,72,238,43,147,149,146,152,64,209,4,16,154,195,148,12,53,201
3,201,0,142,20,145,142,165,68,64,80,199,96,8,178,192,72,34,19,197,215,8,12,189,32,32,142,192,28,30,184,28
58,104,96,172,84,153,74,96,69,96,112,10,35,136,53,48,72,168,23,195,200,58,100,189,182,217,128,184,117,157,82,140
2,138,2,153,22,171,168,2,62,5,82,151,172,10,50,72,111,43,131,149,38,188,65,215,4,54,154,193,148,12,53,201
188,0,106,232,84,131,203,112,85,0,245,2,83,201,177,97,88,168,23,234,136,182,100,156,86,233,160,128,119,139,112,160
39,8,107,206,4,18,139,208,68,192,85,66,112,72,181,100,88,96,19,239,129,160,44,168,0,40,171,128,85,171,112,228
131,197,0,140,20,145,140,231,68,64,88,199,32,8,178,224,72,34,19,197,231,44,4,191,32,32,142,128,29,28,184,28
34,135,106,168,214,193,191,231,4,69,92,163,41,143,178,64,110,27,147,193,82,138,36,253,104,5,170,203,53,140,181,219
3,132,18,153,116,185,184,67,62,73,90,210,172,186,178,224,231,59,147,17,151,152,0,223,12,22,26,194,156,12,41,157
134,157,0,158,146,163,30,175,22,130,88,163,104,110,40,64,95,115,147,167,114,136,8,255,40,6,143,192,148,126,180,88
32,200,106,76,84,131,239,252,68,0,116,130,48,205,188,36,92,168,19,234,195,170,36,125,96,8,162,136,117,154,112,184
56,233,74,168,84,129,74,252,0,0,240,10,51,203,48,16,88,200,23,226,74,10,0,189,242,201,160,236,55,155,114,136
35,201,99,204,92,145,202,228,197,64,208,198,40,200,183,228,88,168,18,239,199,163,38,253,50,40,138,136,95,159,120,204
6,141,0,138,148,161,142,231,6,1,25,130,96,110,57,64,89,67,19,211,82,8,8,253,40,4,143,192,148,95,176,8
4,205,8,138,148,161,14,228,4,0,88,2,64,106,57,64,72,66,19,211,82,8,8,181,40,0,142,64,148,91,176,8
2,143,34,140,148,131,172,103,4,4,90,199,32,8,50,64,108,35,147,197,212,152,4,253,40,32,142,192,29,12,184,152
2,164,0,136,19,225,16,66,6,5,72,163,8,134,96,64,79,27,131,145,18,8,0,213,9,4,154,227,148,12,36,210
35,201,98,138,92,145,174,228,196,64,208,199,32,200,182,224,72,43,19,197,199,171,6,253,48,40,138,200,29,30,248,220
2,143,34,136,148,129,142,237,4,5,88,135,105,78,58,64,92,43,147,229,210,136,4,253,40,64,138,193,21,14,188,216
10,149,26,232,211,132,57,119,45,9,78,2,60,183,32,68,230,59,19,152,18,152,16,221,111,189,26,66,18,0,161,171
2,131,0,140,148,129,140,37,4,4,80,135,32,42,50,64,68,3,147,133,212,8,4,213,40,32,142,192,28,12,184,92
18,157,18,168,147,192,156,231,140,1,200,163,44,182,32,64,226,179,155,128,82,139,2,221,185,228,158,203,52,0,165,26
2,157,58,136,146,225,187,227,12,69,88,163,44,222,32,64,127,59,147,129,18,136,0,255,40,36,138,195,21,4,165,83
3,195,0,136,148,129,140,229,4,0,80,199,32,8,50,64,72,2,3,197,214,40,4,189,40,32,142,192,29,12,184,12
2,207,6,152,156,128,140,231,134,21,88,135,32,174,50,65,76,43,155,197,214,137,6,253,32,32,158,193,21,28,180,200
3,203,32,136,148,129,140,229,4,4,80,135,32,8,50,64,72,2,19,197,214,8,4,189,40,32,142,192,29,28,184,28
37,8,99,78,4,18,139,208,68,192,87,66,112,72,181,100,72,96,18,202,129,160,44,169,0,40,131,0,87,187,112,228
3,201,97,142,4,144,142,164,68,64,80,198,96,76,182,228,88,96,18,239,197,40,44,189,34,40,142,128,29,62,248,92
3,201,32,140,4,144,142,165,68,64,80,199,32,8,182,224,72,3,19,199,197,40,36,253,32,40,142,128,29,28,248,92
130,199,32,156,148,129,140,167,20,69,88,151,32,12,50,64,76,3,147,197,246,8,4,255,40,36,142,193,20,12,188,88
3,192,0,140,4,145,140,229,68,64,80,71,32,8,182,224,72,0,19,197,197,40,4,157,32,40,138,128,29,28,248,12
2,133,2,136,22,225,152,99,4,1,72,163,40,46,32,64,78,19,147,129,18,136,16,213,0,36,138,195,20,76,180,18
60,1,98,76,84,19,198,113,65,0,245,10,67,73,181,52,120,168,6,234,200,179,36,140,50,233,128,16,119,170,114,132
2,149,18,136,179,133,184,99,14,9,88,34,12,158,32,64,231,27,147,145,18,136,16,213,41,20,154,202,148,8,161,131
2,131,32,136,132,129,140,37,4,68,80,135,32,14,50,64,76,3,147,133,214,8,4,213,40,32,142,192,28,12,184,88
35,204,99,204,20,144,207,246,69,64,92,198,56,12,183,228,76,96,19,207,199,168,36,253,34,46,138,128,127,157,120,252
2,131,32,136,20,129,136,99,4,5,88,131,32,12,50,64,76,3,147,133,82,8,0,157,40,0,138,193,20,12,180,64
2,131,0,136,148,193,140,39,4,68,88,163,32,14,50,64,72,19,147,133,82,8,0,213,40,32,142,193,20,12,180,90
2,48,144,152,21,197,176,64,30,25,0,18,140,150,96,8,205,25,147,144,2,78,18,211,9,20,154,107,144,8,33,146
3,195,0,140,4,145,140,37,4,68,80,199,32,8,50,64,76,3,19,133,212,8,4,157,32,32,142,192,28,12,184,92
42,205,106,206,84,145,207,246,69,0,124,2,48,137,181,100,72,234,23,202,202,170,36,253,114,40,160,136,119,159,112,236
60,0,98,96,68,18,75,88,65,160,247,2,83,73,188,48,120,132,4,170,136,178,109,128,82,201,161,132,103,171,112,32
32,72,98,204,76,145,202,112,69,0,244,2,32,136,181,32,72,232,23,202,200,171,36,253,50,40,130,8,119,153,112,140
3,129,98,140,20,145,172,103,4,65,90,131,32,44,182,96,76,35,19,133,214,136,36,221,32,40,138,192,21,12,176,92
2,133,2,140,148,128,172,103,4,0,90,2,40,42,48,64,104,34,19,129,80,136,0,221,32,36,138,192,20,8,176,8
3,201,1,142,4,16,142,164,68,64,80,70,96,96,181,228,88,98,18,79,197,168,44,189,32,40,142,128,31,63,240,44
2,129,0,136,151,193,148,101,4,5,64,163,8,30,32,64,74,19,131,145,82,8,0,149,40,32,138,195,20,12,180,82
34,193,2,140,84,129,140,229,4,0,112,2,32,136,52,64,72,42,19,65,66,170,0,157,32,8,138,200,21,24,240,136
3,193,2,140,4,145,140,37,68,64,80,199,32,8,50,192,72,32,19,197,197,136,4,157,32,32,138,128,29,28,184,28
3,141,1,142,20,147,142,229,70,64,88,66,96,104,180,224,72,34,18,69,199,168,12,189,40,44,142,192,29,14,248,12
2,135,0,136,148,161,136,99,4,5,88,135,0,14,50,64,76,3,131,149,82,8,4,213,40,32,138,193,20,12,180,64
7,8,107,78,4,0,139,144,68,192,83,66,112,64,181,100,72,96,18,239,129,160,44,40,0,40,163,128,21,187,112,108
7,8,99,206,4,2,139,208,68,64,82,66,112,72,181,100,72,96,18,203,129,160,44,233,0,40,138,128,23,187,112,100
3,143,2,142,20,131,138,99,4,4,89,135,40,234,50,64,76,43,147,197,214,154,4,253,32,36,138,192,29,14,56,136
2,195,0,136,4,129,140,229,4,4,80,135,32,8,50,64,72,0,19,133,210,8,4,149,40,32,142,192,28,12,184,8
3,193,32,140,4,145,140,165,4,64,80,199,32,8,50,192,76,3,19,197,197,8,4,221,32,32,142,128,29,28,184,92
2,12,66,138,86,227,186,66,12,1,88,163,44,142,37,64,110,59,147,129,2,154,0,255,0,36,154,131,21,15,37,155
32,193,106,201,84,131,233,245,68,1,116,2,49,11,180,96,104,138,18,201,210,184,36,221,102,12,162,64,117,136,240,168
2,195,32,136,20,129,140,101,4,4,80,135,32,12,50,64,76,3,147,133,214,8,4,149,32,32,138,193,20,12,148,88
2,0,0,136,4,0,136,0,4,0,16,2,0,8,48,64,72,0,19,129,0,0,0,128,0,0,138,128,20,8,48,0
2,201,2,157,100,128,172,101,172,0,82,2,172,138,48,65,106,43,19,193,66,186,2,245,36,48,138,136,21,8,49,136
18,217,50,138,95,197,154,104,143,0,208,34,44,222,40,64,254,57,147,193,66,11,26,253,177,20,138,107,21,10,37,139
2,153,18,152,27,193,186,233,142,1,80,163,108,214,40,64,126,59,179,208,82,8,10,253,40,4,138,203,21,14,37,155
50,77,66,140,84,131,204,103,133,0,248,2,40,138,32,80,106,169,23,224,72,171,0,221,176,32,138,152,81,8,96,136
35,2,98,137,84,155,168,71,84,69,80,199,160,136,54,0,72,40,19,133,134,184,68,149,4,28,154,192,93,12,216,220
34,143,32,136,84,131,138,107,22,5,88,167,40,206,50,64,92,41,147,149,146,138,7,223,40,6,139,229,20,12,52,216
0,193,0,136,20,133,140,229,4,0,64,2,32,8,48,64,72,0,19,129,82,40,16,149,33,32,138,64,20,8,176,8
7,143,0,136,148,129,142,239,6,1,88,199,96,232,58,64,93,74,19,245,246,8,12,191,40,4,143,228,157,14,184,28
168,12,106,221,20,130,235,115,84,0,118,2,113,105,176,96,120,160,19,200,224,188,36,191,98,175,162,128,119,168,112,168
7,141,0,138,148,145,142,237,70,65,88,199,96,104,58,192,88,66,19,245,215,40,12,181,40,36,143,196,29,30,184,20
3,200,3,140,4,144,142,100,68,64,80,198,32,8,180,224,72,32,18,199,197,168,4,253,32,40,138,128,29,28,56,12
2,131,0,136,148,225,136,35,4,69,88,163,0,12,50,64,76,19,147,149,82,8,0,213,8,32,138,193,20,12,180,80
67,201,2,140,28,144,168,102,132,64,218,199,40,138,50,64,102,33,187,197,199,139,6,253,48,32,138,136,28,4,57,92
3,193,33,142,132,145,142,229,68,64,81,70,96,104,190,228,88,98,18,207,197,40,44,189,32,40,142,128,29,30,248,76
2,195,32,140,4,129,140,37,4,68,80,135,32,8,50,64,72,2,19,133,208,40,4,157,32,32,142,192,29,12,176,76
3,193,32,136,4,129,140,101,4,64,80,135,32,12,50,64,76,3,147,133,214,8,4,149,32,32,138,192,20,12,176,88
2,195,0,136,132,129,140,101,4,4,80,135,32,14,50,64,76,2,147,133,80,8,0,149,32,32,142,192,21,12,180,72
3,201,103,220,20,146,140,231,84,64,82,66,32,168,180,229,72,98,50,201,229,168,38,253,32,46,222,128,29,60,240,108
131,200,34,140,4,145,142,228,68,64,80,199,32,8,54,224,72,33,19,197,197,172,4,255,32,40,138,128,29,28,120,28
2,147,0,136,150,129,156,97,4,4,80,167,8,46,48,64,78,19,147,133,82,8,0,213,32,32,138,195,20,12,181,80
3,193,0,140,20,129,4,165,4,64,80,199,32,8,50,64,64,0,18,133,214,8,4,157,32,32,138,192,28,12,184,28
5,8,106,76,4,18,139,16,68,128,87,2,80,65,181,100,88,100,18,106,129,176,36,8,64,40,163,128,85,171,112,36
7,72,97,204,4,16,139,132,68,64,80,66,32,0,181,100,72,96,18,75,129,32,36,169,32,40,130,128,23,57,80,108
131,205,0,156,132,145,140,167,20,66,88,199,32,40,50,193,73,98,19,135,229,8,4,191,32,38,222,128,28,92,184,92
2,131,32,136,148,129,12,37,4,4,80,135,0,10,48,64,64,3,131,133,208,8,4,149,40,32,138,193,20,12,180,72
131,205,34,156,4,144,142,231,84,66,88,199,32,40,183,225,72,99,19,197,229,172,4,255,32,42,222,128,29,92,248,92
3,195,32,136,4,129,140,101,4,68,80,135,32,12,50,64,72,2,147,133,214,8,4,149,32,32,138,192,21,12,152,92
44,0,106,202,68,18,235,88,68,0,119,2,81,73,189,96,120,132,19,170,128,160,44,192,66,41,163,132,119,171,112,128
44,8,106,78,4,18,195,16,68,128,87,2,113,73,181,100,88,96,2,106,128,160,44,168,66,41,163,0,119,171,112,32
45,8,106,70,4,18,203,16,64,128,119,2,113,73,181,32,88,100,19,234,128,160,44,40,66,41,161,128,103,187,112,160
3,193,0,138,20,129,142,237,4,1,81,71,96,72,58,192,88,66,19,231,87,8,12,181,40,0,142,192,29,31,184,20
1,72,107,206,4,0,203,16,68,192,86,66,48,65,177,100,72,96,18,203,129,160,36,233,64,40,170,128,21,187,112,104
130,134,36,153,148,3,136,239,22,231,80,151,96,108,50,1,93,0,147,181,182,108,13,159,40,6,157,196,149,12,84,220
56,5,106,236,20,50,74,121,84,0,127,18,91,105,184,96,120,132,21,168,184,178,37,142,242,239,162,196,55,170,240,0
10,149,115,72,211,225,177,99,77,1,108,18,56,55,36,100,105,155,147,144,19,170,48,223,91,174,18,67,243,64,229,178
7,72,99,206,4,16,171,144,68,192,86,66,48,0,181,100,72,96,18,202,129,160,36,233,0,40,162,128,23,187,112,108
3,130,100,157,20,179,168,35,86,103,82,151,160,8,54,72,73,42,179,133,166,188,69,159,4,62,154,193,29,12,88,92
2,158,130,156,22,66,152,47,22,70,80,183,104,110,34,64,93,21,179,161,32,140,3,223,8,38,219,135,20,44,52,89
3,193,32,140,4,145,140,37,68,64,80,3,32,8,50,96,72,2,19,5,196,40,36,149,32,32,138,128,21,12,144,76
37,72,107,204,76,131,203,80,198,64,85,2,113,201,181,96,88,40,19,203,193,163,46,57,80,8,163,168,117,187,112,160
2,2,162,157,16,162,40,2,52,7,90,183,168,46,50,72,100,47,179,133,144,156,69,207,4,38,154,193,132,4,53,88
42,139,106,204,214,144,189,247,5,5,94,163,41,47,182,64,110,147,151,196,218,138,36,221,114,41,174,193,55,140,180,249
50,32,80,129,70,8,232,64,41,32,176,10,14,10,84,16,42,137,21,129,10,50,128,192,148,152,10,160,101,0,67,128
3,130,130,153,48,164,56,2,62,77,90,149,140,134,114,72,231,43,147,149,150,152,0,211,12,52,154,192,156,4,41,213
40,0,106,76,68,19,225,80,196,128,116,2,17,137,181,41,120,168,22,106,136,178,36,8,86,169,224,136,119,169,112,160
186,0,66,224,4,2,104,80,5,32,242,18,3,9,52,64,120,132,23,160,40,182,1,130,146,233,160,132,103,136,112,128
2,193,0,140,132,129,140,37,4,0,80,2,0,8,48,64,72,2,19,1,80,40,0,149,32,32,138,192,20,8,176,0
48,0,210,225,86,170,104,82,57,3,114,18,11,10,116,24,106,169,6,16,8,180,0,194,22,220,146,0,229,200,98,128
2,20,144,152,19,225,152,66,22,3,80,179,12,190,32,72,207,27,147,145,50,12,16,214,9,6,154,195,149,76,53,83
130,145,18,152,147,192,56,71,62,17,64,179,12,158,96,72,231,27,147,145,18,156,18,215,13,52,26,203,148,4,165,211
2,20,144,152,19,229,152,66,30,3,64,178,12,190,32,72,239,27,147,145,34,12,16,210,9,6,154,67,148,76,37,147
2,134,34,136,146,224,184,231,14,5,90,179,12,174,34,64,103,27,147,149,18,136,0,247,40,38,154,195,148,4,165,83
32,201,104,204,68,131,207,252,68,64,116,2,113,201,189,32,88,168,19,235,194,34,44,189,114,8,161,136,117,186,112,168
3,200,32,140,4,144,140,164,68,64,80,198,32,8,182,228,72,96,18,205,197,40,36,189,32,40,138,128,29,28,120,12
3,193,2,140,4,144,174,101,68,64,82,199,40,8,182,224,104,35,19,197,215,168,4,253,32,40,138,128,29,28,248,140
130,16,144,152,3,229,176,66,30,19,64,50,12,158,96,72,231,25,179,145,34,68,18,210,9,22,90,11,148,72,37,147
2,151,0,136,151,225,152,67,6,5,88,163,12,46,34,64,79,19,147,145,18,8,0,213,8,4,138,195,148,76,181,83
2,131,32,136,148,193,140,97,4,4,80,163,0,14,50,64,72,19,147,133,82,8,4,149,40,32,138,193,21,12,180,80
2,135,32,136,148,161,136,99,4,5,88,163,0,46,50,64,76,3,131,149,18,8,4,149,40,0,138,193,20,12,180,64
3,201,2,140,20,145,140,101,68,64,80,199,32,8,182,192,72,34,18,69,199,168,4,157,32,40,138,128,29,12,248,28
2,131,32,136,148,193,140,97,4,68,80,163,8,14,50,64,76,19,147,133,82,8,0,149,40,0,138,193,21,12,180,82
3,201,32,140,148,145,140,229,4,64,80,199,32,8,50,192,72,35,147,197,213,8,4,189,40,32,142,192,29,28,184,92
2,131,0,140,132,128,140,37,4,4,80,135,32,42,50,64,72,2,147,133,212,8,4,213,32,32,138,192,28,12,184,12
2,133,0,136,147,225,152,99,6,5,8,163,8,142,32,64,74,27,147,145,18,8,0,213,9,4,138,99,148,12,180,194
35,72,97,206,4,128,135,116,68,64,80,66,48,8,181,100,72,96,18,203,193,168,36,189,32,40,138,128,85,155,112,172
2,131,32,140,132,129,140,37,4,4,80,135,32,8,50,64,72,2,147,197,214,8,4,157,40,32,142,192,21,12,184,92
33,72,99,76,68,16,239,116,69,192,118,66,48,1,181,100,72,96,18,202,193,160,36,237,34,40,130,128,119,185,112,172
32,8,104,206,68,131,195,112,68,0,116,2,113,73,181,100,72,32,19,107,128,160,36,189,66,41,160,0,119,187,112,168
44,8,106,206,68,18,235,80,68,128,119,2,113,65,177,100,120,228,23,234,136,176,36,232,66,41,162,128,39,187,112,160
3,193,0,140,20,145,140,165,4,64,80,199,32,8,50,192,72,3,19,197,213,8,4,221,32,32,138,192,29,12,184,28
2,0,6,129,68,128,160,64,132,16,210,2,8,10,32,75,104,0,27,128,0,179,1,192,20,32,202,128,21,8,48,128
2,131,32,136,148,129,140,101,4,4,80,167,40,14,50,64,76,19,147,133,210,8,0,213,32,32,138,193,21,12,180,72
3,195,0,140,4,129,140,101,68,68,80,135,32,8,50,64,72,2,19,133,214,8,4,149,32,32,138,192,29,12,184,92
130,16,178,152,103,133,184,66,30,27,80,50,140,158,112,73,231,25,19,145,162,68,2,208,9,22,218,138,148,8,33,147
3,195,32,140,4,145,140,101,4,68,80,135,32,12,54,64,72,0,147,133,198,40,4,221,32,40,138,128,29,12,248,92
