1,193,0,140,132,129,4,165,4,0,80,7,32,0,50,64,64,2,2,133,84,8,0,157,40,32,142,64,28,28,184,8
1,192,1,140,4,16,140,164,68,64,80,66,32,8,176,224,64,64,18,69,197,32,4,157,32,32,138,0,29,28,56,12
2,149,18,136,147,229,16,99,4,0,72,34,44,22,32,64,196,27,147,144,18,136,16,213,33,0,138,66,16,8,165,18
3,195,32,140,132,129,140,37,4,68,80,135,32,8,50,64,64,2,19,133,212,8,4,149,32,32,142,192,28,12,152,80
2,131,0,140,20,129,12,101,4,5,80,135,32,46,50,64,68,3,131,133,82,8,0,157,40,0,138,193,20,12,148,72
0,193,0,136,132,129,4,37,4,0,80,2,0,0,32,64,64,2,2,0,80,8,0,149,32,32,134,64,20,24,144,0
2,133,0,128,131,96,12,39,4,0,8,163,0,54,32,64,73,19,147,128,80,8,16,130,32,0,142,1,20,92,180,82
2,193,32,140,132,128,12,37,0,64,16,131,32,36,50,64,64,34,19,133,208,8,4,157,32,32,142,128,20,28,144,88
1,193,32,140,4,129,4,37,68,64,80,3,32,8,50,96,64,0,19,133,212,8,4,149,32,32,142,0,20,12,144,76
130,128,146,153,52,136,184,66,62,27,82,18,140,138,96,72,227,9,2,144,34,156,2,211,12,22,26,194,148,0,33,129
3,193,0,140,4,129,4,165,68,64,80,71,32,0,50,224,64,0,19,69,197,8,4,157,32,32,138,192,28,28,184,12
2,0,22,145,102,136,56,0,172,16,82,2,140,130,96,75,102,9,59,144,2,80,130,193,4,16,218,192,20,0,33,129
2,133,114,200,246,178,184,99,76,1,122,2,8,40,180,96,110,59,19,177,144,184,37,213,42,56,10,194,213,8,225,133
26,157,18,168,243,196,56,231,15,9,88,163,60,151,32,64,231,155,151,145,18,10,16,221,251,229,142,203,54,4,165,27
130,142,0,158,148,129,6,163,22,70,88,151,96,100,42,65,85,98,131,38,96,12,8,191,40,38,223,128,28,126,16,88
48,0,64,161,4,8,104,0,41,0,114,2,11,10,4,64,104,133,4,128,8,176,1,192,144,200,130,0,37,136,112,0
3,148,51,217,179,181,184,103,94,73,112,112,172,186,164,228,167,59,146,25,183,156,34,215,13,30,26,194,208,0,169,175
3,144,150,153,53,149,184,39,94,89,82,112,172,154,34,232,231,59,178,21,183,140,2,215,12,54,26,194,152,12,169,15
34,16,18,137,77,231,184,64,133,8,251,2,8,222,37,72,248,185,147,145,0,151,18,216,23,12,138,130,17,11,112,131
2,240,18,152,27,199,16,74,150,33,192,162,108,214,32,64,93,57,139,145,2,151,16,159,25,6,27,107,16,8,37,27
2,2,226,153,68,233,168,66,28,5,82,179,172,136,52,72,106,169,147,145,2,186,5,192,20,16,154,129,149,12,117,200
161,205,99,78,84,147,195,248,85,0,116,2,112,193,180,37,88,168,18,106,225,34,44,159,50,8,161,40,119,170,112,172
0,193,9,142,4,129,7,37,4,0,81,2,112,64,40,64,88,0,2,2,80,8,8,53,32,32,162,64,20,10,144,8
3,193,0,140,20,145,140,165,68,64,80,71,32,8,50,224,72,34,18,197,199,40,4,157,32,32,142,128,29,12,184,12
131,205,34,158,20,145,134,229,84,64,80,71,32,8,182,225,72,42,18,71,231,172,4,191,32,40,158,128,93,28,248,140
56,72,98,236,68,146,232,112,69,128,242,2,43,137,53,0,120,168,6,227,200,178,32,140,18,233,162,8,119,184,112,136
2,0,82,128,70,128,184,64,173,0,242,130,12,142,96,0,110,169,23,144,0,179,0,192,20,0,138,136,5,0,35,129
2,195,0,140,148,128,12,167,4,4,88,135,32,46,50,64,68,2,147,133,80,8,0,149,32,32,142,193,20,12,180,88
3,193,0,140,132,129,140,37,4,68,80,135,32,8,50,64,64,2,19,5,212,8,4,157,32,32,142,192,28,28,152,92
2,149,2,137,146,160,184,103,44,1,90,162,44,14,32,64,102,51,147,129,82,152,0,221,44,36,138,194,20,4,165,25
3,201,32,140,148,128,142,167,68,65,88,199,32,40,50,64,64,2,19,69,212,8,4,189,32,32,142,192,28,28,184,92
2,131,0,136,144,129,28,33,4,5,16,163,0,46,32,64,76,19,131,144,82,8,0,213,40,0,142,193,20,12,148,64
34,201,104,200,84,129,143,229,68,0,112,2,48,136,180,96,72,42,19,193,194,42,36,253,96,8,174,200,85,152,240,136
1,201,33,142,20,145,142,101,68,64,81,66,96,104,188,224,88,34,18,99,215,168,44,189,40,40,142,64,21,14,152,12
2,131,0,136,144,129,12,97,4,4,16,135,0,46,34,64,76,3,131,148,82,8,0,149,40,0,142,193,20,12,148,64
1,193,2,140,20,145,4,103,4,64,90,70,32,0,162,192,72,34,2,64,85,152,0,157,32,32,142,0,28,12,184,12
2,131,0,136,148,225,24,99,4,5,24,163,8,14,32,64,72,19,131,145,18,8,0,148,8,0,138,195,148,8,180,1
2,220,16,152,19,193,186,198,14,1,72,162,44,158,32,64,111,59,147,144,2,138,18,247,33,4,154,75,21,16,37,154
2,131,0,136,148,193,24,33,4,4,80,163,0,14,32,64,64,19,147,145,80,8,0,213,40,0,138,193,20,12,180,66
2,129,2,137,228,137,172,97,140,16,112,2,172,138,48,65,106,42,2,1,82,184,2,213,4,16,138,192,20,8,241,136
48,4,66,140,84,163,192,98,5,1,248,2,0,40,36,64,120,168,2,32,16,187,0,221,144,44,138,88,85,8,112,128
3,193,32,140,132,0,142,165,4,64,16,135,32,8,50,64,64,66,19,199,212,8,4,169,32,32,142,128,28,28,152,24
50,195,66,172,66,128,92,117,5,68,208,135,41,15,54,80,110,169,151,133,74,138,0,221,50,105,138,136,63,148,184,217
1,148,51,8,23,180,176,66,108,65,90,66,44,56,182,228,230,43,18,9,151,184,52,221,3,46,18,66,213,12,33,239
3,193,0,142,4,129,142,37,4,64,81,135,96,8,58,64,80,2,19,199,212,8,12,181,32,32,142,192,28,14,184,92
1,200,234,220,20,131,131,118,84,1,118,2,48,169,180,100,72,106,50,201,192,168,38,253,64,46,242,0,87,136,112,44
2,141,32,138,132,129,142,160,4,64,89,135,64,44,50,64,64,66,19,199,208,8,12,181,40,32,138,192,20,15,144,88
2,129,0,136,132,129,132,37,4,0,80,2,0,0,32,64,64,2,2,0,80,8,0,149,32,32,138,192,20,8,144,0
3,13,0,136,148,35,2,43,4,228,90,135,64,40,51,64,81,38,19,165,148,136,5,156,40,36,139,196,156,108,56,84
2,129,0,136,132,129,132,37,4,0,16,2,0,0,32,64,64,0,2,0,80,8,0,149,40,32,142,192,20,8,144,0
2,193,0,136,132,129,140,37,4,64,80,135,0,4,50,64,64,2,19,5,80,8,4,149,32,32,138,192,20,12,144,80
1,76,97,76,4,144,135,166,68,64,88,66,32,0,181,228,72,96,18,75,193,168,36,173,32,40,138,0,21,57,112,108
2,131,0,136,132,129,132,37,4,4,80,7,0,0,32,64,64,2,2,4,80,8,0,149,40,32,142,193,20,8,148,64
2,131,4,136,28,129,12,101,132,20,80,135,32,10,50,65,76,3,147,133,82,8,2,221,40,32,138,192,20,12,176,72
18,129,0,136,146,225,24,99,7,1,216,163,8,6,32,64,74,147,159,145,26,9,0,213,136,0,138,195,148,12,165,2
4,207,0,130,132,0,14,167,20,6,24,19,96,104,40,64,65,66,2,66,112,8,8,162,40,4,142,65,148,122,148,8
0,65,0,128,132,0,12,5,4,0,16,2,0,8,32,64,64,0,2,0,80,0,0,128,32,0,142,0,20,24,144,0
0,2,22,129,70,0,40,64,172,20,80,2,140,10,96,67,106,129,10,128,2,50,2,192,20,32,202,1,20,8,37,128
35,72,96,204,84,145,202,228,69,64,112,131,32,204,183,32,72,168,19,199,198,170,36,189,50,8,130,160,127,156,112,204
3,192,33,140,4,145,140,165,68,64,80,66,32,8,180,224,72,0,18,69,197,40,4,157,32,40,142,128,29,28,184,12
34,201,98,136,84,129,142,229,6,1,80,130,40,140,52,64,72,11,19,193,194,42,0,253,32,12,142,192,85,28,240,152
3,72,97,204,4,144,135,228,68,64,80,66,32,8,180,228,72,96,18,73,197,32,36,189,32,40,138,128,87,28,80,108
3,192,33,140,4,145,140,164,68,64,80,66,32,8,180,228,72,32,18,73,197,40,36,157,32,40,138,128,21,28,240,44
2,131,32,140,20,129,140,33,4,4,80,135,32,8,50,64,72,2,3,133,208,8,4,157,40,32,138,192,20,12,144,88
2,131,32,140,132,129,140,37,4,68,80,135,32,12,50,64,72,2,131,133,210,8,0,157,40,0,142,193,20,12,180,88
3,131,0,140,132,129,140,37,4,4,80,135,32,8,50,64,64,2,131,133,212,8,4,149,32,32,142,192,28,12,176,88
2,131,0,136,148,129,12,37,4,4,80,131,0,14,50,64,76,3,147,149,82,8,0,149,40,0,138,193,20,12,180,64
2,131,0,136,148,129,8,35,4,5,88,135,0,40,50,64,68,2,131,133,84,8,4,149,8,0,138,193,20,12,180,64
8,209,122,236,118,141,244,117,68,8,116,34,63,25,32,64,234,10,6,72,210,168,16,253,99,233,34,64,115,136,225,139
3,200,33,140,4,16,140,164,68,64,80,66,32,8,176,224,72,64,18,69,197,32,36,189,32,32,138,128,29,28,56,12
50,218,64,238,66,193,154,228,5,0,240,162,41,14,37,64,78,185,151,195,74,171,8,253,176,224,138,139,53,155,36,153
4,72,105,69,4,10,165,20,64,160,54,2,17,1,149,96,104,100,19,72,129,176,101,8,100,8,165,132,101,184,80,40
103,8,38,142,12,16,138,0,192,192,208,3,32,8,183,98,64,224,27,199,133,131,36,168,16,40,138,152,29,47,56,68
3,193,0,136,132,145,140,165,68,64,80,71,32,8,50,224,72,0,18,69,197,40,4,149,32,32,142,192,28,28,184,12
3,193,0,140,132,128,140,165,4,64,80,199,32,40,50,64,64,2,19,5,212,8,4,157,32,32,142,192,28,28,184,92
60,0,98,108,68,18,194,80,68,128,119,2,83,73,181,96,88,160,23,42,136,162,36,136,66,233,162,0,119,171,112,128
2,135,0,136,144,161,24,35,4,5,88,167,8,38,34,64,76,19,147,149,18,8,0,213,8,32,138,193,148,12,180,80
56,72,96,236,68,129,198,100,69,0,112,2,35,8,53,0,72,224,6,67,136,162,0,189,34,233,162,0,117,153,112,136
1,200,104,236,4,1,207,244,68,0,84,2,49,9,176,96,72,32,19,201,192,160,4,189,96,41,170,0,117,184,112,40
0,72,106,236,4,129,199,244,68,0,84,2,49,1,177,64,72,32,19,72,192,168,0,61,96,41,162,0,117,152,112,40
3,200,35,204,4,145,132,229,68,64,80,66,32,8,180,228,72,32,18,201,199,168,36,189,32,40,138,128,93,28,240,44
40,72,106,78,4,145,195,244,68,0,116,2,48,9,181,100,72,32,19,74,192,168,36,189,98,41,160,0,119,155,112,168
0,0,66,136,84,131,168,64,164,0,210,2,8,138,32,64,104,168,10,160,0,179,0,196,20,32,138,64,21,8,48,128
3,129,2,140,20,145,140,101,68,64,82,66,32,8,48,224,72,34,19,129,215,168,4,157,32,32,138,192,29,12,184,12
3,192,32,136,20,129,142,164,68,68,80,7,32,8,50,64,72,0,19,69,196,40,4,189,32,32,138,192,28,12,184,92
2,129,34,136,20,129,168,97,4,5,82,135,32,10,50,64,68,11,19,133,210,136,4,221,32,32,138,192,20,12,184,72
40,8,106,204,68,2,193,16,68,128,118,2,17,9,176,96,72,164,19,168,128,176,4,8,66,41,162,0,39,168,112,32
1,193,0,140,132,145,132,229,4,64,80,71,32,8,50,224,72,2,2,69,85,40,4,157,32,32,142,64,28,28,152,12
3,192,1,140,4,16,140,164,68,64,80,70,32,8,176,224,64,64,18,69,197,32,4,157,32,32,138,128,29,28,56,12
2,5,146,137,182,160,184,2,14,1,88,2,140,170,48,64,75,11,51,145,18,16,2,192,4,52,154,136,148,72,49,128
2,149,16,136,147,165,20,99,12,9,72,2,12,22,32,64,204,27,147,144,18,136,16,213,33,4,10,66,16,8,161,131
3,129,32,140,20,129,140,37,4,64,80,135,32,46,50,64,64,34,19,133,212,136,4,221,32,32,138,192,20,12,176,88
2,131,32,136,132,129,140,33,4,4,80,135,0,8,50,64,68,3,131,133,212,8,4,149,40,32,142,193,20,12,180,64
2,203,32,138,148,193,142,197,6,4,80,163,0,12,50,64,72,26,131,215,82,40,8,181,32,0,142,193,149,31,180,200
2,131,0,140,20,193,8,103,4,5,88,131,32,46,50,64,68,3,131,133,82,8,0,157,40,32,138,193,20,12,148,72
50,104,2,140,76,1,142,100,132,128,144,10,32,138,49,2,72,224,91,195,64,11,2,168,176,0,142,184,21,56,50,136
34,203,32,142,20,129,138,228,68,68,16,131,32,40,54,0,72,75,19,215,198,42,12,253,40,0,142,161,21,30,116,204
2,131,32,140,148,129,12,37,4,4,16,135,32,42,50,64,72,2,19,133,214,8,4,157,40,0,142,192,20,12,144,72
2,131,2,140,132,128,12,37,4,68,80,135,32,46,50,64,68,35,147,133,82,136,0,221,32,32,138,192,28,12,180,88
3,193,0,136,148,129,12,165,4,68,80,135,0,40,50,64,72,2,19,197,212,8,4,149,40,32,142,192,28,28,152,88
3,8,99,204,4,16,131,0,68,0,80,66,32,0,181,228,72,96,18,75,129,160,36,169,0,40,138,128,23,173,112,44
3,193,33,140,4,145,140,229,68,64,80,66,32,8,180,228,72,0,18,141,197,40,36,221,32,40,138,128,21,28,248,108
2,129,32,136,132,129,140,33,4,68,80,135,0,12,50,64,64,1,147,133,210,8,4,149,40,32,138,192,20,12,176,80
2,193,0,140,132,129,12,37,4,0,80,2,0,2,48,64,64,2,19,129,80,8,0,213,32,32,138,192,20,8,176,8
2,131,0,136,148,129,140,33,4,4,0,135,0,12,50,64,76,2,131,133,82,8,0,149,40,0,138,193,20,12,148,64
18,129,16,136,151,193,148,103,4,5,216,162,4,28,32,0,74,27,135,145,90,42,0,149,168,192,142,243,21,8,180,131
0,133,26,169,181,173,185,82,14,9,92,0,148,51,32,64,201,10,2,24,18,40,16,213,77,149,154,64,144,72,49,161
2,148,16,152,149,229,144,66,14,9,72,2,140,190,32,64,193,27,147,17,18,8,18,215,9,22,26,99,144,72,37,131
2,193,0,136,132,129,12,165,4,0,80,2,0,2,32,64,72,2,19,128,80,8,0,213,32,32,142,192,20,24,176,0
130,133,0,128,131,96,28,167,4,66,8,179,8,54,32,64,73,83,147,128,80,8,16,130,40,0,142,67,20,92,180,90
2,193,32,140,132,128,12,37,4,64,80,131,32,44,50,64,68,34,19,133,208,8,4,157,32,32,142,128,20,28,176,88
2,129,2,136,147,193,24,101,4,69,64,131,40,14,50,64,78,27,147,149,82,136,16,213,41,32,138,65,20,12,181,82
33,200,96,204,20,145,130,228,68,64,80,66,32,8,180,224,72,32,18,67,199,40,4,189,34,8,130,64,93,12,120,140
1,193,40,140,4,129,132,37,68,64,80,3,32,8,50,96,72,0,19,133,196,40,36,149,32,32,142,64,21,8,144,76
3,192,0,140,4,145,132,165,68,64,80,71,32,8,178,224,72,0,18,69,197,40,4,157,32,32,142,128,29,28,152,12
130,128,146,153,52,168,184,2,62,19,82,18,140,138,32,72,227,9,2,144,34,156,2,215,12,54,26,194,148,0,33,129
130,0,146,153,36,128,184,64,190,25,82,18,140,138,112,73,231,25,51,145,34,212,2,209,4,18,218,194,148,0,33,129
35,200,96,140,68,145,142,228,68,64,80,199,32,8,183,224,72,96,19,199,197,168,4,189,32,8,138,128,29,28,120,220
129,193,97,204,20,145,142,101,68,64,80,66,32,8,180,228,72,34,2,74,199,40,36,191,32,40,138,64,21,8,240,44
3,192,0,140,4,145,140,165,68,64,80,71,32,8,50,224,72,0,18,69,197,8,4,157,32,32,142,128,28,28,184,12
130,0,150,153,32,128,56,0,190,27,82,144,140,134,96,73,231,9,51,144,34,212,2,209,12,18,90,194,148,0,33,129
2,135,32,152,150,209,156,99,20,69,88,183,8,44,50,64,77,3,147,133,246,8,36,215,40,6,154,195,21,12,180,85
0,201,2,156,20,131,160,230,4,1,90,2,32,168,48,64,104,34,19,65,82,184,0,189,32,38,154,64,20,8,176,8
130,135,6,152,146,128,44,39,20,5,88,151,40,2,50,65,98,35,19,133,114,136,0,253,32,34,154,192,28,4,176,72
160,205,97,202,20,129,143,246,68,0,92,2,112,73,188,100,72,2,19,107,195,44,44,191,32,8,138,64,85,154,208,172
2,131,0,136,148,129,140,33,4,4,80,135,0,12,50,64,76,2,131,133,82,8,0,149,40,32,138,192,20,12,148,64
3,193,32,140,4,129,140,37,4,68,80,135,32,8,50,64,72,2,19,133,212,8,4,149,32,32,142,192,28,28,184,8
2,201,34,136,20,129,170,228,70,65,82,2,40,136,48,64,106,42,19,193,194,184,2,245,32,36,154,192,21,28,177,136
2,140,2,141,20,163,138,102,4,0,90,2,32,40,48,64,72,34,19,161,32,184,1,255,32,38,138,128,20,8,48,8
2,193,34,136,84,129,172,229,12,64,80,131,44,142,48,64,110,137,19,197,194,26,2,245,48,32,142,200,20,28,177,216
2,145,114,201,214,131,184,99,77,1,126,162,8,30,36,64,110,59,19,160,208,184,4,221,46,40,138,194,85,136,225,145
34,200,96,218,84,129,170,228,86,1,120,2,40,202,52,64,104,43,19,209,194,42,8,253,40,14,138,192,85,11,96,136
66,139,22,140,154,128,60,231,140,21,218,163,44,166,32,64,102,19,187,128,82,137,2,245,40,38,218,203,20,4,165,89
35,205,97,154,148,147,142,230,84,64,80,199,32,12,182,161,73,106,19,71,231,40,44,191,40,14,158,192,85,28,240,220
3,193,32,140,4,129,140,37,68,64,80,135,32,8,50,64,72,2,19,133,212,8,4,149,32,32,142,192,29,12,184,92
34,200,96,218,84,147,138,224,6,0,116,2,40,202,181,0,90,169,19,201,130,34,42,253,2,12,139,232,21,143,112,136
35,201,103,154,84,147,142,228,86,96,80,70,32,72,182,165,88,104,18,79,231,186,44,189,40,14,143,160,93,31,88,236
3,149,50,201,182,179,184,99,76,65,94,162,12,62,182,228,238,19,147,145,151,152,36,213,46,12,138,198,149,12,181,245
3,202,4,156,20,145,142,228,70,65,80,199,32,136,178,192,72,96,51,197,199,40,6,189,32,36,154,128,29,28,56,28
3,193,0,140,4,129,140,37,68,68,80,135,32,8,50,64,72,0,19,133,196,8,4,149,32,32,142,192,29,28,184,92
35,8,99,204,76,145,154,64,196,68,213,143,32,204,183,164,92,169,147,231,133,35,38,153,18,8,138,168,87,47,120,244
90,157,82,168,243,193,28,247,15,9,88,163,44,158,32,64,230,187,159,145,82,11,0,221,184,225,142,203,52,4,165,27
2,193,0,138,148,129,134,165,4,0,17,2,0,8,48,64,72,66,19,67,80,40,8,181,40,0,142,192,20,26,176,0
2,56,18,153,66,128,56,64,44,0,82,163,44,150,33,73,110,57,147,209,2,146,2,192,20,32,154,138,4,21,37,153
35,201,102,14,28,145,170,228,196,64,208,199,32,200,183,160,72,104,18,71,199,169,6,189,34,8,138,136,93,30,120,220
2,148,26,216,211,229,185,114,30,9,124,18,28,191,36,64,229,27,19,144,18,136,16,215,75,30,26,66,144,64,33,131
3,142,0,158,148,163,134,235,22,70,88,151,96,100,58,64,93,98,131,37,116,12,8,191,40,38,207,128,28,108,24,88
37,0,106,76,4,2,201,16,68,128,119,2,80,73,180,96,88,36,18,170,128,176,36,72,66,40,163,4,101,170,112,32
2,208,16,152,83,193,56,197,31,1,192,163,44,150,32,80,110,153,147,144,66,11,18,213,48,4,154,235,20,4,165,155
3,4,2,141,20,162,168,35,84,35,90,87,32,40,50,64,121,46,51,5,181,188,69,143,4,38,154,192,156,76,56,8
3,148,51,217,243,181,184,103,94,9,120,112,172,190,164,228,167,59,146,16,183,152,34,223,15,30,26,194,144,0,161,189
60,12,66,232,84,162,74,80,53,128,243,10,91,203,49,80,122,172,21,226,40,151,0,142,210,237,160,128,39,175,114,0
80,5,2,136,60,170,194,64,173,128,219,10,207,200,48,80,120,165,110,33,8,163,128,204,144,244,130,88,4,43,48,0
134,205,0,138,148,161,14,166,22,1,24,18,64,96,41,64,73,66,19,82,50,40,8,191,40,4,143,192,148,91,144,8
43,72,99,78,68,146,239,116,197,192,246,194,56,133,181,228,108,248,18,234,193,179,36,236,52,40,130,128,119,191,112,172
3,149,49,200,147,245,185,99,14,65,72,2,12,190,36,100,231,27,147,145,151,8,48,213,11,52,154,66,147,4,165,119
3,136,36,153,52,169,184,39,62,85,82,23,172,40,50,72,163,43,51,21,150,184,71,213,12,54,90,192,156,12,153,93
3,144,22,153,53,149,184,39,222,89,82,112,172,154,34,232,231,59,178,21,151,156,2,215,12,54,26,194,152,12,169,15
84,0,18,140,60,164,170,64,172,8,251,2,238,200,49,64,250,161,110,49,8,163,2,222,144,52,138,24,84,43,33,0
2,131,4,157,148,35,40,47,20,103,82,151,64,46,50,73,85,30,179,133,48,216,65,159,12,38,218,197,148,76,180,80
23,0,50,168,52,166,90,64,85,136,211,2,15,202,49,104,254,169,31,177,140,167,0,206,145,252,138,138,181,171,49,5
3,148,50,152,147,181,184,66,14,73,72,87,12,158,34,192,231,27,147,149,151,8,50,215,9,20,154,195,152,4,41,215
3,146,50,153,120,133,56,3,158,93,80,53,172,138,114,72,198,43,187,21,150,24,2,213,4,48,154,234,24,4,161,219
2,131,32,136,148,129,140,37,4,68,80,135,0,12,50,64,68,2,147,133,212,8,4,149,40,0,142,192,28,12,184,80
18,16,2,201,95,103,184,64,133,8,251,2,8,158,37,72,232,185,155,177,0,183,16,194,23,12,138,131,21,12,116,147
2,131,18,152,104,193,184,67,173,13,120,161,172,158,36,80,198,59,151,144,18,11,2,213,4,16,154,235,16,0,165,155
131,201,0,140,132,17,142,165,68,64,80,71,32,40,182,224,72,98,18,69,229,8,4,189,32,40,142,128,29,28,184,12
34,16,226,137,69,107,240,66,15,5,80,163,8,156,48,72,104,185,147,145,2,178,16,208,21,0,154,3,181,12,52,218
2,48,18,152,83,227,176,74,22,33,192,163,44,214,32,64,124,57,139,145,2,151,16,157,21,6,155,43,16,12,37,218
3,195,0,140,132,129,140,165,4,68,80,135,32,8,50,64,72,2,19,133,212,8,4,149,32,32,142,192,28,28,184,92
3,20,18,217,244,185,184,67,190,65,88,244,172,138,180,232,231,59,147,17,183,156,2,211,14,28,154,202,220,72,169,133
6,157,128,150,147,227,158,239,22,129,24,163,108,126,41,64,87,115,147,179,114,72,8,255,40,6,143,195,148,126,181,27
160,64,106,77,84,131,233,112,85,0,117,2,115,73,180,37,88,168,23,232,233,182,100,157,86,42,160,128,119,138,112,168
3,164,82,217,116,184,168,2,126,65,126,84,172,130,164,228,230,43,18,152,151,152,36,215,6,60,154,192,158,196,9,140
3,201,3,140,20,144,134,165,84,64,80,66,32,8,180,228,72,34,18,73,229,168,36,189,32,40,142,128,93,28,248,44
3,193,0,140,4,145,140,165,68,64,80,71,32,8,50,224,72,2,19,5,197,40,4,157,32,32,142,192,29,28,152,12
161,201,99,78,84,147,203,120,85,64,117,66,112,201,180,165,88,168,18,234,225,186,44,157,50,10,129,8,119,170,112,172
26,149,106,168,211,193,153,231,4,69,220,163,45,159,34,64,110,155,147,145,90,138,16,245,251,101,142,203,53,12,165,218
6,205,0,138,148,161,142,228,6,1,25,130,72,70,49,64,76,67,19,211,18,8,8,245,40,0,142,192,148,27,176,8
3,193,32,140,20,129,140,229,68,64,80,199,32,8,50,64,72,34,19,197,214,40,4,157,40,32,142,128,29,12,184,28
163,205,99,158,84,145,134,228,84,64,80,66,96,200,180,229,88,106,18,111,231,170,46,189,34,40,142,136,93,30,248,204
144,0,10,164,4,2,8,0,52,128,210,18,83,10,32,65,112,36,29,160,40,145,0,8,128,225,170,144,36,40,48,0
3,193,0,140,4,145,140,165,68,64,80,71,32,8,50,224,72,0,19,69,197,40,4,157,32,32,142,128,29,28,152,12
163,205,99,158,20,145,134,228,84,64,80,66,32,200,180,165,72,106,18,79,231,172,44,191,32,8,158,136,93,30,248,204
2,135,38,156,158,193,156,103,132,5,216,167,40,46,50,65,78,51,155,133,82,137,2,221,32,34,158,129,20,12,180,216
35,201,97,200,84,129,143,244,68,64,80,66,32,136,180,228,72,42,18,203,195,42,36,189,32,8,138,128,87,24,112,172
3,201,34,140,20,145,142,231,68,64,88,71,32,8,178,224,72,2,18,69,215,40,36,189,32,32,142,192,29,28,248,76
2,149,26,136,146,224,185,103,12,1,74,34,60,54,32,64,226,27,147,144,18,152,16,223,105,36,138,195,20,0,165,10
131,207,36,156,148,129,140,231,148,68,88,135,32,14,50,65,76,43,147,133,230,136,6,221,32,34,158,128,29,12,184,88
3,201,33,140,20,145,142,229,68,64,80,70,32,8,182,224,72,34,18,197,199,40,36,253,32,40,142,192,29,28,248,204
3,195,0,140,148,129,140,231,4,69,88,135,32,8,50,64,72,2,19,197,214,8,4,157,32,32,142,192,28,12,184,92
2,143,2,140,150,128,172,231,4,5,88,135,40,46,50,64,102,3,131,133,82,136,0,221,40,36,138,193,20,12,181,88
131,203,32,152,148,145,140,231,22,69,80,135,32,8,50,65,72,34,19,197,246,8,4,191,32,0,142,192,29,28,184,92
2,131,2,136,19,192,56,103,44,5,90,163,44,150,32,64,102,27,147,145,18,136,0,221,40,36,154,195,148,4,165,26
2,144,18,153,51,164,184,66,62,25,90,178,172,158,32,72,231,27,147,145,18,152,18,215,13,22,26,194,144,4,37,147
2,195,32,140,132,129,140,165,4,4,80,135,32,8,50,64,76,2,19,197,214,8,4,157,40,32,142,192,28,12,184,88
56,8,106,76,84,19,203,120,69,0,244,2,51,73,181,48,120,168,6,234,136,178,36,156,82,233,160,8,119,171,114,160
48,8,66,236,68,130,232,64,5,128,242,2,43,136,53,0,122,169,6,161,8,179,0,204,18,232,130,0,117,168,98,136
3,193,0,136,132,129,140,165,4,0,80,199,32,8,50,64,72,2,19,69,212,40,4,157,32,32,142,192,29,28,184,28
2,160,18,136,113,133,184,64,46,25,112,2,12,150,96,64,230,25,19,144,18,26,2,213,29,20,10,234,16,0,33,131
34,0,82,160,100,136,248,64,41,0,112,2,140,138,116,80,238,137,23,129,2,18,0,192,150,216,138,234,21,128,99,129
2,32,2,145,66,128,184,64,172,17,80,130,44,142,112,73,110,57,19,145,2,146,2,192,20,16,154,200,5,4,33,128
3,131,32,140,132,129,140,37,4,68,80,135,0,8,50,64,64,2,147,133,212,8,4,149,40,32,142,192,28,12,184,88
58,0,66,224,84,3,104,80,5,0,247,10,11,9,53,80,120,172,23,168,8,179,0,204,82,200,128,128,103,168,114,128
32,0,98,76,84,19,224,64,69,128,116,2,32,8,181,32,120,168,6,169,136,178,36,200,22,8,128,0,119,136,114,140
2,135,0,136,148,129,12,39,4,5,88,131,32,46,50,64,76,3,147,133,82,8,0,149,40,32,142,193,20,12,180,72
2,148,18,153,51,224,184,99,62,13,90,183,172,190,32,64,231,59,147,145,18,136,18,215,13,54,26,195,148,4,165,83
3,195,0,140,132,129,140,165,4,68,80,199,32,8,50,64,64,3,19,133,212,8,4,157,40,32,142,192,28,12,184,92
35,72,98,206,84,147,202,96,69,64,117,2,32,200,181,32,88,40,19,107,196,162,36,157,2,8,130,168,87,190,112,204
2,133,18,137,22,162,184,98,44,1,90,2,44,138,48,64,102,35,19,145,18,152,0,223,12,36,154,192,149,0,49,1
57,72,98,78,84,147,199,244,69,64,116,2,51,200,183,36,72,232,22,75,206,170,36,189,114,105,160,8,119,159,112,204
2,151,34,136,178,224,184,103,12,69,90,167,44,46,34,64,102,59,147,133,146,152,0,223,40,54,154,195,20,68,165,91
34,200,96,200,84,129,142,228,70,0,80,2,32,136,52,0,72,40,19,195,194,42,0,189,32,8,138,168,85,24,112,136
3,195,32,136,4,129,140,37,4,68,80,135,32,8,50,64,64,2,19,133,212,8,4,149,40,32,142,192,28,12,184,80
2,195,0,136,132,129,12,37,4,4,80,163,32,14,50,64,76,3,131,133,82,8,0,149,40,0,142,193,20,12,180,72
0,201,34,136,20,129,142,229,70,0,80,2,32,136,48,64,72,8,19,193,194,168,0,253,32,0,142,64,21,24,240,136
2,133,2,141,150,160,184,103,36,1,90,163,44,62,32,64,102,51,147,129,82,152,0,223,44,36,138,195,20,4,165,25
3,203,0,140,148,128,142,167,4,65,88,199,32,40,50,64,64,2,19,197,212,8,4,189,32,32,142,192,28,28,184,92
0,193,2,136,20,129,44,229,4,1,80,2,32,10,32,64,72,42,19,192,82,136,0,221,32,32,138,64,20,8,176,136
2,131,0,136,144,193,28,33,4,5,80,163,0,46,32,64,76,19,131,144,82,8,0,213,40,0,142,193,20,12,180,64
35,201,104,200,84,129,143,229,68,0,112,2,48,136,180,96,72,170,19,193,194,42,36,253,96,8,174,200,85,24,240,168
40,233,64,232,84,129,198,244,6,0,112,2,49,136,36,64,72,170,19,66,66,42,0,189,112,201,166,104,53,24,240,136
2,133,2,140,148,128,172,103,4,5,90,135,40,42,48,64,108,51,19,133,82,152,0,221,32,36,138,192,29,12,184,136
3,137,33,142,20,145,142,97,68,64,89,66,96,104,180,224,88,34,18,103,213,40,44,189,40,8,139,192,29,14,184,12
3,192,0,140,4,129,12,164,4,64,80,199,32,8,50,192,64,64,19,197,197,8,4,189,32,32,142,128,28,28,184,28
1,129,2,140,148,145,4,103,4,64,90,71,32,0,178,192,72,34,2,133,85,152,4,157,32,32,138,64,28,12,184,12
3,192,33,140,4,17,140,164,68,64,80,70,32,8,182,224,72,64,18,69,197,40,36,157,32,40,142,128,28,28,152,76
2,131,0,136,148,193,8,35,4,4,24,163,0,14,48,64,76,19,131,145,82,8,0,149,8,0,138,193,20,12,180,64
2,212,18,152,19,193,184,199,14,1,72,2,44,158,32,64,231,59,147,144,2,12,18,247,33,4,154,75,17,16,165,139
2,131,0,136,148,193,24,33,4,5,80,163,0,14,48,64,64,19,147,129,80,8,0,213,40,0,138,193,20,12,180,66
0,129,66,137,196,137,168,99,140,1,88,2,168,136,48,65,104,171,2,129,82,184,0,213,36,16,138,64,21,8,241,128
130,10,2,153,4,129,168,64,22,69,82,167,168,142,50,64,108,57,179,133,2,152,69,213,4,32,154,129,20,12,52,216
2,131,0,136,148,193,24,33,4,68,80,163,0,12,50,64,68,19,147,149,82,8,0,149,40,32,138,193,20,12,148,80
58,0,98,232,84,162,200,80,85,1,114,2,73,137,53,72,120,168,23,161,136,182,4,158,82,239,162,128,119,140,112,128
3,193,0,132,132,17,142,229,68,64,16,71,32,8,50,224,72,66,19,71,213,40,4,169,32,0,142,128,29,28,152,28
51,195,66,172,70,128,92,117,5,68,208,135,41,15,54,80,110,169,151,133,206,139,4,221,50,104,138,136,63,148,184,216
3,149,115,72,23,244,177,98,108,65,122,2,44,56,180,100,238,51,18,129,151,184,52,221,3,46,26,66,215,12,33,239
48,12,66,190,84,163,194,96,21,0,249,2,99,104,48,80,88,168,6,33,40,170,0,159,144,230,128,8,117,171,112,128
3,143,0,136,148,131,142,239,22,4,88,135,32,42,50,64,89,34,19,165,116,8,5,223,40,38,159,196,156,12,184,88
2,131,0,136,148,193,8,96,4,5,16,163,0,6,48,64,72,17,147,149,18,8,0,148,8,0,138,193,148,12,20,80
7,72,9,138,4,0,142,132,68,64,81,66,112,8,177,96,72,64,18,75,133,32,44,56,32,32,170,128,29,59,56,44
3,201,0,142,132,129,142,165,4,68,81,135,96,104,58,64,80,66,19,199,212,8,12,189,32,32,138,192,28,14,184,84
32,200,106,220,20,129,171,244,84,1,118,2,48,137,180,100,72,106,50,200,194,168,38,253,64,46,178,0,87,137,112,168
3,193,32,142,132,129,142,37,4,68,81,135,32,44,50,64,64,2,19,135,212,8,12,189,40,32,142,128,20,14,176,92
2,143,32,138,148,161,138,166,4,65,88,135,0,44,50,64,77,67,147,199,146,8,8,181,40,0,138,192,20,95,176,88
2,193,32,136,132,129,140,37,4,0,80,3,32,8,48,64,64,2,19,133,208,8,0,149,32,32,142,192,20,28,144,8
2,131,0,136,132,129,132,37,4,4,80,2,0,0,32,64,64,2,2,0,80,8,0,149,32,32,138,192,20,8,144,0
2,193,32,140,4,129,12,37,68,64,80,3,0,8,48,64,64,0,19,5,192,8,4,149,32,32,138,192,20,12,144,72
3,201,167,156,28,145,140,167,198,64,82,71,32,168,179,224,72,106,50,69,197,136,6,189,32,38,222,128,28,60,184,76
3,13,34,136,148,35,14,43,4,228,90,135,64,40,51,64,80,38,19,165,148,152,5,156,40,36,139,196,28,108,56,84
2,131,0,136,132,129,132,37,4,4,80,2,0,2,32,64,64,2,2,0,82,8,0,149,40,32,142,192,20,8,144,0
130,197,8,142,4,161,142,39,20,0,89,18,32,32,48,64,72,34,19,195,98,40,8,191,32,32,138,128,20,26,176,8
2,201,132,136,156,129,142,165,134,85,208,131,0,142,112,64,76,91,187,213,82,9,10,241,40,36,158,200,148,28,176,88
3,204,0,156,4,145,142,167,84,66,88,71,32,40,50,225,65,98,19,5,229,12,4,191,32,38,222,128,28,92,184,12
3,193,0,136,4,128,140,37,4,64,80,131,32,4,50,64,64,2,19,133,84,8,0,149,32,32,142,192,20,12,144,80
82,219,0,138,156,128,158,229,130,1,144,167,32,142,112,64,76,219,159,213,90,11,138,245,184,32,142,251,20,30,180,88
7,8,99,204,4,16,139,0,68,64,86,66,32,72,181,228,72,96,18,75,133,160,36,168,2,40,130,128,87,45,112,108
1,76,99,78,4,144,131,162,68,64,94,66,48,0,181,100,72,96,18,75,193,168,36,173,32,40,130,0,21,187,112,44
2,193,32,136,4,129,140,37,4,64,80,135,0,12,50,64,72,2,19,133,208,8,4,149,32,32,138,192,20,12,144,92
3,149,49,136,182,157,180,231,78,73,88,103,172,24,50,224,166,11,147,21,215,8,0,221,44,16,14,226,28,12,137,95
2,131,0,136,132,129,140,101,4,4,80,130,0,8,48,64,72,2,19,129,80,8,0,149,32,32,138,192,20,12,144,8
2,195,0,140,4,129,132,101,4,4,80,6,32,8,50,64,72,2,3,1,64,40,0,149,32,0,138,192,28,8,184,8
2,131,4,136,156,129,140,101,132,21,208,135,32,14,50,64,76,3,139,133,82,9,2,213,56,32,138,193,20,12,180,200
3,12,99,222,4,129,139,96,84,66,82,66,96,72,181,100,72,96,18,203,193,164,36,255,0,46,138,128,21,63,112,172
2,151,2,136,181,133,156,231,12,13,88,39,172,46,32,64,204,51,131,5,82,136,64,221,41,20,138,195,16,12,181,91
34,203,33,136,151,209,134,229,68,68,80,162,32,12,182,164,72,59,130,65,71,42,36,189,32,0,142,67,85,28,156,252
2,131,32,136,132,129,140,37,4,4,80,135,0,8,50,64,64,2,147,133,208,8,4,149,40,32,142,192,20,12,144,80
4,143,128,150,148,0,14,167,20,7,24,7,96,104,40,64,73,66,130,66,112,40,8,175,40,6,143,65,148,122,148,72
2,149,18,152,177,224,56,39,28,1,90,50,172,54,32,64,194,59,147,128,50,136,0,223,45,54,154,195,20,0,165,27
131,0,19,217,52,145,40,66,62,19,82,82,140,130,224,236,231,9,18,152,39,148,38,211,4,22,154,192,148,8,41,164
0,65,0,128,132,0,12,5,4,0,16,2,0,8,32,64,64,0,19,0,80,8,0,128,32,0,142,0,20,24,144,0
33,201,66,76,68,131,238,116,69,0,116,70,48,8,181,36,72,168,18,203,193,186,4,189,96,8,162,128,93,152,120,172
3,131,32,136,148,129,140,37,4,4,80,135,32,8,50,64,64,2,19,133,212,8,4,149,40,32,142,192,28,12,152,64
0,2,22,137,70,0,168,64,172,20,82,3,140,10,32,67,106,129,10,144,2,51,0,192,20,32,202,1,20,8,37,128
56,4,98,233,68,51,224,82,69,3,126,18,19,41,180,40,104,136,23,168,136,182,37,130,86,239,176,128,247,200,112,128
48,72,107,236,68,130,235,112,65,128,240,2,51,137,53,0,122,169,23,235,200,179,0,204,80,168,162,128,117,185,114,168
2,128,82,224,86,129,248,64,45,1,112,2,44,138,52,64,106,169,6,144,18,186,0,213,22,152,10,232,53,128,99,129
2,0,18,137,86,128,184,64,44,1,82,2,140,130,48,72,106,41,19,145,2,152,0,208,4,52,154,192,132,0,49,128
3,193,0,140,4,145,140,165,68,64,80,71,32,8,50,224,72,0,18,69,197,40,4,149,32,32,142,128,29,28,184,12
35,72,98,204,84,145,206,116,69,68,84,135,32,140,183,32,72,168,19,207,198,170,36,189,34,8,138,136,87,156,112,220
0,0,18,157,22,162,40,66,60,1,90,18,44,130,32,64,114,47,19,144,18,152,1,207,4,38,154,64,132,8,33,136
3,193,33,140,4,145,140,229,68,64,80,66,32,8,180,224,72,0,18,69,197,40,4,157,32,40,142,128,29,28,184,12
3,193,32,140,20,129,140,165,4,64,80,135,32,8,50,64,72,2,19,197,212,8,4,157,40,32,138,192,28,12,184,92
34,201,0,136,84,129,138,230,6,1,88,2,32,136,48,64,72,42,19,193,66,42,0,189,40,4,138,104,21,24,176,136
2,193,34,136,150,128,172,103,12,1,90,2,44,138,48,64,106,43,19,129,210,136,0,221,32,32,138,192,21,8,177,136
3,193,32,140,4,145,140,37,68,64,80,7,32,8,178,96,72,0,19,5,196,40,36,157,32,32,138,128,21,28,144,76
3,131,0,136,148,129,140,101,4,68,80,135,0,42,50,64,72,3,147,133,212,8,4,149,32,32,138,192,28,12,184,92
3,200,97,204,4,145,135,228,68,64,80,66,32,8,181,228,72,96,18,75,197,40,36,189,32,40,138,128,87,157,80,108
3,193,0,140,132,144,140,165,4,64,80,199,32,8,50,64,64,2,19,197,213,8,4,149,32,32,142,192,28,28,184,92
3,193,97,204,4,144,140,165,68,64,80,66,32,8,180,228,72,0,18,201,197,40,36,221,34,40,142,128,29,28,248,44
3,205,0,142,148,129,14,165,4,64,88,199,32,42,50,192,64,66,19,199,197,8,12,189,40,32,142,192,28,30,184,28
2,135,32,140,148,128,12,35,4,4,88,135,32,46,50,64,76,3,131,133,208,136,0,149,32,32,138,193,20,12,180,64
1,200,97,204,4,145,143,228,68,64,80,66,32,8,181,228,72,96,18,73,197,40,36,189,32,40,138,0,21,28,112,108
3,192,1,140,4,145,140,165,68,64,80,66,32,8,180,224,72,0,18,69,197,40,4,157,32,40,138,128,29,28,184,12
2,131,32,140,20,129,140,33,4,4,80,135,32,46,50,64,76,2,131,133,208,8,0,157,32,32,138,193,20,12,180,88
3,195,32,140,132,129,140,37,4,68,80,135,32,8,50,64,72,2,19,5,214,8,4,157,32,32,142,192,29,12,152,92
3,141,0,140,20,131,138,235,6,64,88,199,96,104,50,64,88,34,19,165,214,8,4,157,40,36,139,196,28,14,56,88
3,131,0,140,132,129,140,37,4,4,80,135,32,8,50,64,64,2,3,133,212,8,4,149,32,32,142,192,28,12,184,92
2,131,32,136,148,129,140,165,4,4,80,135,32,8,50,64,72,2,147,5,212,8,4,149,40,0,142,192,21,12,148,72
130,138,2,154,18,192,58,224,22,5,80,179,104,198,32,64,126,57,131,144,34,140,2,255,0,38,154,195,20,4,37,25
3,195,32,136,148,129,140,37,4,4,80,135,0,8,50,64,72,2,19,5,214,8,4,149,40,0,142,192,29,28,152,80
130,48,144,152,3,197,16,66,30,19,0,18,12,158,96,8,205,25,179,145,34,68,146,210,9,6,154,107,144,4,37,147
56,0,98,225,4,2,232,24,65,32,114,2,11,9,52,64,104,132,21,161,136,176,1,128,146,201,160,132,103,136,112,128
50,218,82,238,2,193,154,224,5,0,240,162,41,14,37,64,110,185,135,195,74,11,0,253,176,224,138,139,53,27,37,155
2,72,134,156,12,0,136,132,132,0,80,2,32,136,49,75,72,104,51,195,0,160,2,185,0,34,218,136,21,57,48,8
3,72,97,204,4,128,135,228,68,64,80,66,32,8,181,228,72,96,18,75,193,32,36,189,32,40,138,128,85,29,112,108
130,205,1,158,20,128,142,167,20,1,88,71,96,40,48,196,64,98,19,199,225,136,12,191,40,38,142,128,28,30,176,44
8,128,50,249,117,165,248,82,95,9,124,18,156,139,48,8,237,8,23,24,130,188,2,211,71,221,50,192,210,136,97,129
128,150,0,152,145,245,16,99,22,95,24,119,0,32,34,193,201,2,130,145,54,40,0,151,8,6,154,67,152,76,156,87
3,9,43,204,20,130,175,49,68,64,86,66,112,64,180,100,120,36,18,173,209,184,36,77,32,40,170,128,21,170,112,108
3,193,32,136,20,129,140,37,4,68,80,135,32,10,50,64,72,2,19,133,212,8,4,149,32,32,138,192,28,12,184,92
41,65,106,76,4,18,239,113,68,192,118,2,113,73,177,96,120,32,18,234,192,176,36,140,98,233,162,128,119,186,112,40
103,8,102,142,12,16,138,64,192,192,211,7,96,200,183,98,72,228,27,199,133,131,166,232,16,40,138,152,29,47,56,68
3,131,0,140,132,129,140,37,4,4,80,135,32,10,50,64,68,2,3,133,212,8,4,213,32,32,138,192,28,12,184,88
45,72,98,78,4,18,207,180,69,192,86,2,113,73,181,100,88,100,19,234,193,160,36,168,98,105,164,128,119,187,112,232
3,193,0,140,132,145,140,165,68,64,80,199,32,8,50,192,72,2,19,5,213,40,4,149,32,32,142,192,28,28,184,28
3,193,0,140,132,129,140,165,4,64,80,199,32,40,50,64,64,3,19,197,212,8,4,157,32,32,142,128,28,28,184,92
60,0,106,236,68,18,202,80,68,128,119,2,83,73,181,96,88,160,23,170,136,178,36,136,66,233,162,0,119,171,112,128
2,135,0,136,146,161,24,34,4,5,88,167,8,38,34,64,79,19,147,149,18,8,0,213,8,32,138,193,148,12,52,64
3,193,0,140,20,129,140,165,4,64,80,199,32,8,50,64,72,2,19,197,215,8,4,157,32,32,142,192,28,12,184,92
48,72,98,236,68,1,198,196,69,0,240,2,35,8,53,0,72,224,6,67,136,162,0,189,34,232,128,16,117,185,112,136
2,148,32,136,147,225,152,67,6,69,8,179,12,46,34,64,79,27,147,145,18,8,16,215,9,6,154,195,148,76,180,210
40,72,106,236,4,1,207,116,68,0,84,2,49,9,49,96,72,32,19,201,192,160,4,189,98,169,170,0,117,152,112,8
56,72,106,236,4,0,198,116,68,0,118,2,51,9,49,64,72,160,23,73,200,160,0,61,98,233,162,0,117,184,112,8
1,192,35,140,4,145,132,229,68,64,80,66,32,8,180,228,72,32,18,205,199,168,36,189,32,40,138,0,29,28,248,108
40,72,106,78,4,129,195,116,68,0,116,2,48,9,181,100,72,32,18,74,192,168,36,189,98,41,162,0,119,154,112,168
2,150,32,136,147,225,152,66,6,69,8,179,8,46,34,64,79,27,131,145,18,8,0,215,8,6,154,195,148,76,52,82
32,0,66,136,68,129,232,64,5,0,112,2,0,10,32,80,104,168,6,128,10,178,64,196,20,0,138,64,21,8,112,128
0,0,2,136,68,129,168,64,164,0,210,2,136,138,32,64,104,168,10,128,2,179,0,192,20,32,138,64,21,8,49,128
130,0,144,152,54,165,184,66,30,27,80,18,140,154,96,72,231,25,19,145,34,4,2,210,1,22,154,202,148,8,33,129
2,135,0,140,20,129,8,39,6,5,88,131,32,34,34,64,72,34,131,4,82,8,4,157,40,36,138,193,20,12,180,72
3,193,3,140,20,145,168,37,68,65,82,66,32,8,176,224,104,34,19,1,197,168,4,157,32,32,138,192,29,12,184,12
2,131,0,136,20,129,140,101,4,68,80,135,0,14,50,64,76,2,147,133,82,8,0,213,32,32,138,193,28,12,180,88
3,195,0,140,148,129,12,165,4,4,80,7,32,34,50,64,64,2,2,133,84,8,4,157,32,32,142,192,28,28,184,28
3,131,0,136,4,129,12,33,4,4,80,135,0,8,50,64,64,2,19,133,212,8,4,149,32,32,138,192,28,12,184,84
3,193,0,140,132,129,140,165,4,0,80,70,32,8,50,64,72,2,19,193,215,8,0,157,40,32,142,128,28,12,184,8
2,4,146,137,214,160,168,2,14,1,90,2,140,170,48,72,107,11,51,145,18,24,64,193,12,52,154,136,148,72,49,128
2,149,16,136,147,165,52,67,12,9,88,2,12,146,32,64,237,27,2,0,18,8,0,213,33,20,26,194,16,72,161,131
2,20,128,152,19,225,24,66,6,1,8,179,12,22,32,64,75,17,131,145,34,8,16,215,9,6,154,195,148,76,52,18
2,207,32,136,148,193,142,231,6,69,88,163,0,12,48,0,72,27,131,209,82,40,8,181,32,0,142,193,149,92,180,216
2,131,0,136,16,193,24,99,6,5,88,163,32,14,32,64,68,19,131,129,82,8,0,213,40,32,138,193,20,12,180,72
34,104,2,140,76,1,142,96,128,128,144,10,32,136,49,2,72,224,91,195,64,163,2,169,48,0,138,184,5,56,50,136
34,201,160,128,20,193,138,228,6,69,16,163,32,12,54,0,72,91,147,209,82,42,4,253,40,4,142,225,21,12,180,202
2,131,32,140,148,129,12,165,4,4,16,135,32,42,50,64,72,2,19,133,214,8,4,157,40,0,142,192,20,12,144,72
3,129,34,140,20,128,140,37,4,68,80,135,32,14,50,64,76,35,19,133,212,136,4,221,32,32,138,128,28,12,176,88
130,16,148,152,3,197,184,64,30,27,16,50,12,150,96,73,166,25,179,144,2,68,18,208,1,18,218,170,144,0,33,131
3,193,35,140,4,145,140,101,68,64,80,70,32,8,182,224,72,34,19,133,213,168,36,221,32,40,138,128,29,12,248,76
58,72,98,228,6,2,78,112,5,128,116,2,43,11,177,0,110,229,21,202,200,178,0,168,178,201,133,128,39,185,112,136
3,192,32,140,4,145,140,165,68,68,80,135,32,12,50,96,72,0,19,69,196,8,36,157,32,0,138,128,21,28,184,92
5,72,106,69,132,18,175,148,64,192,86,2,16,1,181,100,104,100,18,234,192,176,37,104,98,41,166,128,5,185,112,40
2,193,0,136,4,129,140,101,4,0,80,2,32,8,48,64,72,2,19,129,80,40,0,149,32,32,138,192,20,8,176,0
2,195,32,136,132,129,140,37,4,4,80,135,0,8,50,64,72,2,147,133,212,8,20,149,32,32,138,192,28,12,152,80
2,147,33,136,147,193,152,103,6,69,88,167,44,12,34,64,78,27,131,149,86,8,20,213,41,4,138,195,21,12,180,90
2,145,40,136,151,197,189,119,4,65,76,3,28,63,48,68,236,19,19,141,82,8,16,213,105,0,142,66,20,8,177,114
26,149,56,168,151,193,148,99,4,1,72,2,20,58,32,64,200,27,147,145,82,40,16,149,233,193,138,67,52,8,180,130
2,195,0,136,132,129,140,37,4,0,80,2,0,8,32,64,72,2,19,0,80,8,0,149,32,0,142,192,20,24,144,0
2,181,144,152,151,229,144,67,14,9,8,2,12,158,96,64,193,27,147,17,18,8,16,213,9,20,26,99,144,72,165,147
130,133,0,128,131,96,4,167,4,70,8,179,0,54,32,64,73,83,147,128,80,8,0,130,40,0,142,195,148,92,180,90
2,193,32,140,132,128,12,37,4,64,80,131,32,44,50,64,68,34,19,5,208,8,4,157,32,0,142,128,20,28,176,88
2,145,2,136,147,197,24,99,4,1,72,131,44,150,32,64,76,27,147,128,82,136,16,213,41,0,138,67,16,12,165,210
33,200,96,200,20,145,130,228,68,64,80,66,32,8,180,224,72,32,18,67,199,40,4,189,32,8,130,64,93,28,120,140
1,193,41,140,4,129,133,37,68,64,80,3,48,8,48,96,72,0,19,5,196,40,36,29,96,32,142,64,21,8,208,108
3,200,1,140,4,145,132,164,68,64,80,66,32,8,180,224,72,64,18,69,197,40,4,189,32,40,142,128,29,28,24,12
130,128,150,153,54,160,184,2,62,27,82,18,140,138,96,72,231,9,51,145,34,156,2,211,12,54,26,194,148,0,33,129
35,203,32,140,4,145,140,229,68,68,80,135,32,12,54,64,76,2,19,197,198,40,4,253,32,8,142,128,29,28,248,220
129,201,65,204,20,145,142,101,68,64,80,82,32,8,180,228,72,34,2,72,247,44,36,191,32,40,138,64,21,8,248,44
3,193,0,136,4,145,140,165,68,64,80,71,32,8,50,224,72,0,18,69,197,40,4,157,32,32,142,128,28,28,184,76
2,144,150,153,50,164,56,2,190,27,90,48,140,150,32,72,167,27,59,144,18,156,2,215,13,54,26,194,144,64,33,17
2,151,32,152,150,193,156,103,22,69,88,183,40,46,50,65,79,19,147,149,246,8,4,215,40,6,158,195,21,12,181,93
0,201,2,140,20,130,162,231,4,1,90,2,32,136,48,64,104,42,19,65,82,184,0,253,32,36,154,64,21,8,176,8
3,207,6,156,146,128,44,39,20,6,88,135,40,34,50,65,100,35,19,133,118,136,0,255,32,38,218,192,28,4,185,24
162,205,97,200,20,129,143,247,84,0,92,66,32,73,180,100,72,42,19,107,243,44,44,191,32,8,142,224,87,152,208,172
2,131,32,136,148,129,140,37,4,4,80,135,0,12,50,64,72,2,131,133,210,8,4,149,32,32,138,192,20,12,180,80
2,131,0,136,148,129,140,33,4,4,80,135,0,10,50,64,76,3,147,133,82,8,0,213,40,0,138,193,20,12,180,64
2,140,2,140,20,163,138,102,4,1,90,2,32,42,48,64,88,34,19,161,32,152,1,159,32,38,138,128,20,8,48,8
2,129,114,201,214,131,188,103,76,1,122,2,8,8,52,64,110,59,19,129,208,186,0,221,34,40,138,192,85,8,225,129
2,201,34,136,84,129,172,229,12,64,80,131,44,142,48,64,110,137,19,197,194,26,0,253,48,0,142,200,21,28,177,216
35,205,97,154,148,147,142,230,84,64,80,199,32,12,182,161,73,106,19,71,247,40,44,191,40,14,158,192,85,28,240,236
66,155,18,140,154,128,60,167,140,5,218,163,44,182,32,64,102,19,187,192,82,9,2,245,56,36,158,203,20,4,165,25
2,131,32,136,148,129,140,33,4,4,80,135,0,8,50,64,76,2,147,133,214,8,4,149,40,32,138,192,20,12,180,64
3,149,114,137,182,178,184,99,76,65,90,162,12,62,182,96,230,35,147,149,150,184,36,213,46,44,138,194,149,12,177,197
34,136,64,218,84,131,202,72,23,0,121,2,96,200,53,0,88,169,19,208,2,162,10,221,26,12,139,232,21,143,112,136
35,201,103,154,92,147,138,228,198,64,80,70,32,200,182,164,72,104,18,79,199,186,38,189,42,10,142,192,93,30,88,204
2,131,32,136,220,129,140,231,134,21,216,167,32,142,50,64,76,11,139,133,86,11,6,213,56,0,142,249,21,12,188,200
35,8,98,140,76,147,138,64,196,196,85,207,32,204,183,164,92,168,147,175,133,163,36,136,18,8,138,136,87,47,112,244
26,157,82,168,243,193,60,247,15,9,88,163,44,151,32,80,231,187,151,144,82,10,16,221,250,245,142,203,54,4,165,155
35,201,102,14,28,145,174,228,196,64,212,198,32,200,183,164,104,32,18,77,199,169,38,189,34,8,138,136,93,30,120,204
2,197,0,138,132,128,142,165,4,0,16,2,0,10,48,64,72,66,19,195,82,8,8,181,40,32,142,192,20,26,176,0
3,195,32,140,4,129,140,165,68,68,80,135,32,8,50,64,72,0,19,133,212,8,4,149,32,32,138,192,29,12,184,92
2,80,18,140,74,128,184,68,172,0,208,162,44,150,33,64,110,57,147,208,64,147,130,200,16,32,10,138,20,16,33,153
1,128,179,217,116,173,169,2,126,27,114,80,136,136,180,236,203,43,34,25,179,188,35,215,12,62,18,64,214,136,97,165
10,157,18,217,243,181,185,119,61,9,124,50,60,183,164,116,231,59,147,152,50,152,48,223,107,30,26,194,146,64,161,187
3,140,128,156,20,35,134,235,22,70,88,135,96,100,58,64,89,98,19,37,228,8,12,159,40,38,207,128,28,108,24,92
37,8,99,206,4,18,139,80,68,128,87,66,112,64,189,100,88,96,18,234,129,160,44,136,64,40,162,128,87,171,112,36
3,134,130,141,20,34,136,43,20,231,90,151,96,40,50,64,89,38,51,165,52,152,1,143,0,38,154,128,156,108,56,92
3,4,130,157,20,162,168,3,84,67,90,87,160,40,50,64,121,46,51,21,181,188,69,207,4,38,154,192,156,12,56,8
3,148,51,217,243,181,184,103,94,9,92,112,172,190,164,228,167,59,147,16,179,156,50,215,15,30,26,194,144,0,161,191
118,4,66,172,20,162,74,64,173,0,219,10,79,202,49,80,120,172,29,163,8,147,128,142,144,245,138,152,37,171,114,0
2,149,120,200,147,225,153,99,14,65,76,130,56,190,36,96,106,27,147,145,18,8,48,213,107,4,154,67,181,8,165,118
134,141,0,154,148,161,142,230,22,2,24,18,96,104,57,64,89,98,19,211,114,40,8,191,40,6,143,192,148,91,144,8
37,72,99,79,68,146,235,80,197,192,118,194,48,197,181,228,108,248,18,234,193,179,36,236,54,40,162,128,119,187,112,172
3,137,0,140,20,147,138,99,6,64,88,199,32,200,178,224,76,35,51,197,215,136,6,253,32,36,138,128,29,12,56,92
134,140,4,156,148,163,136,43,20,226,90,147,96,102,50,65,93,51,147,165,48,200,3,159,8,6,219,196,148,108,16,80
3,136,36,153,52,169,184,39,126,85,82,23,172,40,50,72,163,43,51,21,150,184,7,213,12,54,90,192,156,12,153,93
3,144,22,153,55,149,184,71,222,89,80,112,172,154,38,232,231,59,179,21,151,140,2,215,12,62,26,202,152,12,169,143
68,0,18,140,60,165,168,64,172,8,251,2,238,200,49,64,248,37,110,49,10,163,2,221,144,52,130,24,80,11,33,0
3,193,32,136,132,129,140,37,4,68,80,135,32,8,50,64,72,2,19,133,212,8,4,149,32,32,142,192,28,28,184,92
2,131,6,157,148,35,40,47,20,101,90,151,0,46,50,72,117,6,179,133,48,216,65,149,12,38,218,197,132,12,180,80
86,4,50,168,53,166,218,64,77,136,219,2,14,138,53,64,254,185,31,177,136,167,0,206,145,252,138,154,53,11,49,1
3,144,50,153,105,133,56,67,142,93,80,53,172,138,98,72,198,43,179,21,150,8,2,209,12,48,26,234,28,4,169,219
2,131,32,136,144,129,140,39,4,4,88,135,0,46,50,64,76,3,147,133,210,8,0,213,40,32,142,193,20,12,180,80
45,0,106,71,100,26,251,80,69,200,119,2,89,73,183,96,122,164,23,47,128,176,36,136,70,105,160,128,103,175,112,225
3,205,0,140,132,145,142,231,68,66,88,199,32,40,50,192,72,2,19,199,199,40,4,189,32,36,142,128,29,92,184,92
2,20,82,168,122,225,184,66,173,1,248,161,172,158,36,80,206,187,151,129,18,42,2,215,130,212,10,235,20,0,39,147
34,16,102,137,71,99,248,66,13,65,90,163,8,158,37,72,106,153,147,145,2,178,17,192,21,0,154,131,149,12,116,210
131,201,0,156,132,144,134,165,84,64,80,71,32,8,182,224,72,98,18,71,229,40,4,191,32,40,142,128,29,28,248,12
2,48,2,152,83,227,176,74,22,5,82,163,32,158,32,72,124,185,131,177,2,179,17,221,21,38,155,43,21,12,36,218
2,195,32,136,148,129,140,37,4,4,80,135,32,8,50,64,68,3,147,133,212,8,4,213,32,32,142,193,20,12,184,72
131,2,242,153,118,169,184,66,126,5,80,23,172,136,54,72,238,43,19,149,182,188,4,211,4,28,26,192,156,76,41,133
60,72,106,236,68,147,202,112,69,0,116,10,51,9,181,64,88,232,23,234,200,178,100,189,82,201,160,128,119,187,112,128
6,159,144,158,146,227,158,167,22,129,24,163,108,126,41,64,87,123,147,243,114,72,8,255,40,6,143,195,148,126,165,27
35,72,103,79,84,147,201,112,69,64,117,66,112,72,181,101,88,168,22,234,201,178,100,157,22,40,161,128,119,170,112,164
3,195,0,140,148,129,140,165,4,68,80,199,32,8,50,64,72,2,19,133,214,8,4,157,32,32,142,192,28,12,184,92
131,201,35,156,20,145,134,229,84,64,80,66,32,8,180,229,72,98,18,75,227,168,36,189,32,40,142,128,87,28,240,44
35,201,103,78,92,147,203,248,85,64,112,66,96,200,181,229,88,168,18,234,193,170,46,157,50,40,131,136,119,174,112,172
10,149,19,216,243,164,121,115,61,9,94,80,188,183,32,68,230,59,23,24,19,152,32,223,111,60,58,194,146,128,161,169
6,205,0,138,148,161,14,198,6,1,89,130,104,110,57,64,77,91,19,211,82,8,8,244,40,4,142,224,148,95,176,152
3,193,0,140,20,129,140,229,68,64,80,199,32,8,50,64,72,34,19,133,214,40,4,221,40,32,142,128,29,12,184,28
163,205,97,94,84,145,134,236,84,64,112,66,96,200,188,165,88,104,18,239,231,170,44,189,32,40,130,136,95,158,112,172
6,201,1,138,20,129,138,168,4,0,81,66,80,72,56,64,88,64,19,227,83,0,8,53,40,32,171,192,20,11,176,0
3,193,2,140,20,145,140,101,4,64,82,199,32,8,50,64,72,35,19,133,214,136,4,221,32,32,138,128,29,12,184,92
3,193,0,140,4,145,140,229,68,64,80,71,32,8,178,224,72,2,18,69,197,40,4,157,32,32,142,192,29,28,152,12
163,205,102,158,20,145,142,229,84,64,80,198,96,200,190,225,72,106,18,199,231,170,44,189,32,42,158,136,93,30,248,140
18,135,6,156,154,192,156,103,132,5,216,163,44,174,32,64,110,51,159,129,90,137,2,221,176,38,154,203,21,12,165,219
3,201,32,136,20,145,142,229,68,64,80,199,40,8,54,64,72,43,19,197,215,168,4,253,32,40,142,192,29,28,184,156
3,201,34,140,20,145,142,229,68,64,80,199,32,8,182,224,72,2,18,69,215,40,4,189,32,40,142,128,93,28,248,76
2,149,26,168,146,192,185,103,12,1,90,162,60,55,32,64,98,51,147,128,18,152,16,221,104,37,138,195,52,0,165,26
3,201,97,140,20,145,142,229,68,64,80,70,32,8,182,224,72,34,18,197,199,40,36,253,32,40,142,192,29,28,248,204
2,135,2,140,150,128,172,231,4,5,88,167,40,46,50,64,110,19,131,133,82,136,0,221,40,36,138,193,20,12,181,88
131,199,32,152,148,129,140,231,22,69,80,151,32,12,50,65,76,43,147,197,246,8,4,255,40,4,158,192,28,28,184,92
2,20,144,152,19,225,16,66,30,3,64,146,12,150,96,72,235,25,147,144,34,12,16,214,9,6,154,99,144,72,37,18
2,147,18,136,19,192,56,103,46,5,90,163,44,150,32,64,102,27,147,145,18,136,0,213,40,36,154,195,20,4,165,27
2,144,18,153,51,165,184,66,62,25,90,179,172,158,32,72,231,27,147,145,18,152,18,213,13,22,26,194,144,4,37,147
130,195,32,136,148,129,140,167,4,69,88,151,32,44,50,64,76,3,147,197,246,8,4,255,40,36,142,193,20,12,180,88
186,0,98,225,68,18,104,80,65,0,246,18,11,9,181,116,122,172,23,168,168,178,32,206,86,233,128,128,119,168,98,132
2,160,82,136,116,129,184,64,173,9,112,2,140,138,100,0,238,9,23,144,2,186,0,213,20,24,138,232,21,0,35,129
2,0,66,129,66,128,184,64,172,0,114,130,12,134,32,73,110,185,19,144,2,147,0,192,20,0,138,192,5,0,33,128
50,0,66,224,68,129,232,64,45,0,242,2,9,10,52,80,106,137,23,176,8,178,16,196,22,200,138,64,101,136,114,128
2,131,32,136,132,129,12,33,4,4,80,135,32,10,50,64,68,3,147,133,212,8,0,149,40,32,142,193,20,12,180,64
33,0,98,76,84,147,224,80,69,64,117,2,32,136,181,36,88,168,18,169,132,178,36,204,18,8,130,8,119,142,112,132
2,135,32,140,148,129,12,39,4,5,88,131,32,46,50,64,76,3,147,133,82,8,0,221,40,32,142,193,20,12,180,72
2,144,146,153,51,228,184,66,62,9,82,178,172,158,32,72,231,59,179,145,18,152,18,215,13,52,26,195,148,0,37,147
3,131,0,140,132,129,140,39,4,4,88,135,32,42,50,64,68,3,147,133,212,8,4,149,32,32,142,192,28,12,184,92
2,133,18,137,150,162,168,99,44,1,90,2,44,42,48,64,110,35,19,145,18,152,0,221,12,36,154,192,148,0,177,1
33,200,106,204,84,145,199,244,69,64,116,3,32,136,183,36,72,232,19,79,198,170,36,189,114,9,128,136,119,156,112,236
2,151,50,140,178,224,184,103,12,65,90,167,44,46,34,64,231,51,147,133,146,152,0,223,40,54,154,195,20,68,165,91
34,200,96,206,84,129,142,228,70,0,80,2,32,136,52,64,72,40,19,195,194,42,4,189,32,8,138,168,85,30,112,136
3,195,32,136,132,129,140,37,4,68,80,135,32,8,50,64,64,3,19,133,212,8,4,149,32,32,142,192,28,12,184,80
2,195,0,136,148,193,12,165,4,4,80,163,32,14,48,64,72,19,131,133,82,8,0,213,40,32,142,193,20,12,180,72
2,131,0,136,150,193,28,39,4,5,88,163,32,38,32,64,64,19,131,129,82,8,0,213,40,32,138,195,20,12,180,80
2,193,2,136,20,129,172,229,4,1,80,2,32,138,48,64,104,10,19,193,82,136,0,221,32,32,142,192,20,8,176,136
3,143,2,140,148,128,142,167,4,69,88,135,32,40,50,64,68,2,19,197,214,136,4,189,32,32,142,192,28,12,184,88
3,192,0,140,4,145,140,165,68,64,80,199,32,8,50,192,72,0,19,133,197,40,4,157,32,32,138,128,28,28,184,28
2,131,0,136,146,193,28,35,4,5,88,163,8,46,32,64,72,19,131,128,18,8,0,213,40,0,138,193,20,12,180,64
35,201,97,204,84,129,143,229,68,0,112,2,48,8,180,100,72,42,19,201,194,42,36,253,32,8,142,136,85,24,240,172
40,201,72,232,84,129,198,244,6,0,112,2,49,136,52,0,72,170,19,67,66,42,0,189,112,201,162,104,53,152,112,136
2,135,2,140,148,128,172,103,4,5,90,135,40,42,48,64,108,51,19,133,82,152,0,221,32,36,138,192,21,12,177,136
3,137,1,142,20,147,142,233,68,64,88,70,96,72,180,224,88,34,18,103,215,168,12,189,32,8,139,192,29,14,248,12
3,131,32,136,148,129,12,101,4,4,80,135,0,10,50,64,68,3,147,133,214,8,0,213,40,32,142,192,28,12,176,80
1,129,2,140,148,129,4,103,68,64,90,199,32,2,34,64,72,34,2,132,215,152,4,157,32,32,138,0,28,12,184,28
3,192,32,140,4,17,140,165,68,64,80,71,32,8,178,224,72,0,18,5,197,40,4,157,32,32,142,128,28,28,184,76
2,131,0,136,148,129,136,97,4,4,16,163,0,14,50,64,76,19,131,149,82,8,0,149,40,0,138,193,20,12,180,64
2,208,18,152,83,197,184,199,30,1,64,18,44,154,32,64,231,57,147,128,66,14,18,247,33,4,26,106,16,16,161,139
2,131,0,136,148,193,28,33,4,5,80,163,0,46,48,64,72,19,147,129,16,8,0,213,40,0,138,193,20,12,180,64
34,133,98,201,212,169,168,99,204,1,122,2,168,8,52,64,104,43,19,145,146,184,0,213,44,28,138,192,85,8,241,128
50,16,114,232,67,67,152,96,5,0,240,163,40,30,36,64,254,185,151,161,8,147,16,221,19,96,138,131,53,12,36,155
50,4,98,136,84,163,200,98,69,1,248,2,3,40,52,64,120,168,23,161,152,187,0,223,144,238,138,192,181,8,112,128
3,2,34,153,20,139,168,0,30,69,82,151,168,142,50,72,108,41,179,133,134,156,69,213,4,52,154,192,20,12,56,216
2,131,0,136,148,193,24,33,4,69,16,163,0,12,50,64,68,19,147,149,18,8,0,149,8,0,138,193,20,12,148,80
2,203,0,140,132,0,142,167,4,5,24,135,32,40,50,64,72,66,19,197,208,8,4,189,40,32,142,192,28,28,184,24
51,192,66,172,70,128,220,229,5,64,208,199,41,142,54,64,110,169,151,197,206,139,4,221,50,104,138,136,61,156,248,217
3,148,51,136,23,245,177,66,76,65,90,82,44,152,180,228,230,59,18,145,151,184,52,223,5,60,26,66,215,12,33,239
48,12,66,172,84,163,194,99,5,0,249,10,99,232,48,64,88,168,6,33,8,163,0,159,144,230,130,24,117,42,112,128
2,177,0,136,23,193,24,64,6,69,16,163,0,6,32,64,76,17,147,145,18,8,16,213,9,4,138,195,148,12,20,82
3,143,0,136,148,131,142,239,22,68,88,135,96,104,50,64,89,2,19,181,244,8,5,159,40,38,143,196,157,92,184,88
2,139,32,142,148,128,14,165,4,68,89,135,96,110,58,64,84,66,19,199,208,8,12,253,32,32,142,192,28,30,184,88
32,200,106,220,20,128,235,118,84,0,118,2,48,137,180,100,72,104,50,200,194,168,38,253,66,46,178,8,119,153,112,168
3,193,32,142,148,128,142,37,4,68,81,135,96,44,58,64,64,2,19,199,212,8,12,189,32,32,142,192,20,14,176,88
2,206,32,138,148,161,138,166,4,3,88,131,0,44,50,64,77,66,19,213,178,12,8,183,40,6,158,192,148,95,144,72
2,193,32,138,132,128,140,165,4,0,80,3,32,40,48,64,64,2,19,133,208,8,8,149,32,32,142,192,20,30,176,8
2,131,0,136,132,128,132,37,4,4,80,2,0,2,32,64,64,2,2,128,80,8,0,149,32,32,142,193,20,8,144,8
2,193,32,140,4,129,12,37,68,64,80,3,0,8,48,64,72,2,19,5,192,8,4,149,32,32,138,192,20,12,144,72
3,201,167,156,28,144,132,39,198,64,90,66,32,168,180,224,72,106,50,69,199,168,6,189,32,44,158,128,28,60,248,76
2,193,32,140,4,129,12,37,68,0,80,2,0,8,48,64,72,0,19,1,208,8,0,149,32,32,138,192,28,8,152,0
3,143,34,140,148,35,12,43,4,228,90,135,64,40,50,64,80,38,19,165,148,152,5,220,40,36,139,196,156,108,184,80
0,131,0,136,148,129,4,37,4,4,80,2,0,2,32,64,64,2,2,128,82,8,0,149,40,32,142,65,20,8,180,0
3,133,2,129,148,139,172,39,44,97,90,199,140,40,18,64,96,39,19,149,214,152,69,213,44,36,142,192,12,12,153,28
2,201,160,138,156,129,142,229,134,81,208,131,0,142,112,64,76,91,187,213,210,9,10,241,56,36,158,216,148,30,176,88
3,205,1,156,4,145,142,166,84,66,88,71,32,40,50,225,73,98,19,71,229,8,4,191,32,38,222,128,28,92,184,76
2,129,0,136,20,129,12,37,4,64,80,131,32,6,50,64,68,3,147,133,80,8,0,149,32,32,138,192,20,12,176,88
82,219,0,138,156,129,158,229,130,69,144,167,32,142,114,64,76,219,159,215,90,11,138,245,184,0,142,251,20,30,180,88
2,16,144,152,42,129,152,64,14,17,16,162,12,150,96,72,230,25,147,144,2,0,2,208,0,4,154,170,20,8,37,147
3,77,99,78,4,146,143,162,68,64,90,66,48,96,181,228,72,96,18,203,193,168,36,173,32,40,138,128,85,123,112,108
2,131,32,136,148,129,12,37,4,64,80,131,0,46,50,64,76,3,147,133,208,8,4,149,32,0,138,192,20,12,176,80
3,209,49,136,179,149,180,231,78,73,88,98,44,28,36,224,166,27,146,65,215,40,52,253,41,16,14,226,28,12,161,223
2,131,0,136,132,129,140,101,4,4,80,7,0,8,50,64,72,2,3,133,82,40,0,149,32,32,138,193,20,8,148,72
131,73,1,140,4,16,142,164,68,64,80,66,32,8,181,224,72,96,18,71,197,36,36,191,32,40,138,128,28,29,48,76
2,131,4,136,156,129,136,97,134,5,208,163,0,14,48,64,76,147,139,149,82,9,2,213,56,32,138,217,20,12,180,64
39,12,99,222,4,162,139,112,68,66,95,2,112,96,181,100,88,32,18,171,129,160,36,220,0,46,130,128,85,171,112,228
2,151,34,136,151,133,148,231,12,77,88,39,44,56,34,64,204,35,147,5,82,136,16,221,41,52,138,195,28,12,185,219
34,203,97,136,215,209,134,231,68,68,88,163,32,12,182,228,72,59,130,65,71,42,36,189,32,0,142,67,85,28,188,252
3,131,32,136,148,129,140,37,4,4,80,135,0,8,50,64,72,2,19,133,212,8,4,149,40,32,142,192,28,12,152,64
6,143,0,150,148,1,134,167,20,135,24,7,96,104,58,64,89,98,130,39,112,40,8,175,40,6,143,193,149,126,148,8
131,0,19,216,53,181,185,82,30,11,84,82,140,134,116,236,229,25,19,153,35,132,34,211,5,30,154,194,146,8,33,165
2,193,0,128,132,0,12,37,4,0,16,2,0,8,48,64,64,0,19,1,80,40,0,128,40,0,142,128,20,24,144,0
2,193,0,140,132,0,140,37,4,0,80,2,32,10,48,64,72,2,19,129,80,8,0,133,40,32,142,192,20,8,176,8
35,201,98,204,84,147,175,117,68,0,116,70,32,8,182,164,72,170,18,203,193,170,4,189,32,40,138,128,95,152,112,172
3,195,0,140,4,129,140,37,4,68,80,135,32,8,50,64,72,2,19,133,212,8,4,149,32,32,142,192,28,12,152,88
0,2,6,137,68,128,40,64,172,20,82,7,140,10,32,75,106,9,138,144,2,178,2,192,20,32,202,1,20,8,37,192
39,0,111,76,68,18,201,88,197,192,119,66,80,200,189,109,88,32,50,171,129,178,36,200,0,42,194,132,85,170,112,228
48,8,106,236,68,131,235,80,69,128,116,2,51,137,49,0,122,169,23,235,136,178,0,204,80,168,170,128,117,169,98,168
0,0,82,200,118,137,232,64,45,1,112,2,12,138,60,64,122,169,6,144,2,186,0,213,22,152,130,64,117,128,99,128
2,0,18,153,86,162,184,66,172,1,82,130,140,142,48,72,98,41,19,145,18,153,0,208,4,36,154,192,132,0,49,129
3,72,99,205,4,16,143,36,68,64,82,66,32,8,181,228,72,96,18,201,197,168,101,173,32,40,138,128,23,188,112,108
0,132,22,141,22,162,40,67,60,1,90,18,44,130,32,64,98,43,19,144,18,152,1,207,12,38,154,64,132,0,161,9
3,193,33,140,4,145,140,229,68,64,80,66,32,8,180,224,72,0,18,69,197,40,4,189,32,40,142,128,29,28,248,12
2,131,0,136,148,129,140,97,4,4,80,163,32,10,50,64,72,2,131,129,82,40,0,149,40,32,142,193,20,8,180,64
2,133,2,137,146,130,168,99,60,1,90,146,172,46,32,64,102,59,19,128,50,152,0,223,44,36,154,192,21,0,161,136
3,201,32,140,20,145,140,165,68,64,80,199,32,8,178,224,72,34,19,197,197,40,4,189,32,32,138,192,29,12,184,12
34,201,64,136,84,129,142,228,6,1,80,2,32,136,48,0,72,42,19,193,66,42,16,189,33,4,142,104,21,24,176,136
2,193,34,136,150,129,172,229,4,0,80,2,44,138,48,64,110,43,19,193,210,138,0,221,32,32,142,192,21,12,177,136
3,129,32,140,4,145,140,37,68,64,80,135,32,12,50,96,72,2,19,133,212,40,4,157,32,32,138,128,21,12,176,92
3,195,0,140,148,129,140,37,4,68,80,135,32,8,50,64,72,3,19,133,212,8,4,149,32,32,142,192,28,12,184,92
3,200,97,204,4,145,135,228,68,64,80,66,32,8,181,228,72,96,18,75,193,40,36,189,32,40,138,128,87,157,112,108
3,193,0,140,132,145,142,165,68,64,80,70,32,40,182,224,72,66,18,197,213,8,36,189,32,40,142,192,29,28,184,76
3,193,2,140,4,144,140,37,68,64,80,70,32,8,180,224,72,2,19,133,197,168,4,221,32,40,142,128,29,28,248,12
3,131,32,140,4,129,140,37,4,68,80,135,32,10,50,64,64,3,19,133,214,8,4,149,32,32,138,192,28,12,184,88
3,205,0,142,148,145,142,165,68,64,88,199,96,40,182,224,72,98,19,199,213,8,12,189,32,8,142,128,28,30,184,28
3,72,97,204,4,128,135,228,68,64,80,66,48,8,181,228,72,96,18,75,193,40,36,189,32,40,138,128,87,29,112,44
3,192,1,140,4,145,140,165,68,64,80,66,32,8,180,228,72,0,18,69,197,40,4,157,32,40,142,128,29,28,184,12
3,131,32,140,20,129,140,37,4,68,80,135,32,8,50,64,72,34,19,5,212,8,4,157,32,32,138,192,29,12,184,92
2,131,0,140,132,129,12,39,4,4,88,135,32,42,50,64,64,3,131,133,86,8,4,149,40,32,138,192,28,12,184,68
3,143,2,140,20,163,138,107,6,69,88,135,96,104,50,64,92,43,147,165,150,136,4,223,40,36,138,192,28,14,56,88
130,152,18,154,19,193,176,64,30,0,80,178,44,214,32,73,122,57,147,192,34,132,18,245,1,0,154,139,20,0,37,155
3,133,3,137,20,179,168,35,68,65,90,70,160,40,180,224,72,42,18,133,149,184,69,221,4,44,138,192,29,12,248,132
2,131,0,136,148,129,140,101,4,5,80,131,0,46,50,64,76,3,147,149,82,8,0,149,40,0,142,193,20,12,180,64
3,200,1,140,4,16,142,164,68,64,80,71,32,8,177,224,72,96,18,71,197,168,4,189,32,32,138,128,28,29,56,12
2,131,32,136,148,129,140,101,4,4,80,135,0,8,50,64,76,2,131,133,210,8,4,149,40,0,142,193,20,12,180,64
50,90,82,174,18,193,154,96,5,4,240,162,45,142,33,64,110,185,135,195,74,11,0,253,176,224,138,139,53,27,37,155
3,6,34,153,22,161,184,66,12,71,90,135,140,14,50,72,111,11,147,149,134,152,5,215,12,4,154,192,157,76,57,212
2,72,134,156,12,128,136,192,132,0,80,2,32,138,49,75,72,104,51,195,0,128,2,233,0,34,218,136,20,57,48,8
3,192,0,140,4,144,140,165,68,64,80,199,32,8,50,224,72,0,19,69,197,40,4,157,32,32,142,128,29,28,184,92
33,72,97,206,4,0,131,208,68,64,80,66,48,0,181,100,72,96,18,75,193,160,36,189,32,40,130,128,85,187,112,44
35,0,34,136,76,145,136,72,196,64,209,71,32,200,59,224,88,40,19,165,133,163,6,157,16,0,138,168,29,14,56,196
131,207,0,158,20,128,142,166,20,1,80,195,32,40,48,196,64,98,19,199,227,8,12,191,40,38,158,128,28,28,184,12
33,0,97,201,68,145,169,64,92,80,116,66,144,8,180,173,106,136,18,137,131,178,100,193,4,24,210,96,87,136,113,164
2,151,0,152,149,245,20,35,20,79,92,119,0,38,38,197,201,2,130,5,117,8,36,151,40,6,154,195,24,76,156,87
9,65,106,205,4,18,237,53,68,64,86,2,49,1,178,96,120,36,18,172,193,184,37,140,102,41,170,128,39,184,240,232
3,193,32,140,20,129,140,165,4,64,80,199,32,8,50,64,72,0,19,197,212,8,4,157,32,32,138,192,28,12,184,92
57,72,106,109,4,18,239,117,68,128,118,2,121,9,177,100,120,164,23,234,200,176,37,136,98,233,162,128,103,184,112,168
199,0,230,220,76,18,168,64,196,208,83,2,64,200,183,107,104,44,51,167,132,242,38,192,18,40,202,136,5,47,112,196
2,131,0,140,132,128,140,37,4,4,80,135,32,10,50,64,68,2,131,133,212,8,4,213,32,32,142,193,28,12,176,88
9,73,98,78,4,18,207,180,68,192,86,2,113,9,183,100,72,96,18,202,193,160,36,173,98,41,166,128,119,191,112,108
3,193,0,140,132,144,140,165,4,64,80,199,32,40,50,64,64,2,19,133,213,40,4,157,32,32,142,192,28,28,184,28
61,0,106,236,68,18,202,80,68,128,119,2,83,73,181,96,88,164,23,170,140,178,36,136,66,233,162,128,119,171,112,128
3,193,0,140,148,129,140,165,4,64,80,199,32,8,50,64,72,2,19,197,215,8,4,157,32,32,142,192,28,12,184,92
2,135,32,136,150,225,152,99,6,69,88,163,0,46,50,64,77,3,147,149,18,8,4,213,40,4,138,193,149,76,180,80
56,72,106,236,4,1,206,116,68,0,116,2,51,9,49,96,72,224,23,201,200,160,4,189,98,233,170,0,119,184,112,136
1,193,35,140,20,145,132,229,68,64,80,66,32,8,180,228,72,32,18,205,199,168,36,189,32,40,138,0,29,28,248,108
48,72,106,236,4,2,107,16,68,128,86,2,49,67,177,96,104,100,19,202,128,144,32,40,98,169,170,128,53,185,112,40
40,72,106,206,4,145,195,112,68,0,116,2,112,9,181,100,72,32,18,74,192,168,36,189,98,41,162,0,119,154,112,168
66,48,16,128,106,129,184,64,170,16,16,160,140,158,96,2,166,17,123,16,2,1,130,192,4,16,10,170,20,0,3,129
2,176,144,152,19,229,184,66,30,27,16,51,12,158,96,72,167,25,147,145,34,76,18,210,9,22,154,235,144,4,37,147
32,0,66,136,68,129,232,64,5,0,112,2,32,10,32,64,104,136,6,128,8,178,0,196,20,0,138,8,117,8,112,128
0,0,2,137,68,129,168,64,172,0,82,2,136,138,32,64,104,40,2,128,2,179,0,192,20,16,138,64,21,8,49,128
2,20,16,136,179,229,184,66,14,11,88,51,12,190,32,72,239,27,147,145,50,8,16,214,9,4,154,195,148,76,37,147
2,135,0,136,16,193,8,99,6,5,72,131,32,134,34,64,72,10,131,144,18,8,4,221,40,4,154,65,148,12,180,72
35,200,105,204,20,145,135,244,68,64,84,66,48,8,180,100,72,32,19,79,195,168,36,189,32,40,138,128,87,156,112,236
18,0,66,161,4,0,104,0,33,0,242,2,11,10,20,80,104,133,21,129,8,176,1,192,146,232,130,128,37,0,114,0
2,149,18,136,177,165,52,67,14,9,88,2,140,146,32,64,197,11,2,16,18,8,0,213,33,20,26,194,144,72,161,131
66,4,128,137,86,32,168,2,14,3,88,18,140,138,112,72,107,139,51,145,2,22,192,194,20,36,154,136,149,72,49,128
2,135,32,136,148,161,136,35,4,5,88,135,0,46,50,64,76,3,131,149,146,8,0,149,8,0,138,193,148,12,180,64
2,213,32,136,151,193,150,231,6,1,88,163,8,156,32,0,73,27,131,209,82,40,16,245,32,4,142,99,149,92,180,218
34,104,6,140,76,129,138,64,132,128,208,10,32,138,113,2,72,224,91,195,64,163,2,168,16,0,138,184,20,56,50,136
34,209,96,136,215,193,152,229,6,65,16,131,40,156,118,0,72,25,147,209,210,40,20,245,41,4,142,227,21,12,180,218
3,129,34,140,20,129,140,101,4,68,80,135,32,12,50,64,72,2,19,133,214,136,4,221,32,32,138,192,29,12,176,92
2,131,32,136,144,161,136,99,4,5,88,135,0,46,50,64,76,3,147,149,210,8,0,149,40,0,138,193,20,12,180,64
3,193,97,140,4,145,140,101,68,64,80,66,32,8,180,228,72,34,18,137,199,40,36,221,32,40,138,128,29,12,248,172
50,72,114,228,6,2,90,80,1,128,240,2,43,11,53,0,110,229,21,227,200,163,0,232,178,200,129,144,55,185,112,8
2,129,32,136,148,129,140,97,4,68,80,135,0,14,50,64,68,3,147,133,208,8,4,213,40,0,138,192,20,12,180,80
44,72,106,77,4,18,239,212,68,0,118,2,17,9,181,96,104,100,19,234,192,176,37,40,102,233,164,128,103,185,112,40
35,73,99,204,4,16,175,244,68,64,86,66,112,8,183,100,72,96,19,207,197,168,36,237,34,40,174,128,87,188,112,108
2,151,32,136,147,193,152,99,14,77,88,167,12,30,34,64,206,27,147,145,18,8,0,213,41,4,138,195,20,12,181,211
2,135,0,136,147,225,152,98,6,5,72,131,8,46,32,64,73,19,147,145,18,8,0,213,9,4,138,67,148,12,52,82
43,203,96,136,84,145,142,229,68,68,80,131,33,12,182,32,72,0,19,69,198,40,36,189,34,73,172,129,85,28,212,204
2,145,33,136,149,133,189,119,12,1,76,2,44,63,48,68,236,19,19,141,211,8,16,213,41,48,138,66,20,12,177,114
10,149,24,168,151,229,145,99,6,1,76,2,20,59,32,64,200,27,19,145,18,8,16,213,107,133,138,67,144,8,177,130
2,180,16,136,147,225,144,66,14,1,8,35,12,190,32,0,203,27,131,17,18,8,16,215,9,20,26,99,144,72,5,147
2,195,0,136,132,129,140,165,4,4,80,2,0,8,32,64,72,2,19,0,80,8,0,149,32,0,142,192,20,24,144,8
130,133,32,130,148,65,12,167,4,71,8,179,0,38,48,64,73,83,147,131,80,8,8,162,40,0,142,193,148,94,180,74
2,149,18,136,145,165,56,99,4,9,72,2,12,150,32,64,229,27,147,144,18,136,16,213,41,52,138,194,144,0,161,147
2,193,32,140,132,128,12,39,4,64,88,131,32,44,50,64,68,34,19,133,208,8,4,157,32,32,142,128,20,28,176,88
3,203,32,136,20,145,142,229,68,4,80,7,32,8,182,64,72,34,19,197,198,40,4,189,32,8,138,192,21,12,248,140
2,149,18,136,147,229,56,99,12,9,72,147,12,62,32,64,236,27,147,129,18,136,16,213,41,36,138,195,144,4,165,146
3,193,41,140,4,129,133,37,68,64,80,67,48,8,48,96,72,0,19,133,196,40,36,21,32,32,138,192,21,8,144,76
3,195,0,136,148,129,140,37,4,68,80,135,32,8,50,64,72,2,19,133,214,8,4,149,40,32,142,192,28,12,184,92
2,148,18,152,179,229,184,66,30,27,90,50,12,190,32,72,231,27,147,145,50,156,16,215,9,54,26,194,148,64,33,147
129,205,2,156,20,144,142,39,84,64,88,82,32,8,182,224,72,34,18,197,247,44,36,191,32,40,138,64,29,12,184,12
3,193,0,136,4,145,132,165,68,64,80,67,32,8,182,224,72,0,18,69,197,40,4,157,32,40,142,128,28,28,184,76
2,148,150,152,51,164,184,66,190,25,90,51,140,190,32,72,231,27,147,145,18,136,18,213,13,54,26,194,144,68,37,19
2,201,2,136,20,129,40,229,4,1,82,2,32,138,48,64,104,42,51,193,82,152,0,245,32,36,154,192,20,8,176,8
3,207,6,156,148,128,44,231,20,6,88,135,40,34,50,65,100,35,51,197,246,136,2,253,32,38,218,192,28,4,185,28
2,195,0,136,132,129,140,37,4,68,80,135,0,10,50,64,72,2,19,133,84,8,4,213,32,32,142,192,28,12,184,88
2,135,0,136,146,225,152,99,6,5,88,163,8,46,32,64,77,19,131,145,18,8,0,213,40,36,138,193,148,12,180,64
2,13,2,141,20,163,170,98,4,1,90,2,32,40,48,64,104,34,19,129,16,184,1,255,36,38,154,128,21,12,48,8
2,13,114,200,214,178,184,99,76,1,122,2,40,40,52,64,106,43,19,161,208,184,36,221,40,44,138,192,85,8,241,128
2,201,34,136,86,129,174,229,12,64,80,131,44,142,48,64,110,169,19,197,194,26,0,253,48,0,142,136,21,28,177,216
82,203,18,136,154,128,188,231,140,5,218,163,44,174,32,64,102,51,187,193,82,11,2,245,184,36,158,203,20,4,165,25
3,193,0,140,4,145,140,101,68,64,80,199,32,8,50,64,72,0,19,133,198,40,4,157,32,32,138,128,29,12,184,28
3,200,32,138,94,145,170,224,198,64,80,131,40,204,183,96,110,41,147,199,198,43,46,253,48,8,138,168,21,31,49,204
35,201,103,158,92,147,142,228,198,64,80,199,32,200,182,164,72,104,19,199,199,186,38,189,40,14,142,128,93,30,120,220
3,149,114,201,182,178,184,99,76,65,90,163,12,30,182,96,238,51,147,149,150,184,36,213,46,44,138,194,149,12,177,197
34,136,64,218,84,131,202,104,23,0,120,2,96,200,53,0,88,168,19,209,2,162,8,221,26,12,131,232,85,143,112,136
3,203,0,136,28,145,142,229,134,20,208,199,32,136,50,64,76,11,147,197,198,9,6,245,48,0,142,185,29,28,184,204
39,0,98,204,68,19,168,80,196,192,85,135,0,204,183,164,92,168,147,175,133,178,36,136,18,8,138,168,87,174,112,244
26,157,82,232,243,193,60,119,15,9,88,163,44,159,32,64,230,187,151,145,82,10,0,221,122,69,142,203,55,132,165,219
35,201,103,12,92,145,174,228,196,64,208,198,32,200,183,164,104,40,18,79,199,171,38,253,34,8,138,136,95,158,120,204
1,128,179,89,116,169,233,2,127,27,114,80,140,136,180,236,203,42,2,24,147,188,34,215,12,30,18,66,214,136,65,165
2,88,18,140,74,128,184,68,172,0,240,162,44,150,33,64,110,57,147,192,64,131,2,200,16,32,10,138,21,16,33,153
2,132,162,156,20,34,142,43,22,70,88,135,96,100,50,64,93,34,19,165,164,136,5,159,40,38,223,132,20,108,52,88
3,200,1,140,4,145,142,164,68,64,80,70,32,8,181,224,72,96,18,71,197,32,36,189,32,40,138,128,29,29,120,12
3,148,51,217,243,181,185,119,94,73,124,112,172,190,164,228,167,59,146,16,179,152,48,223,47,30,26,194,146,0,161,191
124,12,66,236,84,163,74,80,49,128,249,10,75,203,49,80,120,168,21,226,8,151,0,158,210,237,160,216,39,171,114,0
3,4,130,157,20,162,168,2,20,65,90,215,168,40,18,64,113,46,51,149,149,156,69,199,4,38,154,192,156,12,56,8
2,149,104,200,211,225,153,99,6,69,76,163,24,191,36,96,107,155,147,145,18,10,48,213,107,5,154,67,181,8,181,242
35,72,99,76,68,147,238,116,197,64,242,198,40,140,181,228,110,104,18,238,197,163,36,237,50,40,130,136,127,191,112,172
134,141,0,154,148,161,14,230,22,3,88,18,96,98,57,65,89,98,19,211,114,8,8,191,40,6,143,192,148,121,176,8
2,132,6,157,20,163,136,107,22,226,90,147,64,108,50,65,93,46,19,165,48,216,1,159,8,38,155,196,148,108,16,88
3,152,54,153,52,184,184,39,126,89,82,117,172,154,182,232,167,43,50,21,151,188,7,215,12,62,26,194,156,4,137,205
2,130,166,153,20,170,168,39,62,117,82,151,172,44,18,72,101,14,179,149,150,152,69,213,12,54,218,192,140,12,149,88
3,144,18,153,55,149,184,71,158,89,80,119,172,154,38,232,231,59,179,21,151,140,2,213,12,54,26,202,24,12,169,223
82,4,50,168,53,38,90,80,93,136,211,2,15,138,49,80,252,169,31,177,136,167,0,206,147,253,138,136,53,143,48,1
82,0,18,136,61,167,184,64,172,8,251,2,140,218,33,64,252,161,110,176,8,163,3,220,145,52,138,218,16,11,33,3
3,160,2,153,48,160,56,2,62,73,80,149,140,142,50,72,231,11,19,149,150,156,6,215,12,20,154,194,156,4,41,213
3,131,32,136,148,129,140,37,4,4,80,135,32,8,50,64,72,3,147,133,212,8,4,213,40,32,142,192,28,12,184,88
31,48,178,160,23,22,216,80,21,202,211,19,15,30,55,104,254,153,151,181,140,151,48,202,147,221,154,130,167,44,33,87
3,205,0,140,148,145,142,231,4,65,88,199,32,40,50,192,72,2,19,197,199,8,4,253,32,38,158,192,29,28,184,92
2,148,80,232,115,225,184,66,173,1,248,178,172,158,36,80,238,187,151,145,18,14,66,215,151,212,154,235,85,0,39,155
34,16,102,201,71,99,184,66,13,1,90,163,8,158,37,72,232,153,147,145,2,177,17,192,21,0,154,131,149,12,117,210
131,195,0,140,148,144,140,165,20,68,80,199,32,40,50,65,72,2,19,197,244,8,4,157,32,32,142,128,29,28,184,92
3,131,34,140,20,147,140,99,4,64,90,199,104,8,182,192,92,35,147,165,213,136,4,221,32,40,138,128,29,14,184,220
2,48,18,153,83,227,176,66,22,5,82,163,44,158,32,72,252,185,131,145,2,178,16,221,21,6,154,3,145,12,37,218
56,72,104,204,68,147,203,112,69,0,116,2,51,9,181,32,88,232,23,234,200,178,100,189,118,233,160,128,119,187,112,168
131,148,18,153,242,185,184,67,190,73,88,246,172,138,182,232,231,59,147,149,183,156,6,215,12,28,26,202,156,12,169,149
6,159,128,158,146,227,158,239,22,129,88,163,108,254,41,64,95,123,147,177,114,200,10,255,40,6,143,195,148,126,181,91
33,64,103,79,84,131,235,112,85,96,117,66,113,73,181,37,88,168,22,234,233,178,100,157,22,42,160,128,119,170,112,164
3,193,0,140,20,145,140,229,68,64,80,199,32,8,178,224,72,2,18,69,199,40,4,157,32,32,142,192,29,28,184,28
3,201,7,156,20,144,142,229,196,64,80,70,32,8,180,229,72,34,18,205,199,168,4,189,32,40,142,128,29,28,248,12
33,200,99,78,84,147,203,120,85,64,117,66,112,200,180,165,88,168,18,234,225,186,108,157,48,10,129,8,119,170,112,236
10,149,19,200,243,164,57,119,45,9,94,82,60,183,32,100,230,59,23,24,19,152,48,223,107,188,18,202,146,0,161,171
6,205,8,138,148,161,14,198,6,1,89,130,96,110,57,64,77,75,19,211,82,8,8,247,40,4,142,224,148,91,176,136
18,135,2,136,146,128,28,103,4,5,218,135,41,38,50,64,78,35,143,133,90,137,0,221,160,100,138,193,20,12,180,72
3,131,0,140,148,129,140,37,4,5,80,135,32,8,50,64,72,34,147,197,214,136,4,221,32,32,142,192,29,12,184,92
35,201,103,158,92,145,142,236,212,64,80,198,96,200,190,229,88,106,18,207,231,170,46,189,34,42,138,136,93,30,120,140
134,29,0,146,130,32,158,135,20,2,25,179,76,62,32,64,79,83,147,131,112,12,8,226,32,6,158,131,20,95,165,19
3,201,3,140,20,145,142,101,68,64,80,70,32,8,182,224,72,34,18,197,199,168,4,253,32,40,138,128,29,28,248,140
3,193,0,140,4,145,140,165,68,64,80,199,32,8,178,224,72,2,19,197,197,40,4,157,32,32,142,128,29,28,184,28
163,205,99,158,20,145,142,228,84,64,80,70,32,200,190,229,88,106,18,207,231,170,46,191,34,10,158,128,93,30,248,140
18,195,38,156,154,193,156,103,132,5,218,167,44,174,34,64,110,51,159,197,90,9,2,253,176,34,158,139,21,12,181,89
10,133,26,168,146,192,185,103,4,5,90,162,61,63,32,64,102,51,151,129,82,136,0,221,104,165,170,195,52,0,165,11
19,203,2,136,148,129,140,229,4,5,208,135,41,10,50,64,76,35,147,197,214,136,4,253,168,96,142,192,29,12,184,216
35,201,99,136,84,145,143,228,68,64,80,66,32,8,180,228,72,40,18,203,199,170,36,189,32,8,138,128,87,156,112,236
35,201,97,140,20,145,134,229,68,64,80,70,32,8,180,228,72,34,18,77,199,40,36,189,34,40,142,192,93,28,248,140
3,137,34,140,20,144,140,231,68,64,88,199,32,40,182,224,72,34,18,197,215,40,36,253,32,40,142,128,29,12,248,204
33,201,107,204,68,147,207,117,69,0,116,2,48,9,180,100,72,32,18,200,193,170,36,189,34,40,130,128,119,152,112,172
131,207,36,152,20,145,140,231,22,68,80,135,32,8,50,65,76,43,19,197,230,12,4,255,32,2,158,192,29,28,184,220
2,48,148,152,109,133,184,64,142,24,16,34,140,158,96,11,172,25,179,145,2,67,130,208,17,16,90,170,16,8,33,131
2,145,18,136,19,192,56,103,14,1,74,163,44,150,32,64,102,27,147,145,18,152,2,213,40,36,154,195,20,4,165,27
2,144,18,153,51,164,184,3,62,9,90,82,172,150,32,64,231,59,147,144,18,152,2,215,13,54,26,194,144,0,169,139
2,131,34,136,22,129,152,101,6,5,80,167,40,142,50,64,110,43,147,133,150,136,4,221,32,36,138,193,21,12,189,72
56,8,106,76,84,19,235,112,69,128,116,2,17,9,181,48,120,168,22,234,136,178,36,140,82,41,160,128,119,171,114,160
2,32,82,136,116,129,184,64,173,9,112,2,140,138,100,64,238,41,19,144,2,186,0,213,4,24,138,232,20,0,35,129
2,0,66,128,66,128,184,64,172,16,114,130,12,142,52,73,110,185,19,145,2,147,0,192,20,8,138,192,5,0,33,128
131,195,32,136,148,129,140,231,20,69,88,151,32,12,50,64,76,35,147,197,246,8,4,255,40,32,142,192,20,28,184,92
18,0,66,160,69,137,104,64,45,1,114,2,13,138,112,64,106,137,23,145,0,179,16,192,149,192,138,64,37,8,113,128
3,195,32,140,4,129,140,37,4,68,80,135,32,8,50,64,72,3,19,133,212,8,4,157,32,32,142,192,28,12,184,92
33,0,98,76,84,19,224,80,69,0,112,2,32,200,181,32,88,168,22,161,140,178,36,204,18,8,130,8,119,138,112,132
130,195,32,136,148,129,140,231,4,5,88,135,32,14,50,64,76,3,147,197,242,8,4,223,40,32,142,193,20,12,180,72
2,146,18,153,51,225,184,66,30,9,90,179,172,158,32,64,231,59,147,145,18,152,2,215,13,52,26,203,148,4,37,211
3,72,67,140,4,145,142,164,68,64,80,66,32,8,181,228,72,96,18,207,197,160,36,189,32,40,142,128,29,60,112,44
2,133,18,137,22,162,184,99,44,1,90,2,44,138,48,64,102,43,19,145,18,152,0,221,8,36,154,192,148,0,177,1
35,200,106,76,84,145,207,244,69,64,116,134,48,140,183,100,72,168,18,207,197,170,36,189,114,40,128,136,127,156,112,236
2,151,34,136,178,224,184,103,12,69,90,167,44,46,50,64,230,51,147,133,146,136,4,221,40,36,138,195,20,4,165,217
34,201,96,200,84,129,142,228,6,0,80,2,32,136,52,64,72,40,19,195,194,42,4,253,32,8,138,136,21,28,112,136
2,195,0,136,148,129,156,229,4,5,80,163,32,14,50,64,76,19,131,129,82,8,0,149,40,0,142,193,20,12,180,72
35,201,99,204,84,129,141,229,68,64,80,194,48,12,180,100,76,43,19,193,199,170,36,253,32,8,142,192,21,28,240,236
2,149,16,136,147,225,16,99,14,1,72,162,12,54,32,64,99,19,147,144,18,8,0,213,40,4,138,195,148,76,165,18
40,201,104,232,84,129,206,244,70,0,112,2,49,137,52,0,72,170,19,193,194,42,0,189,114,137,170,168,117,152,112,136
2,135,2,140,148,128,188,103,4,5,90,131,40,46,48,64,110,51,147,133,82,152,0,221,32,36,138,193,20,12,181,8
3,143,0,142,20,128,138,227,4,64,88,199,96,72,50,64,76,42,19,197,214,8,12,253,40,36,138,192,28,14,184,92
3,133,2,140,148,145,172,103,68,65,90,71,32,32,178,192,72,34,18,69,213,152,4,157,32,32,142,192,28,12,184,12
2,131,0,136,148,129,140,97,4,4,16,135,0,10,50,64,76,3,131,133,82,8,4,149,40,0,138,193,20,12,180,64
2,204,0,136,19,225,186,198,6,5,88,163,44,142,32,64,110,59,147,144,2,138,0,253,32,4,154,203,21,4,37,154
3,195,0,140,132,128,140,37,4,68,80,135,32,8,50,64,76,2,147,133,212,8,4,149,32,32,142,192,28,12,184,92
32,201,106,73,84,139,227,244,68,0,118,2,49,9,180,96,104,42,2,200,195,184,37,253,102,41,162,0,117,136,112,168
2,131,32,136,148,193,140,97,4,5,80,163,0,14,50,64,76,19,131,129,82,8,0,213,40,0,138,193,20,12,180,64
2,133,98,201,212,137,168,99,204,1,122,2,172,136,52,64,106,43,19,129,146,184,0,213,36,24,138,192,85,8,241,128
58,16,114,236,119,215,216,112,5,8,116,34,89,31,52,64,254,185,151,161,192,178,48,221,83,233,160,130,55,172,100,147
2,2,34,153,20,137,168,0,30,69,82,151,168,142,50,72,108,41,179,133,134,156,69,213,4,52,154,192,20,12,53,216
2,131,32,136,20,129,136,33,4,68,80,135,0,12,50,64,76,2,147,133,214,8,4,149,40,0,138,193,20,12,148,80
3,203,32,140,148,128,142,167,4,0,24,199,32,40,50,64,72,66,19,197,212,8,4,189,40,32,142,192,29,28,152,28
48,13,66,140,84,163,66,106,5,0,248,2,35,232,32,64,88,168,6,32,56,163,0,159,144,230,130,24,85,42,48,128
3,72,99,142,76,144,171,64,196,64,208,194,56,140,181,228,108,40,27,207,199,139,38,253,16,40,138,136,21,31,113,236
2,149,122,72,210,208,185,99,100,1,126,162,56,63,164,96,110,187,147,128,82,184,36,221,98,44,162,195,117,128,229,191
2,142,0,141,20,131,136,47,22,37,90,135,32,42,50,64,89,38,19,165,244,152,69,223,44,38,159,192,29,12,184,88
5,8,107,206,4,18,139,16,68,128,87,2,112,65,181,100,88,100,18,234,129,160,36,232,64,40,162,128,21,171,112,32
130,18,0,152,18,193,24,66,22,1,80,179,8,134,32,72,71,25,147,144,34,12,0,215,8,6,154,227,148,12,37,19
2,131,0,142,148,128,14,165,4,68,89,135,96,78,58,64,84,66,19,231,82,8,12,253,32,32,138,192,20,14,176,80
6,206,32,138,148,161,138,166,4,7,88,131,96,110,51,64,77,67,19,149,146,8,8,183,40,6,142,192,148,95,176,72
2,193,32,138,148,129,142,165,4,0,81,3,32,40,48,64,72,2,19,135,208,8,8,181,32,32,142,192,28,14,176,8
2,195,0,136,132,129,132,37,4,4,80,6,32,32,32,64,72,2,2,0,80,8,0,149,32,32,142,192,20,24,144,0
2,129,32,140,4,129,12,37,68,0,80,3,32,8,48,64,64,2,19,133,208,8,4,149,32,32,138,192,20,12,176,8
3,201,167,156,20,144,132,103,198,65,82,66,32,168,180,228,72,106,50,73,197,168,38,189,32,46,158,128,21,28,240,76
2,193,0,136,132,129,12,37,4,0,80,2,0,10,48,64,64,2,19,129,80,8,0,149,32,32,142,192,28,8,184,8
3,133,2,133,148,51,172,35,68,225,90,199,0,40,178,64,120,38,19,37,213,152,69,140,44,36,142,192,156,108,184,76
2,131,0,136,148,129,132,37,4,4,80,6,0,0,32,64,72,2,2,0,82,8,0,149,40,32,142,192,20,8,144,0
3,205,33,156,148,145,142,167,84,66,88,70,32,40,179,225,73,98,18,69,229,40,4,191,32,38,222,128,29,124,184,12
2,193,32,136,4,129,140,101,4,64,80,135,32,12,50,64,72,2,19,133,208,8,4,149,32,32,138,192,20,12,144,88
3,133,2,129,148,139,44,39,44,97,90,199,172,40,18,64,34,39,19,21,214,152,5,213,44,52,142,192,28,12,153,28
33,73,106,78,4,146,135,48,68,192,126,2,112,64,181,100,72,96,18,106,193,160,44,61,96,40,162,0,87,251,112,44
114,251,32,138,156,129,142,229,130,69,144,167,32,140,114,64,76,202,159,215,218,11,142,181,184,0,142,248,21,30,180,216
3,8,35,204,4,16,136,0,68,64,84,2,32,8,183,228,72,96,18,73,133,160,36,169,2,40,138,128,21,61,112,108
3,193,32,140,4,145,140,101,68,64,80,131,32,8,50,96,72,0,19,133,196,40,4,157,32,32,138,192,20,12,184,76
2,135,0,137,176,137,60,39,46,5,90,133,172,6,34,64,134,19,147,4,82,152,0,221,44,20,138,193,20,4,133,89
3,209,49,136,179,149,180,231,78,73,88,98,44,28,164,228,166,27,146,65,215,40,52,253,41,16,14,226,28,12,161,223
2,195,0,136,4,129,140,37,4,4,80,135,32,8,50,64,72,2,131,133,82,8,0,149,32,32,138,193,20,12,180,80
131,73,33,142,4,16,134,164,68,64,80,66,32,8,181,228,72,98,18,79,197,36,36,191,32,40,138,128,29,95,112,108
3,195,36,136,28,129,140,229,132,21,80,135,32,138,50,65,72,3,155,133,214,9,6,213,48,32,138,200,28,12,184,24
40,5,106,204,68,34,233,112,68,2,127,2,81,105,177,96,88,32,19,170,128,176,36,12,66,173,162,128,117,235,112,160
2,151,34,136,151,133,148,103,12,77,88,39,44,60,34,64,204,35,147,5,210,136,16,221,41,52,138,195,28,12,189,219
2,131,0,136,148,129,140,35,4,5,88,135,0,44,50,64,68,3,131,149,82,8,4,149,40,0,142,193,20,12,180,64
132,143,128,150,148,129,6,167,20,135,24,135,96,96,58,64,89,98,130,37,112,8,8,191,40,6,143,69,148,126,148,72
129,0,19,153,36,145,168,64,94,81,80,82,140,130,242,237,235,9,18,17,167,180,38,209,4,16,154,64,156,8,41,133
2,193,0,128,132,0,12,37,4,0,16,2,0,8,48,64,64,0,19,1,80,8,0,128,40,0,142,192,20,24,144,8
2,193,32,140,132,129,140,165,4,0,80,2,0,8,48,64,72,2,19,129,208,40,0,149,40,0,142,192,21,24,176,8
10,135,104,136,150,225,152,99,7,69,92,163,9,47,178,68,78,27,147,145,18,8,4,213,106,69,170,195,55,140,180,242
33,203,98,204,84,147,238,116,69,0,116,70,48,8,182,36,72,40,18,207,193,170,4,189,32,40,162,128,95,152,120,140
3,131,32,136,148,129,140,37,4,4,80,135,32,8,50,64,64,2,19,133,212,8,4,149,40,32,142,192,28,12,184,72
24,8,90,160,86,130,249,80,36,0,242,2,25,139,49,64,126,169,23,161,8,179,0,204,208,201,170,128,37,136,33,128
32,0,98,202,84,129,232,80,109,1,113,2,40,139,60,0,122,169,6,144,130,178,0,196,22,8,130,64,119,138,114,128
2,144,18,153,54,160,184,66,190,17,82,178,172,142,48,72,102,59,147,145,18,156,0,215,12,36,154,194,148,4,33,209
3,193,0,140,132,144,140,165,68,64,80,199,32,8,50,192,72,2,19,5,197,40,4,149,32,32,142,128,29,28,184,28
3,201,3,140,4,144,140,45,68,64,82,198,32,8,180,228,88,32,18,237,197,168,37,253,32,40,138,128,29,28,248,12
3,195,0,140,148,129,140,37,4,68,80,135,32,10,50,64,72,3,19,133,214,8,4,149,32,32,142,192,28,12,184,88
2,135,0,136,148,193,140,35,4,5,88,163,0,46,40,64,88,19,131,129,82,8,0,213,40,32,138,195,20,8,180,3
3,201,32,140,4,145,142,165,68,64,80,199,32,8,178,224,72,34,19,197,197,40,4,189,32,32,138,128,29,12,184,12
2,193,34,136,22,129,188,101,4,1,80,2,44,138,48,64,110,43,19,193,210,136,0,221,32,0,142,192,21,12,177,137
3,129,32,140,132,128,140,37,4,4,80,131,32,44,50,64,76,2,19,133,212,8,4,149,32,32,138,192,21,12,176,76
3,200,33,140,4,145,140,229,68,64,80,199,32,8,182,228,72,0,19,197,197,40,36,189,32,40,138,128,29,28,184,92
3,200,33,140,4,145,142,228,68,64,80,66,32,8,180,228,72,96,18,205,197,168,36,189,32,40,138,128,21,28,112,108
3,201,0,142,132,149,142,165,68,64,80,199,32,8,178,224,72,2,18,199,215,8,12,189,32,32,142,128,28,30,184,76
3,193,3,140,4,144,140,165,68,64,80,70,32,8,180,224,72,2,18,133,197,168,4,221,32,40,142,128,29,28,248,12
3,205,0,142,148,145,142,165,4,64,88,199,96,104,58,224,72,98,19,199,215,8,12,189,40,32,142,128,28,30,184,28
3,193,0,140,4,144,140,37,68,64,80,199,32,8,50,192,72,2,19,133,197,168,4,157,32,32,138,128,29,28,184,28
2,131,32,140,132,129,140,101,4,68,80,135,32,40,50,64,76,3,131,133,212,136,4,157,32,32,138,192,20,12,180,88
3,193,0,140,132,145,140,37,4,64,80,199,32,8,178,64,72,34,19,133,196,8,4,157,32,32,142,192,28,12,184,28
2,131,32,136,148,129,140,165,4,4,80,135,0,8,50,64,76,3,147,133,214,8,4,149,40,0,142,193,21,12,180,72
3,133,3,137,20,179,168,35,68,65,90,70,168,8,182,224,104,42,19,149,151,184,69,221,4,44,138,192,29,12,248,132
2,135,32,136,148,225,156,99,6,5,88,163,8,46,50,64,76,19,131,149,18,8,0,213,40,0,138,193,20,76,180,64
3,72,3,140,4,16,142,164,68,64,80,66,32,8,181,228,72,96,18,207,197,160,36,237,32,40,138,128,29,61,112,12
50,90,82,174,2,193,154,224,5,0,240,162,41,142,37,64,110,185,135,195,74,11,8,253,176,224,138,139,53,27,37,155
2,72,134,156,12,128,136,192,20,16,82,2,32,138,49,75,72,104,51,195,0,192,2,233,0,34,218,136,20,61,48,8
3,72,99,206,4,128,143,244,68,64,80,66,48,0,181,228,72,96,18,203,193,160,36,189,32,40,138,128,23,187,112,44
3,135,34,137,180,177,184,67,14,65,88,199,140,174,54,192,239,11,147,149,151,8,4,213,12,20,138,192,156,76,185,213
54,2,98,142,76,129,202,104,133,68,209,135,96,206,63,64,92,161,151,231,136,3,2,221,16,32,138,184,29,47,120,208
131,207,0,158,20,144,142,166,22,1,64,194,32,40,176,197,65,98,18,205,115,8,12,191,40,38,158,128,28,28,184,12
35,0,97,201,68,19,224,64,69,64,240,66,8,8,180,164,104,136,22,161,141,178,101,192,20,40,138,132,93,140,120,164
131,199,64,12,149,209,4,167,84,71,76,151,32,32,38,196,73,2,130,4,117,8,52,151,32,36,142,67,26,92,220,94
56,72,98,229,4,18,74,20,65,128,246,2,43,11,181,80,122,228,21,232,200,178,37,168,242,233,130,128,103,185,112,8
3,200,33,140,4,145,142,228,68,64,80,66,32,8,180,228,72,32,18,207,197,40,36,189,32,40,138,128,29,28,112,12
2,219,2,152,18,129,56,229,22,21,80,167,40,138,34,64,102,43,163,197,66,136,2,245,0,36,154,203,20,12,165,25
199,0,230,220,12,18,168,64,208,192,83,2,64,200,247,107,104,44,51,163,132,242,166,192,18,42,203,136,5,44,112,196
3,193,0,140,4,145,140,37,4,64,80,199,32,8,50,192,72,0,19,5,213,8,4,157,32,32,142,128,28,28,184,92
57,64,106,108,68,18,239,53,68,192,118,2,113,73,177,100,120,100,23,234,201,176,37,136,98,233,160,128,103,190,112,104
41,73,98,78,4,18,207,244,69,64,116,2,49,9,183,100,72,96,18,202,193,160,36,173,98,105,164,128,119,191,112,236
3,195,0,140,132,129,140,165,4,64,80,199,32,40,50,64,64,3,19,197,212,8,4,157,32,32,142,192,28,12,184,28
60,0,98,229,4,18,232,80,69,128,210,2,83,9,180,96,120,132,21,161,136,178,37,136,82,233,162,132,103,172,112,128
2,135,32,136,151,225,152,99,6,69,88,163,8,46,34,64,73,19,147,149,18,8,4,213,40,4,138,195,149,76,181,82
56,72,106,236,4,129,206,212,68,0,86,2,51,9,49,96,72,224,23,203,200,160,4,173,98,233,170,128,117,185,112,136
3,131,34,140,20,128,140,101,68,69,80,199,32,8,50,64,72,2,19,133,214,136,4,221,32,32,138,192,28,12,184,92
94,0,98,230,4,2,74,16,33,128,211,2,75,11,56,64,122,133,29,162,136,147,9,136,146,233,171,132,39,163,96,0
33,72,107,206,4,145,203,112,68,0,116,2,48,73,181,100,72,32,18,203,193,160,36,189,98,40,162,0,119,154,112,172
2,48,144,152,106,133,184,64,138,25,16,32,140,158,96,11,166,25,179,145,2,65,130,208,0,16,90,170,16,0,33,147
2,148,160,152,147,225,152,66,22,9,88,183,12,190,32,64,207,27,147,145,50,8,16,215,9,6,154,195,149,68,37,83
50,0,98,200,68,2,232,80,69,0,244,2,1,9,52,64,120,136,23,168,136,179,1,204,18,232,130,128,119,136,112,128
0,0,2,153,100,128,168,64,172,16,82,2,140,130,32,73,226,9,2,144,2,176,2,209,4,48,154,64,20,8,33,129
2,149,16,136,151,225,152,99,14,9,88,162,12,62,32,64,239,27,147,145,18,8,0,213,8,4,138,195,148,72,181,147
2,135,0,136,20,129,136,99,6,5,88,131,32,140,50,64,72,42,131,145,18,8,0,221,40,4,154,193,148,12,52,72
