2,131,32,136,132,161,140,39,4,68,88,135,0,44,50,64,72,2,131,133,208,8,0,149,32,32,142,129,20,76,148,80
2,133,2,136,23,225,152,98,4,1,88,163,0,142,32,64,72,27,147,129,18,10,0,213,0,4,138,195,21,12,52,146
3,131,224,138,148,16,134,165,70,5,16,7,0,40,182,96,64,66,18,213,212,40,36,160,40,40,142,192,149,14,208,76
1,64,99,200,4,145,141,116,68,0,84,66,32,0,181,228,72,32,2,200,195,160,36,253,32,40,130,0,23,24,112,172
50,0,114,192,86,19,232,64,65,32,244,130,8,140,244,32,126,137,23,185,128,179,36,192,18,8,130,164,69,136,114,164
2,132,2,145,20,168,160,3,62,1,90,18,168,130,0,64,96,42,34,16,18,152,65,215,12,52,154,192,132,8,145,0
2,65,0,136,132,1,132,1,4,0,80,2,0,0,32,64,64,2,19,0,64,0,0,144,32,32,142,128,20,8,176,0
2,193,32,128,132,0,12,37,4,0,16,3,0,8,48,64,72,0,19,133,208,8,0,129,32,0,142,128,20,28,176,64
3,195,0,136,132,129,4,165,4,4,80,135,0,32,50,64,64,2,3,69,212,8,4,149,32,32,142,192,28,92,144,88
1,192,33,140,4,16,12,164,68,64,80,66,32,0,181,228,64,96,2,73,197,0,36,185,32,40,138,0,20,28,120,108
2,129,16,136,146,129,60,37,12,1,80,130,44,6,32,64,102,19,19,128,82,8,0,213,40,32,142,192,20,0,161,0
2,195,32,136,148,129,140,37,4,4,80,135,32,8,50,64,72,2,3,133,208,8,4,149,32,32,142,193,20,12,180,72
2,131,34,140,148,192,168,103,4,5,90,131,40,46,50,64,96,35,147,133,82,136,4,221,40,36,138,193,20,12,180,72
54,0,98,228,68,2,202,64,65,128,243,2,75,72,60,64,120,172,21,163,136,179,0,200,146,232,138,128,101,170,112,128
50,0,66,232,68,2,104,80,133,0,242,2,9,11,53,83,104,173,23,160,8,179,0,192,22,232,138,128,55,168,98,128
2,200,54,152,52,133,186,230,94,25,82,2,172,138,48,64,235,11,2,209,210,168,2,245,44,54,154,192,20,8,177,137
131,205,35,152,148,145,142,230,84,66,80,199,32,40,182,225,73,98,19,199,231,168,4,255,32,46,158,192,29,28,248,220
2,206,34,156,20,131,10,230,22,7,88,163,104,238,50,64,93,97,179,133,34,140,0,255,32,38,154,193,20,12,52,72
3,149,115,193,182,179,169,115,76,65,94,98,8,56,188,228,127,19,19,185,147,184,37,213,46,60,138,198,151,200,241,165
35,200,97,204,4,129,135,244,68,64,80,2,48,8,181,100,72,96,18,75,193,40,36,189,32,40,130,128,87,152,112,172
104,32,230,101,84,130,224,91,118,161,118,18,25,9,144,72,120,140,51,56,128,252,129,206,78,239,177,196,231,136,112,128
35,200,103,30,28,147,170,228,196,64,82,198,32,200,183,228,72,104,50,207,197,184,38,189,34,40,138,128,93,31,120,220
33,72,99,204,4,128,135,244,68,0,80,66,48,0,181,100,72,96,18,75,193,160,36,189,32,40,130,128,87,153,112,44
3,195,32,136,148,129,140,37,4,4,80,135,32,8,50,64,64,2,19,133,212,8,4,149,32,32,138,192,28,12,184,72
3,131,0,140,148,129,140,37,4,4,80,135,32,40,50,64,64,2,3,5,212,8,4,149,32,32,138,192,28,12,184,76
4,197,166,158,148,2,142,173,68,17,89,2,64,232,56,66,88,102,51,115,208,184,14,160,40,38,206,64,149,126,176,8
3,193,32,136,20,129,140,165,4,4,80,135,32,8,50,64,72,2,19,133,214,8,4,149,32,32,142,192,28,12,184,92
4,69,130,158,148,34,14,37,4,131,91,2,96,104,33,72,80,98,2,34,16,136,8,170,32,38,222,0,148,123,176,0
54,16,114,206,110,83,211,72,77,64,245,42,106,88,181,228,90,176,150,107,137,163,108,220,146,40,2,155,119,47,116,165
3,18,22,152,109,165,184,66,142,29,80,53,172,154,98,72,198,43,187,21,150,8,2,209,4,48,154,202,152,4,41,211
3,193,32,140,4,129,140,37,4,68,80,135,32,8,50,64,72,2,19,133,196,40,4,157,32,32,142,192,29,28,184,92
50,16,98,201,79,97,232,66,13,1,240,18,8,155,117,72,234,137,19,128,0,183,80,194,23,12,154,171,23,72,112,130
3,201,1,142,4,145,142,165,68,64,80,70,32,8,180,224,72,96,18,71,197,136,4,189,32,40,142,128,28,30,184,12
3,201,97,206,4,145,135,229,68,64,80,66,32,8,180,228,72,34,18,75,199,40,36,189,32,40,138,128,85,30,240,44
0,34,130,137,84,171,168,66,62,37,82,151,168,142,34,72,120,8,138,148,2,188,1,209,20,36,154,64,133,12,53,200
134,205,128,150,144,160,14,167,22,130,24,131,104,110,33,65,85,115,147,214,114,72,8,175,40,6,143,128,148,127,144,88
3,201,33,204,20,145,135,237,68,64,80,66,96,72,188,228,88,2,18,105,195,40,44,189,32,40,142,192,85,24,240,44
2,139,2,136,148,131,172,39,4,36,90,135,32,46,50,64,76,35,147,229,80,152,1,221,40,0,142,193,20,12,180,72
10,148,19,217,112,180,185,83,62,9,94,112,172,151,164,228,231,59,19,24,18,152,32,215,13,60,26,194,146,64,161,165
0,69,0,130,148,161,14,198,4,2,24,2,0,8,32,64,65,66,2,82,18,0,8,180,32,0,142,64,20,91,144,0
2,143,2,138,146,193,186,231,4,5,88,163,44,102,40,64,78,19,147,208,82,136,0,253,40,36,138,193,20,6,165,8
3,195,32,136,148,129,12,37,4,68,80,135,32,14,50,64,68,3,147,133,212,8,4,149,32,0,138,192,28,12,180,88
2,148,26,248,51,164,57,83,63,9,92,18,188,183,32,64,231,59,23,152,18,152,2,215,77,188,58,202,146,64,161,139
2,156,18,136,19,229,50,198,46,1,74,18,44,146,32,64,231,27,147,144,18,140,16,247,9,52,26,66,144,0,33,11
2,139,0,136,148,129,14,165,4,4,80,135,0,74,50,64,64,35,131,229,82,8,0,189,40,32,138,196,20,12,180,80
163,205,99,78,84,145,135,228,84,64,116,66,96,72,181,164,88,104,18,75,227,174,44,191,32,8,130,128,87,159,112,172
26,149,18,184,147,229,48,99,46,9,74,50,44,182,32,64,231,59,155,128,18,137,18,215,185,231,26,66,144,64,161,27
50,2,98,137,68,130,232,64,5,4,240,135,8,14,54,80,110,137,151,149,138,146,64,212,22,8,138,128,61,140,112,208
3,193,0,136,132,129,140,37,4,64,80,135,32,8,50,64,64,0,19,5,196,8,4,149,32,32,142,192,28,28,152,92
2,135,4,136,154,193,28,103,132,21,88,163,40,38,32,64,111,19,131,129,82,136,2,221,40,36,154,195,20,4,165,27
3,128,0,137,84,153,168,64,100,81,80,71,168,138,50,96,104,137,19,149,135,18,68,209,20,0,138,232,28,12,57,196
131,205,33,140,20,145,134,228,68,64,80,66,32,8,180,224,72,34,18,65,199,40,36,189,32,40,142,128,93,28,216,140
3,193,0,140,4,129,140,37,4,68,80,135,32,8,50,64,72,2,19,5,212,40,4,149,32,32,142,192,28,12,152,92
3,131,32,136,132,129,140,33,4,4,80,135,32,10,50,64,64,2,19,133,212,8,0,149,40,32,142,192,28,12,176,64
2,139,2,136,18,193,184,229,4,5,80,131,44,142,32,64,110,27,147,192,82,136,0,253,40,32,138,193,20,4,165,137
3,200,99,140,20,147,138,100,68,64,80,66,32,8,180,228,72,40,19,229,197,168,36,157,32,40,138,128,21,12,112,236
3,193,0,140,132,129,140,37,4,68,80,135,32,8,50,64,64,2,19,5,212,8,4,149,32,32,138,192,28,12,184,92
34,129,98,140,84,129,136,101,4,69,80,135,32,14,54,64,76,34,19,133,210,170,4,221,32,40,138,192,29,12,244,216
34,149,50,140,22,128,184,103,4,1,90,163,40,46,48,64,78,51,147,129,210,168,0,221,32,36,138,194,85,12,165,153
2,52,144,128,52,165,56,66,14,9,24,16,140,50,32,64,197,27,19,16,18,8,0,210,13,20,26,194,144,72,33,1
2,133,34,136,150,224,184,98,20,69,90,179,40,46,48,64,108,19,147,133,50,136,0,215,8,36,138,193,20,4,53,80
2,149,2,140,21,192,24,99,4,1,90,162,40,54,32,64,106,51,147,128,82,136,0,221,32,36,138,195,20,0,181,26
2,201,32,140,84,129,132,101,4,64,80,2,32,136,48,64,72,42,19,193,210,170,4,157,32,32,138,168,21,12,144,200
0,201,0,140,148,129,4,165,6,1,80,2,32,160,32,64,64,106,2,64,66,8,0,189,40,32,134,64,20,8,144,8
0,193,0,136,148,128,4,165,4,0,16,2,32,32,48,64,64,2,2,193,80,8,0,149,40,32,142,64,20,8,144,8
0,0,0,128,4,0,8,0,4,0,16,2,0,8,32,64,64,0,2,0,0,0,0,128,0,0,138,0,20,8,16,0
2,193,0,140,4,129,132,37,4,0,64,2,0,0,32,64,72,0,2,0,80,8,0,149,40,32,142,64,20,24,144,0
2,193,32,140,4,129,12,37,4,0,16,2,0,10,48,64,72,2,19,129,208,8,0,149,32,0,142,192,20,8,176,0
7,143,0,138,148,161,14,231,6,4,88,135,96,104,58,64,89,67,147,247,246,8,12,183,40,4,143,192,156,78,152,88
1,8,103,220,20,147,163,98,84,64,86,2,48,136,181,100,104,32,50,73,161,184,36,189,0,46,130,0,87,137,112,44
2,148,16,136,19,165,24,66,14,9,88,147,12,22,32,64,71,19,147,149,50,8,16,215,9,38,154,194,148,4,37,83
1,200,37,220,20,147,131,166,86,64,82,66,32,136,180,228,72,96,50,73,199,168,38,189,0,46,218,0,21,12,112,44
2,195,0,136,20,129,132,229,4,4,80,135,32,0,50,64,64,0,3,5,82,8,4,149,32,0,142,192,28,12,184,72
130,48,144,152,67,197,16,66,30,19,0,18,12,150,96,8,129,25,162,17,2,70,146,210,1,22,90,43,144,8,1,146
2,131,0,136,150,193,28,33,4,64,80,163,8,14,32,64,78,19,147,129,82,8,0,213,40,32,138,193,20,12,180,82
2,149,0,136,147,229,24,98,4,1,88,163,12,22,32,64,70,19,147,145,18,8,16,213,9,32,138,195,148,8,37,19
32,8,106,204,4,18,131,16,68,0,86,2,48,73,181,100,72,96,2,74,128,160,36,169,66,40,162,0,87,185,112,44
130,0,146,152,36,161,184,66,30,27,80,18,140,130,96,72,195,9,2,144,34,68,2,210,8,22,218,194,144,8,33,129
2,2,34,137,12,65,168,64,4,84,208,163,8,142,50,73,72,25,187,129,4,147,71,192,20,32,218,137,20,12,52,194
0,193,0,140,4,128,12,37,4,0,80,2,0,8,32,64,64,0,2,0,80,8,0,149,32,32,138,64,20,8,176,0
36,0,106,76,4,2,129,16,64,128,103,2,80,65,180,100,88,36,2,42,128,160,52,8,67,40,131,0,69,170,112,32
33,72,105,78,4,16,131,240,68,64,84,2,112,72,181,100,72,96,18,75,129,160,44,189,64,40,162,128,85,187,112,44
3,72,1,140,4,16,130,132,68,64,80,66,32,8,181,224,64,96,18,65,197,32,36,169,32,40,138,128,20,28,56,12
2,205,2,136,20,129,10,166,6,1,74,2,32,34,32,64,72,34,2,192,82,136,16,253,40,36,138,64,20,8,48,8
1,8,33,140,4,0,131,0,68,64,80,66,32,8,181,228,72,96,19,75,129,160,52,169,1,40,138,0,21,61,48,108
32,72,106,206,4,0,131,80,68,0,84,2,49,73,177,96,72,96,19,75,128,160,36,41,64,41,162,128,117,187,112,40
2,131,32,140,148,129,140,35,4,4,88,135,32,40,50,64,72,2,3,133,214,8,4,157,40,32,138,193,20,12,144,76
1,200,99,204,4,128,143,244,68,0,82,66,48,2,180,100,72,96,2,202,193,160,36,253,32,40,130,0,23,152,112,172
2,135,32,140,144,129,12,35,4,5,88,135,32,0,50,64,72,34,131,5,214,8,4,157,40,32,138,193,20,12,152,72
60,8,98,206,68,2,194,80,69,128,119,2,115,73,181,64,88,160,23,42,136,162,0,136,66,233,162,0,119,170,112,128
3,131,0,140,132,144,4,33,4,4,80,135,32,8,50,64,64,34,3,133,212,136,4,157,32,32,138,128,28,12,152,76
2,149,16,136,147,229,24,35,12,1,72,2,12,18,32,64,230,19,147,144,18,8,16,213,41,0,138,194,20,8,165,3
2,148,16,136,19,165,56,98,14,9,88,34,12,22,32,64,231,19,19,144,18,8,16,215,9,20,138,194,148,4,33,19
3,203,0,140,148,128,142,167,68,4,88,135,32,40,50,64,72,66,19,69,214,40,4,181,40,32,142,192,29,28,184,76
2,195,0,140,20,129,8,37,6,69,80,135,32,14,50,64,68,34,147,133,82,8,0,221,40,36,138,193,20,12,180,88
3,131,2,140,20,129,140,101,4,64,82,135,32,10,50,64,72,42,3,197,212,152,4,253,32,32,138,192,29,12,184,220
33,200,99,200,84,145,167,117,68,0,112,66,48,136,180,228,104,40,18,203,195,170,36,253,32,40,130,0,87,152,241,172
2,148,16,136,87,225,152,98,6,1,88,162,12,158,32,64,207,27,147,129,18,10,16,213,1,4,154,227,149,8,53,146
48,72,2,170,20,129,66,224,7,0,208,2,35,192,33,64,72,168,23,66,74,171,8,189,144,224,138,56,53,11,48,136
2,16,22,152,37,132,56,64,28,25,82,18,172,146,32,73,196,41,19,128,2,128,2,213,1,48,154,202,16,8,49,3
2,148,2,140,23,226,184,103,12,1,90,50,44,62,32,64,106,51,147,129,18,152,16,223,33,38,154,195,20,8,181,10
50,0,34,136,20,131,200,104,69,0,208,2,0,8,56,64,88,136,23,161,136,163,0,220,144,0,138,196,53,10,48,128
2,148,18,136,23,225,184,98,4,5,88,179,44,30,32,64,78,51,131,129,50,140,0,223,0,38,154,195,20,8,52,147
2,4,0,137,20,161,40,2,14,65,26,131,128,38,48,64,69,26,19,149,18,24,65,148,12,20,138,192,148,76,16,64
61,8,98,140,68,131,234,80,69,64,116,3,57,201,183,32,122,232,23,239,140,178,4,189,82,105,162,136,119,175,112,192
1,192,106,204,20,145,139,244,68,0,116,2,32,0,180,100,72,40,2,200,195,160,36,253,34,40,130,0,23,152,112,172
2,23,0,128,178,161,24,66,6,1,24,163,136,6,32,64,204,27,147,148,18,8,64,212,12,20,138,194,148,64,36,18
0,160,2,129,20,169,40,3,62,1,90,18,160,2,0,64,96,42,2,144,18,152,65,215,12,52,154,64,132,8,144,128
2,54,144,128,18,225,152,66,6,1,24,162,136,62,32,0,79,27,147,144,18,8,64,212,8,20,138,227,148,72,4,147
2,145,18,136,179,164,184,67,46,9,88,32,140,154,32,64,167,27,19,145,18,136,2,215,9,52,26,202,144,0,161,131
3,201,0,140,148,129,140,165,4,5,80,7,32,40,50,64,64,34,19,69,214,8,4,157,40,32,142,192,29,12,184,8
0,65,0,136,132,129,4,5,4,0,80,2,0,0,32,64,72,2,19,0,80,0,0,144,32,32,142,0,20,24,176,0
2,192,32,128,4,1,140,37,68,64,16,2,0,8,48,64,72,0,19,129,192,40,0,129,32,0,142,128,21,28,176,72
2,32,148,152,36,129,56,64,30,25,16,0,140,130,96,75,134,9,51,16,2,64,130,208,0,16,90,168,16,8,1,129
3,195,0,136,132,129,14,165,4,4,80,135,0,32,50,64,64,2,3,69,212,8,4,181,40,32,142,192,28,28,176,72
2,131,0,136,148,225,136,34,4,69,88,131,0,44,50,64,64,2,147,149,16,8,0,149,8,32,138,193,20,12,20,64
2,73,1,132,132,0,141,132,0,0,80,66,48,0,177,228,72,64,18,73,65,8,32,168,32,0,142,128,20,56,176,44
1,200,33,140,4,16,140,164,68,64,80,66,32,0,180,228,72,96,2,73,197,32,36,189,32,40,138,0,20,28,112,108
3,192,1,140,4,16,132,164,68,64,80,66,32,8,180,224,72,0,18,69,197,32,36,157,32,40,138,128,29,28,24,12
2,149,0,136,147,133,28,103,4,5,72,135,12,30,32,64,71,19,147,145,82,8,16,213,41,36,142,194,20,12,181,82
2,145,32,136,151,193,156,101,4,65,0,131,8,30,48,64,200,19,147,145,82,8,16,213,41,0,142,67,20,12,181,82
3,193,32,136,132,129,140,165,4,64,80,199,32,12,50,64,72,2,19,197,214,8,4,149,40,32,142,192,28,28,184,92
2,193,1,140,20,129,13,229,4,0,80,66,32,2,176,196,72,34,19,193,83,8,32,189,32,32,142,192,20,24,176,40
162,32,180,153,109,13,168,64,218,26,80,16,140,136,112,11,201,8,51,1,162,116,194,208,5,18,218,168,80,8,17,129
2,131,16,136,146,129,60,37,4,5,80,130,44,6,32,64,102,19,19,128,82,8,0,221,40,32,138,192,20,0,161,1
2,135,0,140,150,193,148,103,4,5,88,163,32,46,32,64,72,51,131,129,82,8,0,157,40,36,142,195,20,12,180,75
2,145,16,136,146,193,152,101,4,65,80,167,12,30,32,64,78,27,147,145,82,8,0,213,40,0,138,195,20,12,181,83
3,195,2,140,20,129,132,103,68,1,88,7,32,40,54,64,72,34,3,5,212,168,4,189,32,40,138,192,93,28,248,140
3,195,32,136,148,145,140,165,4,68,80,135,32,8,50,64,72,2,3,133,214,40,4,149,32,32,142,192,29,28,184,92
2,131,0,140,148,129,12,37,4,5,80,135,32,34,50,64,64,34,147,133,82,8,0,157,40,32,138,192,20,12,148,72
2,131,34,140,148,192,168,103,4,5,90,131,40,46,50,64,104,35,147,133,82,136,4,221,40,36,138,193,20,12,180,72
3,193,0,140,132,145,140,165,4,4,80,135,32,40,50,64,72,3,19,133,212,8,4,221,32,32,142,128,29,12,184,12
34,32,2,136,68,0,168,72,136,16,240,2,8,138,120,11,104,137,2,161,0,179,0,192,20,0,138,172,5,8,113,128
2,151,18,136,146,225,184,99,44,5,74,179,44,30,32,64,103,27,147,144,18,152,16,223,40,4,154,195,149,4,165,147
34,201,99,206,84,129,207,244,69,0,112,66,48,73,180,36,72,232,19,202,194,170,40,253,112,40,160,128,117,155,112,168
62,0,98,236,4,2,202,80,65,128,243,2,75,72,53,64,120,164,21,163,136,179,0,200,146,232,138,128,101,171,112,128
2,129,0,136,132,129,4,37,4,0,80,2,32,2,48,64,64,2,19,129,80,8,0,213,32,32,138,192,20,8,176,8
3,193,32,140,148,144,140,165,4,68,80,135,32,40,50,64,64,35,147,133,212,8,4,221,32,32,142,192,28,12,184,92
2,16,178,153,55,173,184,66,190,27,82,50,140,154,96,72,231,59,147,17,130,156,2,211,13,20,26,194,148,8,33,131
2,193,32,136,4,129,140,37,4,64,80,3,32,8,48,64,68,2,19,133,208,8,0,213,40,32,138,192,20,12,176,64
60,8,106,228,68,18,107,80,68,128,119,2,81,73,177,64,120,228,23,234,136,178,36,136,66,233,163,128,39,171,112,160
50,0,66,232,68,2,232,80,133,0,242,2,9,11,53,91,108,133,23,160,8,179,0,192,22,233,138,128,39,136,96,128
2,129,0,136,148,129,12,33,4,64,80,135,0,38,48,64,68,3,19,133,80,8,0,213,40,32,138,192,20,12,176,80
131,197,3,140,20,145,142,39,68,64,88,199,32,8,178,224,72,34,18,197,247,140,4,191,32,32,138,128,29,12,248,92
60,0,106,204,68,18,203,80,196,128,247,10,91,201,181,96,120,160,14,234,136,163,36,200,82,233,162,28,103,171,112,128
3,143,0,136,148,131,142,230,4,4,88,135,32,104,50,64,73,98,131,133,246,40,4,191,40,6,142,193,29,28,184,76
131,205,99,136,20,145,142,230,84,66,88,66,32,72,180,228,72,34,18,207,231,172,36,191,32,40,138,192,93,28,240,236
55,0,107,228,4,2,75,80,65,192,247,66,83,72,191,100,120,164,21,239,137,179,36,136,146,233,163,132,101,175,112,100
18,193,2,136,148,128,44,101,44,1,210,2,40,138,48,64,108,171,31,193,82,155,0,213,180,36,138,200,20,0,177,8
2,201,6,153,52,128,168,164,172,17,82,2,172,138,48,64,106,43,59,209,66,152,2,245,44,48,158,192,20,24,177,136
2,143,6,156,130,128,60,39,20,7,90,183,40,38,34,65,102,51,179,132,112,136,2,253,32,34,218,195,20,4,181,88
2,131,32,136,132,129,140,37,4,68,80,135,0,12,50,64,64,3,147,133,210,8,4,149,40,32,142,192,28,12,180,80
35,13,99,77,20,187,162,99,68,64,91,66,104,40,180,228,120,42,18,45,149,184,37,221,38,44,130,192,93,78,113,164
24,129,90,232,214,131,124,117,37,1,114,130,29,15,32,80,110,155,23,160,88,154,0,221,246,201,170,192,55,128,160,136
2,204,18,154,117,132,186,230,28,9,80,2,172,154,32,64,227,11,2,64,114,168,0,247,41,54,30,194,16,8,161,137
131,205,35,152,148,145,142,230,84,66,80,199,32,12,182,225,73,98,19,199,231,168,4,255,32,46,158,192,29,28,248,220
2,206,34,156,20,163,138,230,22,7,88,135,40,110,51,64,93,99,147,133,162,156,0,255,0,38,154,193,20,12,52,72
3,133,115,201,214,163,233,115,109,1,126,66,80,41,180,100,126,58,18,168,145,184,37,221,44,44,162,192,215,136,225,165
2,193,34,136,22,129,188,229,141,64,208,131,172,142,48,64,110,139,31,197,194,9,6,245,176,16,142,200,20,20,177,217
56,32,110,233,76,2,104,88,69,17,247,2,25,139,120,75,104,140,63,184,136,179,195,128,86,233,226,196,55,136,112,128
66,129,22,152,155,192,60,167,172,5,218,162,44,182,32,64,102,51,187,128,82,137,2,245,56,38,158,203,20,0,165,27
2,151,0,136,146,224,56,99,6,1,88,163,12,166,32,64,111,27,147,144,18,8,0,213,8,36,154,195,148,4,165,19
3,10,162,153,20,162,170,66,28,69,82,135,40,136,51,72,124,41,147,149,150,156,5,222,4,38,154,192,156,13,56,84
3,149,115,193,182,179,169,115,77,65,94,226,24,60,180,100,126,27,19,185,147,184,37,213,44,12,138,194,151,136,225,181
33,72,97,204,4,129,135,244,68,64,116,2,48,8,181,100,72,96,18,75,193,40,36,189,32,40,130,0,87,152,112,172
91,32,106,193,76,0,233,80,100,113,214,130,153,7,208,107,106,140,127,168,128,19,229,192,86,9,250,172,39,128,115,160
2,135,2,136,151,165,184,103,12,13,90,151,172,42,50,64,237,35,131,149,182,152,0,223,40,52,154,195,28,76,185,91
38,175,0,138,212,193,138,224,6,5,88,163,32,238,120,64,93,123,147,215,82,10,10,191,56,4,143,237,21,15,20,216
38,40,98,156,76,211,152,64,197,196,85,171,32,204,183,44,88,40,147,199,196,162,38,153,18,8,137,169,119,175,116,212
3,205,32,142,148,129,14,165,6,69,89,135,96,108,58,64,81,66,19,199,214,8,12,189,40,36,142,192,28,30,152,80
35,200,97,204,4,129,135,244,68,64,80,66,48,8,181,100,72,96,18,75,193,40,36,189,32,40,134,128,87,152,112,172
40,32,230,69,84,146,225,90,118,161,118,18,25,137,148,76,120,140,115,152,130,252,161,198,94,239,179,196,231,136,112,128
115,0,97,128,66,24,233,64,41,112,180,202,29,6,220,47,110,145,87,141,129,18,164,192,148,8,202,168,37,132,35,245
13,74,107,76,6,18,171,208,68,196,86,226,113,68,181,228,126,112,18,235,193,176,36,232,98,41,162,128,119,187,117,109
2,193,32,142,132,128,142,165,4,64,89,131,32,12,48,64,64,2,19,135,208,8,12,149,32,32,142,192,20,30,144,72
35,73,102,140,28,145,174,228,196,64,86,198,32,200,183,228,72,96,50,207,197,185,38,189,34,40,138,128,93,30,120,220
185,0,226,65,84,187,232,82,117,97,118,86,9,8,182,172,106,136,22,156,135,180,37,194,6,76,146,64,239,140,120,132
2,193,0,140,132,129,132,37,4,0,80,2,0,8,48,64,64,2,19,1,64,8,0,149,32,32,142,192,20,8,144,8
3,195,32,136,148,129,140,37,4,4,80,135,32,8,50,64,64,2,19,133,212,8,4,149,32,32,142,192,28,12,184,88
37,72,111,77,84,146,235,80,85,192,119,66,113,193,181,101,120,232,18,234,129,178,36,236,66,40,160,128,119,187,112,228
3,72,97,204,4,128,135,244,68,0,80,66,48,8,181,100,72,96,18,75,193,168,36,189,32,40,130,128,87,153,112,44
3,148,51,217,117,181,184,35,126,89,118,112,172,186,164,228,167,59,130,24,183,188,34,215,15,30,26,194,208,0,169,173
62,4,66,232,20,162,74,80,53,0,255,2,91,75,57,84,122,168,23,168,56,151,0,142,210,237,162,196,55,175,112,128
2,195,32,136,148,129,140,37,4,4,80,135,32,8,50,64,64,2,147,133,212,8,4,149,32,32,142,192,20,12,180,72
3,128,6,153,52,185,168,3,126,81,82,213,172,136,50,72,195,43,50,21,151,184,7,213,12,22,154,194,156,12,25,221
2,135,32,136,148,129,136,35,4,5,88,135,32,42,50,64,68,2,131,133,214,8,4,149,40,32,138,193,20,12,188,64
6,141,166,158,156,128,142,175,198,129,91,2,64,232,56,66,89,102,51,211,208,184,142,162,40,38,207,192,149,126,176,8
3,144,50,153,61,181,184,3,222,89,80,117,172,154,50,72,199,43,179,21,151,28,2,209,12,48,26,202,152,12,169,151
63,24,115,238,103,83,211,64,69,192,245,34,107,88,183,228,122,185,150,99,141,179,44,141,146,233,128,155,119,191,116,229
3,131,32,136,132,129,140,37,4,4,80,135,32,8,50,64,72,2,147,133,212,8,4,149,32,32,142,192,20,12,176,72
161,205,97,204,68,147,135,255,68,66,124,2,112,104,181,100,88,34,18,107,193,40,36,159,32,8,135,0,87,250,112,172
2,159,134,158,18,128,62,167,20,21,90,167,40,174,50,64,102,115,179,197,66,136,2,253,32,38,222,129,20,68,181,88
2,130,132,157,16,67,40,47,22,101,82,151,0,46,50,73,125,13,179,133,48,216,65,213,12,38,218,197,148,12,180,80
4,73,130,158,148,2,14,133,4,131,91,2,96,106,33,72,80,98,34,194,80,136,10,170,32,38,222,0,148,123,176,0
34,202,104,205,100,151,239,244,68,76,84,134,112,13,182,100,92,96,19,238,193,184,101,253,102,56,162,128,95,158,116,252
3,193,32,140,20,129,140,37,4,68,80,135,32,8,50,64,72,2,19,133,212,8,4,221,32,32,138,192,29,12,184,88
41,72,104,239,100,135,78,252,5,76,116,135,115,79,179,80,92,232,151,238,204,178,64,189,102,233,160,128,127,159,112,216
3,193,32,140,4,145,140,37,4,68,80,135,32,8,50,64,72,2,19,133,196,8,4,157,32,32,138,192,29,12,184,92
2,20,82,200,99,224,184,66,173,0,248,162,140,158,36,64,238,177,159,145,2,47,2,214,149,144,10,203,85,0,39,147
3,201,1,142,4,145,142,165,68,64,80,70,96,72,188,224,88,96,18,199,197,136,4,189,32,40,142,128,28,30,184,12
115,88,34,174,125,157,202,104,205,72,208,11,166,216,55,112,216,168,23,103,206,35,124,189,145,120,138,186,20,31,82,207
2,34,162,137,68,233,232,66,13,5,90,35,140,138,112,72,106,153,151,145,2,184,65,192,20,0,154,161,149,8,117,136
42,200,104,77,64,131,207,252,5,64,116,131,49,15,188,52,92,184,23,238,202,186,96,253,102,41,160,128,119,154,100,248
0,2,2,137,84,235,168,66,54,37,82,179,136,134,32,72,120,12,130,148,2,184,65,208,20,36,154,65,133,12,52,216
98,232,32,142,60,141,138,236,78,72,208,10,166,136,49,64,200,232,31,67,202,43,192,189,176,48,138,184,20,15,82,201
3,193,115,204,22,145,174,109,76,64,83,194,104,72,190,228,126,35,18,239,215,168,36,221,34,40,10,194,93,14,249,205
2,32,16,128,108,129,184,64,138,24,16,2,140,138,112,3,238,9,19,145,2,3,2,208,4,16,138,168,20,0,33,129
184,0,106,109,116,155,99,112,85,160,116,10,19,9,177,49,88,168,6,104,232,182,100,158,86,201,160,0,119,139,112,168
6,157,128,150,144,160,14,167,22,130,24,163,104,110,41,64,85,115,147,146,114,72,8,191,40,6,207,128,148,127,144,24
35,201,97,204,20,147,135,237,68,64,80,66,96,72,180,228,88,0,18,105,195,40,45,189,32,40,142,192,87,24,240,172
3,193,0,140,20,128,140,165,4,64,80,135,32,8,50,64,64,2,19,133,214,8,4,157,32,32,142,192,28,12,184,92
3,0,146,153,116,184,184,2,126,65,90,80,172,138,182,232,231,43,2,17,151,156,6,215,4,60,154,194,156,68,41,133
66,233,0,140,28,128,10,236,130,0,208,2,160,130,96,64,88,232,127,208,74,11,194,245,184,52,142,248,20,26,48,8
2,139,34,141,148,131,172,103,4,36,90,135,32,12,50,64,76,34,147,229,208,152,5,221,40,32,142,192,21,14,180,72
2,135,0,136,146,225,24,99,4,5,88,163,12,6,32,64,78,19,147,144,18,8,0,213,8,36,138,195,20,12,181,83
2,148,51,217,112,180,185,83,62,9,90,112,172,179,164,228,231,59,19,24,147,152,32,215,15,60,26,194,146,192,161,165
0,77,0,130,148,161,14,198,4,2,24,2,0,40,32,64,65,66,2,82,82,8,8,182,32,0,142,64,148,91,144,0
2,143,2,138,146,129,186,227,4,5,88,163,44,70,40,64,94,19,147,209,82,136,0,253,40,36,138,193,20,6,181,72
163,201,99,78,84,147,195,248,85,64,116,66,96,200,181,165,88,232,18,234,227,162,46,189,32,40,128,136,87,191,112,172
33,200,104,205,84,139,227,244,68,64,116,2,48,9,180,36,72,40,18,73,195,184,101,189,100,8,160,0,85,136,80,168
2,143,2,136,148,131,142,167,4,4,90,135,8,46,50,64,76,35,147,229,80,136,0,221,40,32,142,197,20,12,180,72
2,131,32,136,148,129,12,101,4,4,80,135,32,14,50,64,68,3,147,133,212,8,4,213,40,0,138,192,20,12,180,88
2,148,18,217,51,164,57,83,63,9,94,18,188,183,32,68,231,59,23,152,18,152,2,215,77,188,26,202,146,64,161,171
2,156,18,152,19,229,58,198,30,1,74,18,44,150,32,64,231,27,147,144,18,156,16,247,9,20,26,66,144,0,33,11
3,195,32,140,132,129,140,165,4,68,80,135,32,40,50,64,64,2,19,133,212,8,4,157,32,32,142,128,28,28,184,92
26,149,18,168,147,225,184,103,14,1,202,163,44,190,32,64,231,27,155,145,18,137,18,213,185,229,154,203,180,0,165,26
2,139,0,136,148,129,142,229,4,68,80,135,32,72,50,64,88,34,147,229,208,8,4,189,40,32,142,196,20,12,180,80
163,205,99,94,84,145,134,228,84,64,112,66,96,72,181,165,88,106,18,207,225,174,44,191,32,44,130,128,87,31,112,236
56,16,114,110,70,195,242,112,69,8,117,34,107,93,189,32,126,184,134,226,136,178,0,157,82,233,32,3,119,170,116,147
2,135,32,140,148,129,140,103,4,4,24,135,32,40,50,64,72,2,131,5,214,8,4,157,40,0,142,193,29,12,188,88
131,207,38,156,20,129,140,103,20,68,88,135,32,8,50,65,72,35,19,197,230,136,4,253,32,34,158,128,29,28,184,220
2,151,6,152,154,193,188,103,132,5,88,163,44,54,32,64,102,51,139,129,82,137,2,221,40,36,154,195,20,0,165,27
50,2,66,168,68,1,200,64,5,4,240,135,41,14,54,80,108,137,151,181,12,178,64,212,18,200,138,128,117,140,112,208
3,201,32,138,148,129,142,165,4,4,81,135,96,72,58,64,64,2,19,199,214,8,12,181,32,32,142,192,28,14,184,24
2,131,32,136,148,129,140,37,4,4,80,135,0,10,50,64,68,3,147,133,212,8,4,213,40,32,142,192,20,12,184,64
35,0,0,137,92,145,168,64,4,65,208,199,128,136,50,192,104,168,19,149,135,18,68,213,20,16,138,232,29,12,56,212
131,205,33,136,20,145,142,229,84,64,80,71,32,8,182,224,72,34,18,197,231,172,4,191,32,8,142,192,29,28,248,204
48,1,66,168,20,2,196,101,37,0,242,2,11,10,48,80,120,172,14,161,88,187,0,204,176,224,138,64,53,8,240,0
3,195,32,140,132,129,142,37,4,68,80,135,32,8,50,64,64,2,3,199,212,8,4,181,40,32,142,192,28,12,184,88
3,193,32,140,4,145,140,165,68,64,80,71,32,8,178,64,72,0,19,69,197,40,4,157,32,32,142,192,29,28,184,12
3,201,0,140,148,145,134,231,68,65,88,199,32,40,178,192,72,98,18,197,215,40,4,189,40,32,142,128,29,12,184,12
131,193,32,140,148,129,140,165,4,69,80,135,32,40,50,64,72,2,19,197,214,8,4,191,40,32,142,192,28,12,184,92
3,131,32,140,132,129,140,229,4,68,80,135,32,8,50,64,72,2,19,5,212,8,4,149,40,32,142,192,28,12,184,92
3,201,2,136,20,145,142,229,4,65,80,71,32,10,50,192,72,43,19,197,215,136,4,253,40,36,138,192,29,12,184,28
3,192,0,140,4,145,140,165,68,64,80,71,32,8,182,224,72,0,18,69,197,40,4,157,32,40,142,128,29,28,184,12
3,193,0,140,4,145,140,37,4,64,80,135,32,8,50,64,72,2,19,5,196,40,4,157,32,32,138,192,29,12,184,92
2,141,18,136,18,193,184,231,4,5,88,163,44,134,32,64,106,59,147,192,82,136,0,253,40,36,138,195,20,4,165,138
3,200,35,140,20,147,138,100,68,64,80,199,32,12,180,224,72,40,19,197,199,168,4,221,32,40,138,192,29,12,120,220
3,193,0,140,4,129,12,37,4,68,80,199,32,8,50,64,64,2,19,5,212,8,4,149,32,32,138,192,28,12,184,84
2,148,18,136,87,197,184,103,14,1,88,2,44,158,32,64,230,27,147,145,82,168,16,215,41,36,26,74,16,8,161,130
3,193,0,140,4,145,140,165,68,64,80,71,32,8,178,224,72,0,18,197,197,40,4,157,32,32,138,128,29,28,184,12
2,149,0,136,151,193,28,39,4,4,72,135,8,22,32,64,68,19,147,129,82,8,16,149,41,0,138,67,20,12,181,82
2,1,34,137,84,129,168,64,12,1,80,2,136,136,48,64,104,41,19,145,146,184,0,213,4,0,138,192,149,8,49,128
130,16,34,152,55,132,184,66,28,73,80,183,44,158,50,72,238,57,147,149,130,142,2,215,1,36,154,202,20,12,49,211
131,149,34,140,134,144,156,103,4,68,88,247,40,46,182,64,78,3,147,133,245,8,36,215,32,32,138,192,29,12,185,92
50,0,66,136,84,131,200,64,5,0,208,2,32,202,48,64,120,168,23,161,10,163,0,221,144,164,138,136,53,8,112,128
2,151,98,136,22,224,184,99,68,1,90,163,40,142,52,64,110,59,147,129,146,136,4,221,0,36,138,195,21,8,181,27
60,8,98,238,68,131,194,96,69,0,241,10,99,200,53,0,88,168,6,99,136,162,12,189,18,201,162,40,117,171,112,128
35,193,98,204,84,145,172,101,68,64,84,2,32,136,180,100,104,168,18,201,199,170,36,253,50,40,138,136,21,28,240,172
35,129,98,140,84,129,172,101,4,68,80,135,32,12,54,64,72,34,19,133,214,170,4,221,32,40,138,192,29,12,240,216
2,149,2,140,22,129,184,103,4,1,90,163,40,46,32,64,78,51,147,132,82,170,0,221,32,32,138,192,21,12,181,153
130,32,128,145,4,137,168,0,30,19,80,18,140,130,64,8,107,8,51,144,34,84,194,210,4,22,218,160,148,8,17,128
2,133,34,136,150,224,184,99,20,65,90,179,44,46,48,64,110,19,147,133,50,136,0,215,0,36,138,193,20,4,181,80
3,193,0,140,132,145,142,165,68,64,80,71,32,40,50,224,72,66,19,71,197,8,4,189,32,32,142,128,28,28,184,12
40,72,98,206,68,129,203,244,68,0,116,2,49,137,53,96,72,168,19,203,194,170,32,189,114,41,162,8,119,155,112,136
60,0,98,236,4,2,74,88,69,128,247,2,67,73,181,64,88,228,21,106,136,160,5,136,130,233,129,132,119,171,112,0
34,137,32,140,84,129,140,101,4,64,80,131,32,140,50,64,72,42,19,197,210,138,4,157,32,32,138,136,21,12,176,200
2,163,0,136,146,193,24,101,6,5,80,163,12,14,32,64,78,27,131,145,82,8,0,213,40,0,142,227,20,12,165,67
2,131,2,140,20,129,140,101,4,68,82,135,32,14,50,64,76,34,131,133,82,136,0,221,32,32,138,192,20,12,180,88
2,201,0,140,148,129,12,165,6,1,80,2,32,128,32,64,64,10,19,64,82,8,0,189,40,32,142,192,20,8,176,8
2,143,0,138,16,129,138,230,6,5,88,135,32,134,50,64,76,59,131,197,66,8,0,253,32,36,138,193,20,14,52,216
33,193,99,141,68,147,164,101,68,64,112,66,0,8,180,164,88,40,18,41,213,186,36,157,32,40,130,0,93,12,240,236
130,192,18,152,53,132,184,69,62,9,82,18,172,154,32,64,224,41,51,129,66,156,2,215,1,54,26,194,16,0,161,11
32,200,106,73,116,129,239,244,76,0,116,2,176,137,180,32,106,40,2,200,194,184,36,253,102,9,162,0,117,152,96,168
0,193,0,136,132,129,12,37,4,0,64,2,0,10,32,64,72,2,2,128,80,8,16,149,41,32,142,64,20,8,176,8
2,0,2,136,95,193,152,72,134,68,208,163,44,142,97,64,90,185,155,145,2,3,2,220,16,4,138,251,21,12,52,210
2,193,32,136,148,129,140,101,4,0,64,2,32,8,48,64,72,2,19,129,208,8,16,149,32,0,142,64,20,8,144,8
58,132,114,233,86,162,232,114,37,1,122,2,11,11,52,64,110,131,23,161,152,186,1,223,18,237,130,192,119,128,96,128
3,149,123,204,86,193,177,115,76,1,124,34,52,27,36,96,110,51,18,136,83,170,48,221,97,44,2,66,81,8,161,171
3,131,0,140,20,131,136,107,22,37,88,135,32,40,50,64,92,36,131,165,182,152,5,159,8,38,154,192,29,12,24,204
3,143,0,136,148,131,142,235,22,68,88,135,96,104,58,64,93,2,147,165,246,8,12,159,40,6,143,196,28,108,56,92
7,143,0,138,148,145,142,231,6,69,88,199,96,104,58,64,93,66,147,247,246,8,12,183,40,4,143,192,29,78,152,84
2,145,0,136,148,129,28,37,4,64,80,167,0,14,48,64,68,19,147,133,82,8,0,149,32,32,138,192,20,12,180,80
98,32,80,128,76,13,200,0,9,32,176,10,142,8,80,18,106,129,23,129,8,34,80,192,149,16,138,56,85,8,82,128
130,148,16,152,51,165,56,66,30,9,80,146,12,22,32,72,231,27,147,144,50,12,0,215,9,22,154,194,148,0,33,19
2,131,0,136,148,129,140,39,4,5,24,135,0,12,50,64,76,3,131,133,82,8,0,149,40,0,142,193,20,12,148,64
1,200,39,220,20,147,139,100,214,64,82,66,32,136,181,229,72,32,50,201,199,168,38,189,0,42,154,0,21,12,112,108
2,145,16,136,151,193,156,101,4,1,64,162,8,30,32,64,74,19,147,129,82,8,16,213,41,32,138,67,20,8,181,18
2,195,0,136,20,129,140,229,4,4,80,135,32,0,50,64,72,2,131,133,82,8,4,149,40,0,142,193,20,12,176,200
2,131,0,136,148,193,136,97,4,68,80,167,0,14,50,64,76,3,147,133,80,8,0,149,40,0,138,193,20,12,180,80
36,0,106,78,4,2,195,16,68,128,119,2,80,73,189,96,88,36,2,42,128,160,36,8,66,41,163,0,117,171,112,32
130,48,144,144,75,197,144,64,154,27,0,16,140,150,96,10,165,25,179,16,2,68,146,208,1,18,90,42,144,8,3,147
2,131,32,136,148,129,140,101,4,4,16,131,32,8,50,64,72,2,3,133,82,8,4,149,40,0,142,193,20,12,180,64
60,0,98,227,4,2,74,88,97,32,119,2,75,11,24,80,120,196,21,234,136,178,9,128,210,233,160,132,103,171,112,0
2,131,32,136,148,193,12,101,4,68,80,163,40,14,48,64,76,19,147,133,80,8,0,213,32,0,138,193,20,12,180,88
2,131,0,136,150,193,28,37,4,68,80,163,40,14,48,64,78,19,147,129,82,8,0,213,40,32,138,193,20,12,180,82
2,149,16,136,147,229,24,98,14,1,88,163,12,22,32,64,71,19,147,145,18,8,16,213,9,4,138,195,148,0,37,19
60,8,106,204,68,2,226,80,69,128,119,2,113,73,53,64,88,160,6,106,136,178,0,136,66,233,160,0,119,171,112,128
3,131,32,140,132,129,140,37,4,68,80,131,32,12,50,64,72,2,19,133,214,8,4,149,32,32,142,193,20,12,148,76
7,8,107,14,4,16,139,128,68,192,86,70,48,8,183,100,72,96,18,207,133,160,36,168,0,40,170,128,21,191,112,108
60,77,106,108,68,18,239,113,68,128,126,2,81,105,177,96,120,228,23,234,200,176,37,136,98,237,165,128,103,250,112,160
6,175,0,130,148,161,142,239,22,4,24,151,64,104,58,64,89,74,131,181,50,8,8,247,40,6,143,196,156,78,184,80
56,4,106,236,84,18,233,59,68,130,126,2,81,41,184,96,120,164,23,168,200,176,37,142,98,239,162,128,103,170,112,160
18,195,2,168,18,129,76,229,133,5,208,135,41,134,34,64,78,137,135,196,90,11,0,245,176,64,138,249,52,20,164,216
130,16,144,152,53,165,184,66,30,11,80,50,12,154,96,72,229,25,19,145,34,4,2,210,9,22,154,194,144,72,33,131
56,4,106,109,84,18,233,123,84,0,126,2,81,9,176,96,120,132,23,168,248,180,37,142,66,239,160,128,119,168,112,128
2,128,22,152,26,195,24,72,22,4,80,179,44,206,32,72,94,61,179,129,2,140,3,221,0,38,219,199,20,12,53,83
2,133,32,136,150,225,152,35,6,69,88,163,8,46,50,64,77,19,147,149,18,8,4,213,8,4,138,195,148,76,181,82
34,2,34,137,76,64,168,64,132,84,208,163,136,14,114,75,110,153,147,133,0,18,68,192,20,0,202,169,21,12,53,210
44,8,106,76,68,2,235,80,69,128,119,2,81,65,181,116,120,228,18,234,128,178,36,8,66,41,160,0,119,171,112,160
3,192,99,205,4,146,173,244,76,64,86,66,48,8,180,100,104,32,18,205,193,184,37,253,36,40,138,128,21,152,241,108
3,193,32,136,4,129,140,37,68,64,80,3,0,8,50,96,72,0,19,5,212,40,4,149,32,32,138,192,20,12,144,68
60,0,98,228,4,2,72,80,69,128,211,2,75,9,56,64,120,132,21,161,136,179,5,136,146,233,162,132,103,170,112,0
0,193,0,140,132,129,12,37,4,0,80,2,0,8,32,64,64,2,2,0,80,40,0,149,32,32,138,64,20,8,176,0
3,135,0,140,148,144,142,231,4,5,88,199,32,42,50,64,72,3,19,197,212,8,4,245,32,32,142,192,28,12,184,76
3,131,0,136,132,129,12,33,4,4,80,135,0,8,50,64,64,2,3,133,212,8,4,149,40,32,138,192,28,12,184,64
3,72,105,206,4,0,139,192,68,64,84,66,48,72,183,100,72,96,18,207,197,160,36,189,32,40,170,128,85,187,112,108
2,200,32,138,20,129,138,226,6,0,88,2,32,136,49,64,72,42,19,211,194,40,28,253,33,4,138,96,21,11,48,136
5,72,99,78,4,2,235,80,68,192,87,66,112,65,181,228,120,100,18,234,129,176,36,232,0,40,162,128,119,187,112,36
2,135,0,136,148,225,8,42,6,5,88,163,64,38,58,64,85,19,131,145,18,8,0,215,8,4,138,193,148,12,52,64
60,0,106,225,68,10,104,80,96,160,118,2,83,9,144,16,122,140,23,168,136,178,5,136,86,233,161,132,103,168,112,128
130,48,16,154,19,197,24,64,22,17,1,18,12,214,104,72,89,25,147,144,2,4,26,208,1,0,154,35,144,8,37,146
60,8,98,238,4,2,194,80,68,128,119,2,115,73,177,64,88,224,23,106,136,162,4,136,66,233,162,0,119,171,112,128
82,0,0,128,12,8,200,0,41,32,146,2,136,10,84,66,106,133,127,129,8,1,193,192,148,8,138,144,5,0,113,0
2,135,2,136,150,161,184,99,4,5,90,131,12,46,48,64,111,19,147,149,18,136,0,213,40,32,138,193,148,68,165,64
2,131,32,136,4,129,140,37,4,4,80,135,0,12,50,64,76,2,147,133,208,8,4,149,32,32,138,193,20,12,148,64
2,48,148,152,41,132,56,64,142,25,80,32,140,158,96,75,134,25,179,145,2,64,130,208,9,16,90,234,144,0,33,131
60,8,104,238,68,129,202,112,4,0,85,2,115,73,177,64,88,160,23,203,200,162,8,189,66,233,162,128,53,171,112,136
2,135,32,140,148,129,140,35,4,5,88,135,32,46,50,64,76,3,131,133,212,8,4,149,40,32,138,193,20,12,180,68
32,72,106,206,4,128,235,112,68,0,118,2,113,1,177,64,72,96,19,202,192,160,32,109,64,40,162,128,117,187,112,168
3,131,2,140,20,144,140,33,4,5,82,135,32,8,50,64,64,34,3,133,86,136,4,221,32,32,138,192,28,12,184,4
2,135,32,140,16,129,8,35,4,5,88,135,32,34,50,64,76,34,131,133,214,136,4,157,40,36,138,193,20,12,180,72
2,131,0,136,148,129,12,33,4,4,80,163,0,14,50,64,76,19,131,133,82,8,0,213,40,0,142,193,20,12,180,64
60,0,66,236,4,2,72,80,5,128,210,2,67,11,49,64,88,164,21,161,8,178,0,136,146,233,162,128,39,168,112,0
44,0,98,100,68,18,96,88,68,128,119,2,83,65,184,96,88,4,23,170,136,176,45,136,66,233,161,4,103,170,112,128
3,193,0,140,132,145,140,165,68,64,80,199,32,8,50,64,72,2,19,133,212,8,4,149,32,32,142,192,28,28,184,28
90,0,98,161,4,2,104,80,101,32,210,2,11,10,56,64,120,133,29,161,136,177,1,128,146,233,162,132,37,128,112,0
3,193,32,136,148,145,140,165,68,68,80,135,32,40,50,64,72,2,19,197,214,8,4,149,40,32,142,192,28,12,184,92
32,72,104,206,68,0,139,112,68,0,84,2,113,65,177,96,72,32,19,203,192,160,44,189,96,40,170,128,53,186,112,40
60,8,98,236,68,3,194,80,69,128,119,2,115,73,181,64,88,160,23,42,136,162,0,136,66,233,162,0,119,171,112,128
3,193,32,136,20,129,140,229,4,65,80,135,32,8,50,64,72,0,19,197,214,40,4,157,32,0,142,192,29,12,152,92
48,0,66,132,68,2,224,64,1,0,240,2,0,8,52,0,104,136,6,129,8,178,0,192,20,8,130,0,101,136,112,128
2,195,0,136,4,129,140,229,4,4,80,135,32,14,50,64,76,3,147,133,82,8,0,221,32,0,142,193,21,12,180,88
3,131,0,140,132,145,12,33,4,4,80,135,32,40,50,64,64,34,3,133,212,8,4,157,32,32,138,128,28,12,152,76
2,149,16,136,147,229,24,99,12,1,72,34,12,22,32,64,230,19,147,144,18,8,16,213,41,4,138,195,20,8,165,19
3,192,0,140,4,145,140,165,68,64,80,199,32,8,50,224,72,0,19,197,197,40,4,157,32,32,138,192,28,28,184,76
3,201,0,136,148,145,134,165,68,65,80,71,32,40,182,0,72,66,19,197,214,40,4,189,40,40,142,192,29,28,152,12
3,131,34,140,20,129,136,101,4,69,80,135,32,8,50,64,72,34,147,5,198,136,4,157,32,32,138,192,28,12,56,92
33,8,99,206,4,146,163,112,68,0,119,66,112,64,180,228,120,32,18,234,193,160,36,253,2,40,130,0,87,139,112,164
3,137,2,140,20,145,172,101,68,64,80,199,32,8,50,192,72,42,18,197,215,184,4,253,32,32,138,192,29,12,184,140
1,201,99,204,84,145,167,101,68,64,80,66,40,136,180,228,104,40,18,203,195,170,36,253,32,40,130,0,87,152,241,172
2,135,18,140,22,227,184,103,4,5,90,163,40,46,32,64,110,51,131,129,16,136,0,221,32,36,138,195,20,8,181,11
48,200,2,170,20,129,66,224,7,0,208,2,35,128,32,64,72,168,23,66,74,171,8,189,176,196,138,120,53,11,112,136
2,139,34,136,148,128,172,103,4,5,90,135,40,40,50,64,108,3,147,197,214,152,0,221,32,32,138,193,21,12,176,136
56,200,106,236,68,131,207,244,4,0,116,130,49,143,177,64,72,168,23,234,200,186,4,189,114,137,170,136,119,153,112,136
130,16,22,152,7,196,184,64,28,9,82,50,44,154,32,73,238,57,179,145,2,132,18,213,1,50,154,202,20,8,49,3
2,148,18,140,23,226,184,103,12,1,74,50,44,62,32,64,106,51,147,129,50,152,16,223,33,38,154,195,20,0,181,26
54,0,2,136,20,131,200,64,5,0,209,2,0,200,56,64,88,168,23,161,8,163,0,220,144,0,138,196,53,10,48,128
40,72,106,236,68,131,235,240,4,0,116,131,49,141,181,0,104,232,19,207,192,178,36,189,114,73,170,136,119,189,112,200
2,134,2,136,22,225,184,98,4,5,90,179,32,14,32,64,110,51,147,129,18,136,0,223,0,38,154,195,148,12,52,209
2,4,128,129,20,161,40,2,14,33,24,131,128,6,96,64,77,11,19,148,2,16,65,148,12,20,154,224,148,76,16,64
63,8,98,204,68,147,234,80,69,192,116,3,57,201,183,32,122,232,23,239,140,178,36,172,82,105,170,136,119,175,112,192
3,151,34,136,146,177,152,99,12,69,90,167,44,46,182,64,102,35,147,133,150,136,36,223,8,0,138,195,29,12,189,85
2,151,0,136,176,161,8,66,14,5,24,163,128,6,32,64,204,19,147,149,18,8,64,212,8,16,138,192,148,76,36,16
2,160,2,129,20,168,160,2,62,1,90,18,160,130,0,64,32,42,2,144,18,152,1,215,12,36,154,192,132,8,49,128
2,165,18,152,178,165,184,67,174,9,88,16,140,154,32,64,167,11,19,17,18,136,2,215,12,20,26,202,144,0,161,129
0,193,0,136,132,1,4,5,4,0,80,2,0,0,32,64,72,2,19,0,80,40,0,148,32,32,142,0,20,24,144,0
3,201,0,140,148,129,132,165,4,0,80,71,32,40,50,64,64,34,19,197,214,40,4,157,40,32,142,192,29,12,184,12
34,207,32,136,84,129,140,231,4,69,88,135,32,140,50,64,72,42,147,197,214,10,4,189,40,4,142,201,21,12,244,204
2,145,16,152,211,197,152,103,6,9,72,2,12,158,32,64,205,27,147,145,18,10,16,213,41,36,154,195,145,0,165,147
2,192,32,132,4,1,140,165,68,64,16,2,32,8,48,64,72,0,19,1,192,40,0,129,32,0,142,128,21,28,208,72
130,16,144,152,51,133,48,66,30,11,16,50,12,146,96,72,231,25,147,16,34,68,16,210,9,22,26,226,144,8,33,3
2,195,32,140,148,129,12,165,4,4,80,135,32,34,34,64,72,2,131,196,208,8,4,181,40,32,142,193,20,28,176,72
2,133,0,136,148,225,152,34,4,69,88,163,0,44,50,64,64,19,147,145,18,8,0,149,8,0,138,193,148,12,20,80
2,149,16,136,147,229,16,103,14,9,88,35,12,182,32,64,231,27,147,144,18,8,16,213,41,20,138,195,144,72,165,19
3,201,1,140,132,16,141,165,0,0,16,66,32,2,177,228,72,66,18,201,65,8,36,232,32,32,142,128,20,24,176,44
1,200,33,204,4,145,140,164,68,64,80,66,32,0,180,228,72,96,2,73,197,40,36,189,32,40,138,0,23,28,112,108
3,192,0,140,4,17,140,165,68,64,80,70,32,8,182,224,72,0,18,5,197,0,4,149,32,40,138,128,28,28,152,12
3,200,33,140,4,145,134,164,68,64,80,66,32,8,180,228,72,64,18,71,197,40,36,189,32,40,138,128,21,28,112,108
2,149,32,136,151,197,152,99,6,1,72,3,12,62,32,64,200,19,147,145,18,8,16,213,41,0,142,67,149,12,181,210
3,193,32,136,4,129,140,229,68,64,80,199,32,8,50,64,72,0,19,197,214,8,4,149,32,0,142,192,29,28,184,92
130,32,144,153,109,141,168,66,30,27,80,16,140,136,112,8,201,9,51,17,2,116,194,210,5,22,218,170,144,8,17,129
3,193,1,136,20,129,143,229,4,0,80,66,32,10,48,228,72,2,19,193,67,8,0,189,32,32,142,192,21,24,176,44
2,195,32,136,148,129,140,37,4,68,80,135,32,14,50,64,76,3,147,133,214,8,4,213,40,0,142,193,28,12,180,88
2,131,16,136,146,129,60,37,12,1,80,130,44,6,32,64,102,19,19,128,82,136,0,213,40,32,138,194,20,0,161,0
2,135,0,140,146,193,148,103,4,5,88,163,32,46,32,64,74,51,131,129,82,8,0,157,40,36,138,195,20,12,164,75
2,145,16,136,146,193,156,101,4,65,80,167,12,30,32,64,78,19,147,129,82,8,0,213,40,0,138,195,20,12,181,83
35,195,2,140,20,145,132,231,68,0,88,71,32,8,182,64,72,34,2,69,214,168,4,157,32,40,142,128,93,28,248,140
2,131,32,136,132,129,140,165,4,4,80,135,32,40,50,64,72,2,131,5,212,8,4,157,32,32,142,192,20,12,180,88
2,131,0,140,148,129,12,101,4,5,80,135,32,34,50,64,64,34,147,133,82,8,0,157,40,32,138,192,20,12,148,72
2,131,34,136,148,192,168,103,4,5,90,131,40,142,50,64,104,43,147,133,82,136,4,221,40,36,138,193,20,12,180,72
2,147,16,136,183,193,152,99,14,73,88,163,12,158,32,64,238,27,147,145,18,8,0,213,40,4,138,227,21,12,181,211
3,195,32,140,132,129,140,165,4,4,80,135,32,40,50,64,72,2,19,133,212,8,4,221,32,32,142,128,29,28,184,76
2,32,2,129,68,1,168,64,12,16,112,2,140,10,112,9,104,9,19,145,2,178,2,192,20,0,218,172,21,8,49,128
2,151,18,152,147,225,184,99,12,69,72,163,44,46,32,64,111,27,147,144,18,136,16,215,41,6,154,195,149,4,165,210
32,201,97,206,84,129,203,244,69,0,112,66,48,73,180,36,72,168,19,202,195,170,40,189,112,8,160,128,117,155,112,168
54,0,98,228,4,2,202,64,65,128,243,2,75,72,60,64,120,172,21,163,136,179,0,136,146,232,138,132,101,170,112,128
2,193,0,136,4,129,140,101,4,0,80,2,32,8,48,64,72,0,19,129,82,40,0,149,32,32,138,192,20,8,176,8
3,193,32,140,20,144,140,165,68,64,80,199,32,40,50,192,72,34,19,197,213,136,4,221,32,32,142,192,29,12,184,92
3,193,2,140,4,129,140,229,68,64,80,7,32,8,50,64,72,3,19,133,212,136,4,221,32,32,142,192,29,12,184,12
2,16,178,153,119,165,184,66,190,25,90,50,140,154,96,72,231,27,147,145,146,156,2,211,13,20,26,194,148,0,33,131
2,149,18,136,147,224,56,99,4,1,74,162,8,54,32,64,107,19,147,144,18,136,0,213,8,36,138,195,148,0,165,18
50,0,70,129,68,128,104,64,45,16,210,2,8,138,37,91,110,173,23,128,8,146,64,192,148,168,202,128,37,136,48,128
130,48,144,153,107,165,184,66,158,27,80,48,140,158,96,75,199,25,179,145,34,68,130,210,12,18,90,234,144,64,33,147
3,193,32,140,4,129,140,101,4,64,80,131,32,12,50,64,72,0,19,133,212,8,4,149,32,32,138,192,21,12,176,88
131,205,99,140,20,145,142,231,68,64,88,66,96,72,180,228,72,34,18,207,231,172,36,191,32,40,138,128,29,28,240,108
60,0,106,224,68,2,234,80,196,128,183,2,25,137,181,66,122,132,95,171,136,163,4,200,82,233,162,156,103,171,113,160
29,72,107,236,68,18,235,80,68,192,86,198,121,77,179,224,120,228,23,239,141,176,36,136,82,233,162,128,47,187,112,240
3,143,0,140,148,147,142,231,20,4,88,135,32,104,50,64,73,98,147,229,214,40,4,191,40,6,143,192,29,92,184,76
3,205,35,156,148,145,142,230,84,66,88,198,32,8,180,225,72,98,18,207,231,172,36,255,32,46,158,192,29,28,248,140
53,0,106,196,36,2,73,80,97,224,151,2,91,8,190,98,122,133,29,175,137,179,37,200,208,169,170,148,37,170,112,96
1,13,99,77,148,179,162,99,76,64,123,66,104,40,180,228,122,34,18,41,145,184,37,221,36,44,2,64,87,174,113,164
56,129,90,232,214,131,124,119,37,1,122,130,25,15,32,80,110,155,23,160,90,154,0,221,250,201,170,192,55,128,224,136
2,201,54,153,52,128,168,229,174,17,82,2,172,138,48,64,238,9,19,209,194,152,2,245,36,48,158,200,20,28,177,136
2,203,6,156,134,128,188,231,148,21,90,135,40,174,50,65,110,35,179,197,82,136,2,245,32,34,222,193,28,28,189,88
2,131,32,136,148,129,12,33,4,4,80,135,0,46,50,64,76,3,131,133,210,8,0,213,40,32,142,193,20,12,180,80
2,206,2,156,20,163,138,230,20,6,90,135,40,106,51,64,93,35,147,133,164,156,4,255,0,38,154,129,20,12,60,72
1,133,123,201,214,131,233,115,108,1,126,2,80,41,180,100,126,50,18,168,209,184,36,221,108,44,162,192,117,136,225,161
2,201,34,136,52,129,190,229,140,64,208,131,172,142,48,64,110,9,31,197,194,11,6,245,180,16,142,200,20,20,177,217
56,0,110,233,76,2,104,88,101,17,247,2,17,139,248,74,120,140,46,152,136,247,195,128,86,233,226,196,103,136,112,128
2,216,48,218,95,133,186,230,158,25,80,2,44,154,36,64,238,59,19,209,194,10,26,253,41,28,158,234,21,25,49,139
82,137,22,152,155,192,60,167,172,5,218,162,44,182,32,64,102,51,187,128,82,137,2,245,184,38,158,203,20,0,165,11
2,149,16,136,147,224,56,66,6,1,72,163,12,150,32,64,103,27,147,144,18,8,0,213,8,36,154,195,148,0,37,19
3,14,34,153,20,178,170,66,28,65,91,199,40,136,51,72,120,45,147,149,148,156,5,222,4,38,154,192,157,13,56,84
33,72,104,76,4,129,135,244,68,0,116,2,48,72,181,100,72,96,18,75,193,160,36,189,98,40,162,0,117,185,112,172
38,175,0,138,92,193,154,224,22,5,88,163,32,206,112,0,93,59,147,209,18,10,8,255,56,4,143,237,21,15,52,218
127,0,67,160,70,18,72,88,33,96,243,206,91,14,188,180,126,133,23,174,141,179,36,200,146,201,162,132,111,174,98,116
6,207,32,138,148,129,14,165,6,69,89,135,96,110,58,64,81,66,19,199,210,8,12,181,40,6,143,192,28,15,144,80
35,200,97,204,4,129,135,244,68,64,80,66,48,8,181,100,72,96,18,75,193,40,36,189,32,40,130,128,87,152,112,172
8,32,226,65,84,2,233,88,118,161,246,18,25,137,244,108,120,140,123,152,130,189,165,210,86,45,178,196,103,136,112,128
2,197,32,142,148,128,142,165,4,64,89,131,96,12,48,64,64,2,19,199,208,8,12,181,32,32,142,192,20,30,144,72
35,201,102,142,28,145,174,228,196,64,214,199,32,200,183,224,104,96,50,205,197,169,38,189,50,40,138,136,93,30,120,220
2,131,32,136,144,129,140,37,4,4,80,131,32,14,50,64,76,3,147,133,82,8,0,213,40,32,142,193,20,12,180,72
185,0,98,65,84,187,232,82,125,65,118,86,9,8,182,44,106,136,22,157,167,180,37,198,6,76,146,64,239,140,120,132
2,193,0,136,132,129,132,37,4,0,80,2,0,8,48,64,64,2,19,1,80,8,0,149,32,32,142,192,20,8,144,8
2,131,32,136,148,129,140,37,4,4,80,135,32,8,50,64,68,3,131,133,212,8,4,149,40,32,142,193,20,12,180,88
37,72,111,79,68,146,235,80,85,192,118,66,113,193,181,109,124,232,22,234,137,178,36,236,70,40,160,128,119,187,112,164
35,72,99,204,4,128,135,244,68,0,80,66,48,0,181,100,72,96,18,75,193,160,36,189,32,40,130,128,87,153,112,44
67,164,98,212,28,146,170,104,214,225,150,2,96,200,252,100,121,44,122,185,167,119,173,223,30,14,139,244,7,12,113,100
56,18,122,204,70,27,217,88,69,164,245,175,75,13,190,4,126,132,135,173,136,179,36,204,82,41,162,149,127,174,124,241
62,4,66,232,22,34,74,80,53,0,223,2,75,75,49,80,122,172,23,184,56,151,0,142,146,237,160,196,55,175,112,0
2,134,0,136,145,225,24,98,6,5,72,179,0,46,34,64,73,19,131,145,50,8,0,215,8,4,154,195,148,12,52,66
2,195,32,136,148,129,140,165,4,4,80,135,32,12,50,64,76,3,131,133,210,8,0,213,40,32,138,193,20,12,180,72
134,141,0,154,148,161,142,230,22,3,88,18,96,104,57,65,89,98,19,243,114,40,8,191,40,6,143,192,148,123,176,8
3,136,6,153,52,185,168,3,126,81,82,213,172,136,50,72,195,43,51,21,151,184,7,213,12,54,154,194,156,12,25,221
134,141,162,142,156,128,174,173,214,131,91,2,64,232,120,66,89,110,51,211,210,184,142,226,40,36,143,200,149,126,176,8
2,130,166,157,20,2,168,39,22,101,82,151,0,44,50,73,125,15,179,133,144,216,65,157,12,38,218,196,148,12,180,88
3,146,52,153,44,181,184,3,206,93,80,53,172,154,50,72,198,43,187,21,150,24,2,209,4,16,26,202,156,12,41,223
4,73,130,158,148,2,142,133,4,131,91,2,96,104,33,72,88,98,34,66,80,168,10,170,32,38,222,0,148,123,176,0
55,26,115,206,103,83,210,104,77,68,245,170,106,220,183,228,126,185,150,99,141,163,44,141,146,232,0,155,119,175,116,229
2,131,32,136,148,129,140,101,4,4,80,135,32,8,50,64,76,3,147,133,210,8,4,149,40,32,138,193,20,12,180,72
161,141,97,204,68,147,143,253,68,66,92,66,112,104,181,100,88,34,18,235,225,40,44,159,32,12,135,0,85,250,112,236
2,143,134,156,18,128,60,167,132,21,90,167,40,174,34,64,102,115,179,133,66,136,2,253,32,38,218,129,20,4,181,89
18,0,18,137,29,167,184,72,140,8,251,2,8,154,37,64,232,169,78,176,8,163,0,212,145,28,138,154,209,10,97,131
3,201,67,142,4,144,134,164,68,64,82,66,96,72,180,228,88,96,18,75,197,168,36,189,32,40,142,128,29,30,240,12
115,88,112,142,127,221,146,104,205,72,209,42,174,216,53,96,250,184,159,99,198,35,46,253,177,56,10,186,21,31,81,143
3,131,32,140,20,129,140,37,4,68,80,135,32,8,50,64,72,3,147,133,212,8,4,149,32,32,138,192,29,12,184,84
186,28,114,232,87,236,112,82,109,0,120,18,47,27,36,80,234,185,151,128,8,190,16,206,211,221,18,3,119,8,102,139
34,48,226,137,69,105,248,66,45,5,88,162,8,142,48,72,106,153,147,145,2,178,16,192,20,0,154,131,149,8,53,154
35,201,105,77,86,147,175,253,69,0,116,130,56,13,180,100,126,144,19,238,193,186,101,221,38,40,130,128,119,154,224,188
2,0,18,128,108,129,184,64,142,16,16,2,140,138,96,2,234,9,19,144,2,2,2,208,4,16,138,168,20,0,33,129
184,64,106,108,116,139,193,112,85,0,118,10,115,9,177,49,120,168,23,104,232,182,100,28,86,233,160,0,119,138,112,168
3,0,146,153,118,185,184,66,62,65,82,21,172,138,50,72,167,43,18,149,150,188,6,211,4,52,26,194,156,4,41,133
6,141,128,150,144,162,14,175,22,130,24,131,104,110,41,64,85,115,147,150,112,72,8,191,40,6,207,128,148,126,176,88
3,201,2,142,20,145,142,237,4,64,80,199,96,72,58,192,88,34,19,229,215,136,4,253,32,32,142,192,28,14,184,28
33,201,97,200,20,131,135,253,68,64,80,66,96,64,180,100,88,0,18,107,193,168,37,157,32,40,134,68,87,152,240,172
131,135,2,140,20,128,140,39,4,68,88,151,32,8,50,64,64,2,19,133,246,8,4,159,32,32,138,192,28,12,184,92
114,233,0,136,92,128,10,236,10,0,208,10,162,194,104,64,88,200,29,192,74,11,194,253,176,176,142,184,20,26,48,8
10,149,106,184,211,193,185,231,7,69,92,163,44,159,34,64,111,27,147,145,18,138,20,245,107,5,154,203,183,12,165,218
3,143,34,143,148,131,174,103,4,36,91,135,32,40,50,64,108,35,147,197,212,152,4,221,40,32,142,192,29,14,184,88
2,149,16,136,147,225,24,98,6,1,72,163,12,54,32,64,111,19,147,144,18,8,0,213,8,4,138,195,148,8,53,18
4,77,0,130,148,161,14,198,4,3,24,18,0,40,33,64,65,66,2,82,82,8,8,183,40,6,158,64,148,91,144,8
35,201,97,76,92,147,195,252,69,64,112,66,96,200,181,229,88,232,18,239,195,170,46,189,32,8,130,136,87,159,112,236
32,200,106,77,116,139,227,116,68,0,116,2,49,9,180,32,72,40,19,74,194,184,100,61,102,9,160,0,117,152,80,168
2,143,2,136,148,131,140,231,4,4,90,135,32,42,50,64,76,35,147,229,80,136,0,221,40,32,142,193,20,12,180,88
26,149,26,168,147,228,56,99,14,9,78,50,60,191,32,64,231,59,147,145,18,136,18,215,249,229,154,203,146,0,165,19
2,156,18,152,19,229,186,198,30,1,72,18,44,150,32,64,231,59,147,144,18,156,16,247,9,4,26,66,144,1,33,139
2,203,0,136,148,131,142,231,4,4,88,135,32,10,50,64,72,34,147,229,208,136,4,221,40,32,142,192,28,12,176,88
3,195,32,140,132,129,140,165,4,68,80,135,32,40,50,64,68,3,19,133,212,8,4,157,32,32,142,192,28,28,184,92
56,16,114,110,86,195,210,112,69,0,117,162,107,93,173,0,126,184,151,226,136,178,0,157,82,233,32,131,119,171,100,147
3,201,0,136,148,129,142,229,68,64,80,135,32,72,50,64,72,34,19,103,215,40,4,189,40,0,143,192,29,12,184,28
18,149,22,136,155,193,188,103,140,1,216,163,44,54,32,64,102,19,155,128,82,137,2,221,185,38,154,203,20,0,165,27
3,88,99,142,38,149,171,224,76,72,80,102,104,92,181,228,238,96,18,207,197,160,36,253,32,56,138,130,95,31,113,237
3,195,0,140,132,145,140,165,4,68,80,135,32,40,50,64,72,2,3,197,212,8,4,189,32,32,142,192,29,28,184,92
131,195,38,152,148,129,140,231,148,69,80,135,32,12,50,65,76,35,147,197,246,136,6,221,32,34,158,192,29,12,184,216
3,201,0,136,148,129,142,165,4,68,80,135,96,72,58,64,72,2,19,199,214,8,12,181,32,32,142,192,28,12,184,28
2,4,128,152,19,225,24,66,22,3,72,179,12,158,32,72,75,27,147,145,34,12,16,214,9,6,154,67,148,76,37,210
18,193,2,128,4,0,172,101,172,0,146,2,12,10,32,64,106,129,31,160,88,139,0,196,176,32,138,192,21,8,161,8
3,32,33,136,124,153,232,64,207,88,80,78,140,136,246,224,202,137,22,149,135,34,100,209,4,24,138,232,28,12,89,196
3,193,0,142,132,129,142,165,4,68,80,7,32,40,50,64,64,2,19,199,212,8,12,181,32,32,142,192,28,30,184,88
2,131,32,136,132,129,140,101,4,4,80,135,32,10,50,64,76,2,147,133,214,8,4,149,40,32,142,192,20,12,184,64
3,201,0,140,20,145,142,231,68,65,88,199,32,8,178,224,72,34,18,197,215,168,4,189,40,32,142,192,29,12,184,12
2,131,32,136,148,129,140,37,4,5,80,135,0,46,50,64,76,3,147,133,210,8,4,213,40,32,142,193,20,12,180,88
8,48,146,216,105,157,177,80,143,25,116,0,156,147,100,12,134,25,2,24,2,96,178,209,79,89,50,106,146,0,33,163
3,201,2,136,20,145,138,229,68,64,80,71,32,8,178,224,72,42,18,197,199,168,4,189,32,32,138,192,29,12,56,12
3,195,32,140,148,145,140,37,4,68,80,135,32,8,50,64,72,2,19,5,212,8,4,157,32,32,142,192,29,12,184,92
2,131,0,136,148,129,140,37,4,4,80,135,32,14,50,64,76,2,147,133,210,8,4,213,40,32,138,193,20,12,180,88
3,193,0,140,4,129,12,37,4,64,80,199,32,8,50,64,64,0,19,5,212,8,4,149,32,32,138,192,28,12,184,84
35,72,99,204,20,147,171,100,68,64,82,66,32,8,180,228,72,40,19,237,193,184,36,253,32,40,138,128,23,140,112,236
2,148,18,136,23,197,184,231,14,1,88,2,44,158,32,64,238,27,147,145,82,136,16,213,33,4,138,75,17,8,165,138
3,131,0,136,148,129,140,101,4,4,80,135,32,10,50,64,72,3,147,133,214,8,4,149,32,32,138,192,28,12,184,88
2,149,0,136,147,197,28,39,4,4,72,135,40,54,32,64,196,19,147,129,82,8,16,213,41,32,138,67,20,12,181,90
3,193,32,136,132,128,140,165,68,64,80,199,32,8,50,64,64,2,19,5,213,8,4,149,32,32,142,192,28,28,184,92
2,1,2,137,84,131,168,64,4,1,80,2,168,136,48,64,104,41,19,145,18,186,0,221,20,4,138,192,149,8,49,128
131,135,32,156,134,144,172,103,20,68,88,151,40,46,50,64,110,3,147,133,246,8,4,215,32,36,138,192,29,12,185,92
50,8,66,232,84,129,202,80,5,0,81,2,32,201,53,64,120,168,23,225,72,162,2,221,18,172,138,136,55,139,112,128
2,151,98,136,22,160,184,99,4,1,90,163,40,14,52,64,110,59,147,129,146,184,4,221,32,36,138,195,21,12,181,216
35,193,98,140,84,145,172,101,68,64,80,135,40,12,182,96,104,35,19,133,215,170,36,221,48,40,138,200,29,12,248,204
2,132,2,152,19,224,184,98,52,1,90,179,44,46,32,64,103,51,147,149,50,140,0,223,8,38,154,195,148,4,53,83
2,133,2,140,82,129,184,103,4,0,88,130,44,46,32,64,110,51,147,129,82,136,0,221,32,36,138,192,21,8,161,153
2,131,32,136,148,129,140,97,4,5,80,135,32,46,50,64,76,3,147,133,214,8,4,213,40,32,138,192,20,12,184,80
42,72,98,204,68,129,203,244,69,0,116,2,49,9,181,96,72,232,19,203,192,170,36,189,98,41,162,136,119,157,112,168
3,201,0,140,132,145,142,167,68,64,88,71,32,40,50,224,72,66,19,71,213,8,4,189,32,32,142,128,28,28,184,12
118,0,98,228,4,2,72,72,65,160,178,10,67,8,53,80,120,132,21,161,136,163,1,136,146,232,129,148,101,168,112,0
34,129,34,140,84,129,140,101,4,64,80,131,32,140,50,64,72,42,19,133,210,138,4,157,32,32,138,136,21,12,176,200
33,193,2,140,21,149,132,101,68,64,84,6,32,8,54,228,72,42,18,9,215,168,52,221,33,40,138,0,93,12,248,204
2,131,2,140,20,129,140,101,4,69,80,135,32,8,50,64,72,34,147,133,86,168,0,221,32,32,138,192,29,12,180,216
3,205,32,142,148,145,142,231,70,65,88,71,32,40,50,64,72,34,19,69,215,40,12,189,40,36,142,192,29,14,184,12
2,201,0,140,20,129,12,231,6,0,88,2,32,128,32,64,64,42,19,192,66,8,0,189,40,32,142,192,20,8,176,136
2,131,0,136,146,193,24,101,6,5,80,163,12,14,32,64,78,27,131,145,82,8,0,213,40,0,142,227,20,12,181,193
7,8,99,206,4,146,139,80,68,192,82,66,96,72,181,228,72,96,18,235,129,160,36,169,0,40,138,128,23,191,112,108
2,143,0,138,20,129,138,230,6,4,88,135,32,142,50,64,76,43,131,197,82,8,8,253,40,4,138,193,20,14,52,216
2,148,48,136,181,165,184,66,14,9,24,18,140,28,48,64,207,19,147,145,146,8,0,214,13,20,154,226,148,12,49,129
33,193,99,201,84,147,164,101,68,64,112,66,0,8,180,164,120,40,18,41,213,186,37,157,36,40,130,0,85,12,240,172
130,208,18,152,53,132,184,69,62,9,82,18,172,154,32,64,228,41,51,129,66,156,2,215,1,54,26,194,16,0,161,139
32,200,106,73,116,129,239,244,76,0,116,2,49,9,180,36,106,40,2,200,194,186,36,253,102,25,162,0,85,152,96,168
2,131,32,136,148,129,140,101,4,4,80,135,32,8,50,64,76,3,131,133,212,8,4,149,40,32,142,193,28,12,184,92
2,193,0,136,5,133,132,229,4,0,64,2,32,0,48,64,72,2,2,1,82,40,16,149,41,32,142,64,20,8,144,8
40,152,122,206,116,149,250,112,69,8,116,2,56,159,181,0,236,185,151,202,194,42,40,253,103,217,162,168,83,155,112,139
18,133,66,136,86,128,168,99,44,1,250,2,44,10,32,80,110,139,23,128,88,155,0,221,180,32,138,192,21,0,161,136
2,0,2,136,95,193,152,72,134,4,208,163,44,142,97,64,90,185,155,145,2,3,2,220,16,4,138,251,21,12,52,194
2,193,32,140,20,129,140,229,4,0,64,2,32,10,48,64,72,0,19,129,208,8,16,149,32,32,142,64,20,12,176,8
7,0,39,152,70,146,169,64,204,64,83,198,8,204,183,237,106,41,19,159,133,145,38,200,16,40,202,136,21,46,49,228
2,2,38,136,28,131,136,107,22,37,82,135,32,138,50,64,92,41,131,149,18,152,5,221,8,4,154,193,20,12,52,72
0,145,122,204,82,193,177,115,68,1,124,34,60,55,160,96,110,51,18,128,80,168,48,93,97,41,34,65,117,0,165,171
7,143,0,138,148,145,142,229,4,69,88,199,64,104,58,192,93,66,147,199,214,40,12,247,40,32,143,192,29,30,184,84
3,203,0,142,132,144,142,165,68,64,81,199,96,72,186,192,92,67,19,199,197,8,12,253,32,32,142,192,29,30,184,92
2,135,32,136,148,129,140,103,4,4,88,135,32,8,50,64,76,2,131,133,210,8,0,149,40,32,142,192,21,12,148,88
2,193,32,136,4,129,140,37,4,68,80,135,32,12,50,64,76,3,147,133,210,8,4,149,32,32,138,192,20,12,180,88
3,193,0,140,4,145,140,37,4,64,80,199,32,8,50,64,72,34,19,133,197,136,4,221,32,32,138,128,28,12,184,92
3,200,39,220,20,145,137,100,214,64,82,66,32,136,181,229,72,40,50,201,199,168,38,189,0,42,154,128,21,12,112,108
67,200,2,140,28,128,8,100,132,64,192,199,40,138,50,64,64,41,59,197,198,11,6,253,48,32,138,152,28,20,56,88
2,131,32,136,148,193,140,101,4,4,80,163,40,12,48,64,76,19,147,129,210,8,0,221,32,0,138,193,21,12,180,72
2,195,0,136,148,129,140,229,4,4,80,135,32,8,50,64,76,2,131,133,82,8,0,149,40,0,142,193,20,12,180,200
2,151,0,136,146,224,152,35,4,69,88,163,8,46,48,64,76,19,147,133,18,8,0,213,40,32,138,195,20,12,180,82
5,8,97,78,4,0,131,16,68,128,85,2,112,72,181,100,88,96,18,107,129,160,44,168,0,40,131,0,85,171,112,36
96,0,84,224,36,10,72,0,41,32,178,8,139,10,20,18,10,133,93,0,8,32,65,192,134,216,128,16,101,136,66,0
2,131,32,136,148,129,140,101,4,4,16,135,32,8,50,64,72,2,131,133,82,8,4,149,40,0,142,193,20,12,188,64
44,0,106,207,68,18,235,80,68,192,119,2,81,73,189,96,120,228,23,234,136,178,45,136,66,233,161,128,119,187,112,128
1,77,99,206,4,50,143,148,68,192,88,66,112,64,181,228,72,96,18,203,129,160,36,170,32,40,138,128,21,251,112,108
2,131,32,136,148,193,140,101,4,68,80,163,40,14,48,64,76,19,147,133,80,8,0,213,32,0,138,193,20,12,180,88
2,195,32,136,4,129,140,101,4,68,80,135,32,12,50,64,76,0,147,133,214,8,4,149,32,32,138,193,21,12,180,88
2,149,16,136,147,164,24,99,14,9,88,163,12,22,32,64,199,19,147,145,18,8,16,213,9,36,138,194,148,0,165,19
3,195,32,140,132,129,140,101,68,4,80,135,32,8,50,64,72,2,19,133,212,8,4,149,32,32,138,193,20,12,144,76
2,129,0,136,149,193,156,99,4,69,88,163,0,12,50,64,72,19,131,5,82,40,0,149,41,0,142,193,20,12,148,82
3,72,35,140,4,16,139,132,68,64,80,198,32,12,183,100,72,96,19,207,133,160,36,169,32,40,138,128,29,29,112,76
56,69,106,76,68,18,239,112,68,130,126,2,113,105,177,100,120,228,23,234,200,176,37,138,98,233,165,128,103,250,112,168
67,202,2,140,28,128,10,228,134,65,192,199,40,138,50,64,68,33,187,197,198,11,6,253,48,36,138,200,28,20,185,28
134,143,0,152,148,129,138,239,22,5,24,151,96,106,58,64,93,75,131,181,50,8,8,255,40,6,143,229,148,78,180,64
2,149,90,200,211,225,177,67,7,1,108,34,28,151,32,4,107,155,147,144,18,138,48,213,91,133,26,107,179,64,165,178
129,32,98,153,100,153,160,64,94,81,80,85,168,136,246,40,202,40,2,21,135,180,70,209,6,24,18,64,221,12,89,132
2,148,144,152,147,229,152,66,22,3,72,147,12,190,96,72,77,27,147,145,50,12,16,215,9,6,154,195,149,76,37,18
2,2,2,152,14,195,152,74,22,4,80,179,8,142,32,72,94,61,179,129,2,156,3,221,0,38,155,199,20,12,53,211
34,2,34,136,78,65,168,64,4,84,208,163,136,142,114,75,106,153,147,145,0,18,70,192,20,32,202,171,21,12,53,210
3,129,2,136,148,147,172,97,68,65,91,199,104,104,186,224,124,35,19,165,213,152,4,221,32,32,138,192,29,14,184,84
3,201,2,140,4,144,140,37,68,64,82,199,32,8,182,224,72,32,18,197,197,168,4,221,32,40,142,128,29,28,248,28
3,193,32,140,4,145,140,37,68,64,80,3,32,8,50,96,72,0,19,5,196,40,36,149,32,32,142,128,21,28,144,76
3,192,0,140,4,145,140,165,68,64,80,71,32,8,178,224,72,0,18,197,197,8,4,157,32,32,138,128,28,28,184,12
56,72,106,109,68,154,230,116,68,0,118,2,51,9,181,64,104,224,23,106,200,186,36,45,118,233,160,0,119,185,112,136
56,0,98,228,4,2,72,80,65,128,210,2,75,9,56,64,120,132,21,160,136,179,1,136,146,233,160,132,39,168,112,0
3,201,99,204,4,146,142,109,68,64,80,66,96,72,180,228,88,32,18,239,197,168,36,253,32,40,138,128,29,62,112,108
0,193,0,140,132,129,4,37,4,0,80,2,0,8,32,64,72,2,2,0,80,40,0,149,32,32,138,64,20,8,176,0
3,201,2,140,4,144,142,167,68,64,88,199,32,40,182,192,72,98,18,199,213,168,4,253,32,40,142,128,29,28,184,28
66,0,16,128,110,8,184,0,168,0,16,8,140,138,112,66,166,1,95,1,2,1,130,192,132,16,10,184,20,0,1,1
2,135,32,136,148,129,140,103,4,5,88,135,32,8,50,64,76,2,131,133,214,8,4,213,40,32,138,193,21,12,188,92
3,72,99,142,4,144,139,100,68,64,80,70,112,72,183,228,72,32,18,207,197,160,44,189,32,40,138,128,21,191,112,108
130,16,156,152,106,133,153,64,30,27,16,178,20,158,96,73,239,25,19,145,34,70,2,80,65,2,250,170,144,0,33,147
2,151,32,136,146,161,152,99,14,5,88,167,12,46,34,64,111,19,147,149,146,8,0,213,40,4,138,195,148,12,165,81
60,0,106,236,4,2,74,80,68,128,119,2,83,73,185,64,120,164,23,171,136,178,4,136,210,233,163,128,119,171,112,128
82,0,80,129,6,8,232,0,169,32,146,2,140,10,80,66,106,133,125,129,0,1,193,192,148,0,138,148,5,0,113,0
2,131,0,136,148,193,152,99,4,5,88,163,8,14,48,64,76,19,147,129,82,8,0,149,40,0,138,193,20,12,180,82
44,72,106,238,68,131,203,112,68,0,85,2,113,73,49,64,72,160,23,235,136,160,8,189,66,169,162,128,53,187,112,128
2,135,0,136,144,225,24,35,4,5,88,163,40,46,50,64,69,3,131,133,18,8,4,213,8,36,138,195,20,4,180,80
3,131,2,140,20,145,132,37,4,4,80,199,32,8,50,64,64,34,3,133,214,136,4,157,32,32,138,192,28,12,184,28
32,8,106,204,68,2,75,80,68,128,118,2,113,67,177,96,88,224,19,234,128,128,36,8,66,169,162,128,53,171,112,168
2,195,0,140,132,128,140,37,4,4,80,135,32,10,50,64,68,2,19,133,212,8,4,213,40,32,142,192,28,12,184,8
66,0,148,152,106,128,184,0,142,19,16,128,140,142,96,75,135,17,59,129,2,65,130,192,4,16,90,170,20,0,33,129
3,193,0,140,20,145,140,229,68,64,80,199,32,8,50,64,72,2,19,197,215,40,4,149,40,32,142,192,28,12,184,28
32,72,106,206,68,0,203,80,68,0,85,2,113,65,177,96,88,32,19,235,192,160,44,185,96,169,170,128,53,186,112,168
60,8,98,236,68,3,194,80,69,128,119,2,115,73,181,64,88,160,23,106,136,162,0,136,66,233,162,0,119,171,112,128
3,193,32,136,20,145,140,229,68,64,80,199,32,8,50,64,72,2,19,197,215,40,4,189,32,0,142,192,29,12,184,92
0,0,66,128,68,129,168,64,140,16,80,2,136,138,96,0,104,137,2,128,2,50,0,192,20,16,138,40,21,8,49,128
2,131,0,140,132,129,12,39,4,4,88,135,32,32,50,64,68,34,131,133,212,136,4,157,32,32,138,193,20,12,180,72
2,195,32,136,20,129,140,101,4,4,80,135,32,12,50,64,72,3,147,133,214,8,4,157,32,0,138,193,21,12,180,72
3,195,32,136,20,129,136,101,4,69,80,135,32,8,50,64,72,32,147,133,198,8,4,157,32,32,138,192,28,12,56,88
3,137,2,140,20,145,140,101,4,64,82,199,32,8,50,64,72,42,19,197,214,152,4,253,32,32,138,192,29,12,184,220
1,201,99,200,84,131,167,117,68,0,84,66,48,129,180,100,104,40,18,200,195,170,36,253,96,8,162,0,87,152,240,172
18,0,96,161,4,3,232,64,69,96,210,2,9,8,52,0,104,129,23,161,136,176,5,192,148,72,138,132,53,140,112,192
3,131,2,140,148,128,172,101,4,4,82,199,40,8,50,64,108,34,19,197,214,184,4,221,32,32,138,192,29,12,185,156
56,72,74,232,84,131,202,244,4,0,116,2,49,139,49,64,72,168,23,203,74,170,0,189,114,201,170,136,55,153,112,136
2,148,2,140,23,226,184,103,28,1,90,178,44,62,32,64,98,51,147,129,50,152,0,223,32,38,154,195,148,76,181,10
35,200,99,204,70,129,141,229,68,64,80,66,56,8,180,228,110,41,19,205,193,170,36,253,32,40,138,128,85,28,241,236
2,134,2,136,22,224,184,98,4,5,90,163,40,46,50,64,109,19,147,145,18,136,0,213,8,38,154,193,149,12,53,81
2,36,128,129,52,161,168,2,14,33,24,131,132,14,112,72,77,11,19,149,2,16,65,146,12,20,154,224,148,76,16,192
35,216,99,140,70,144,172,229,68,64,82,231,40,12,182,228,110,33,147,197,197,168,36,253,34,40,138,128,29,28,240,220
2,144,18,136,99,132,56,64,172,25,82,162,140,158,96,72,230,57,155,144,2,153,130,193,21,48,26,202,0,0,33,147
2,151,0,136,176,225,136,98,12,13,24,167,128,38,32,0,204,19,147,149,18,8,0,213,8,16,138,193,148,76,52,80
2,160,2,153,84,168,168,66,62,1,90,18,172,130,32,64,34,42,2,144,18,152,1,215,12,52,154,192,132,8,49,128
2,177,18,136,176,165,184,67,46,9,88,32,140,158,96,64,231,27,147,145,18,8,2,213,13,20,26,234,144,0,161,131
3,137,0,140,20,145,140,37,68,64,80,71,32,8,50,64,72,34,19,197,199,40,4,157,40,32,142,192,29,12,184,12
35,203,32,140,84,145,138,231,68,68,88,135,32,136,182,64,72,42,19,197,198,170,4,189,32,40,138,128,29,12,120,204
0,193,0,136,132,129,12,37,4,0,80,2,0,2,32,64,72,2,19,128,80,8,0,144,32,32,142,0,20,24,176,0
2,192,32,132,4,0,140,37,4,0,16,3,32,8,48,64,72,0,19,133,208,8,0,133,40,0,142,192,21,12,176,72
2,20,144,152,51,229,16,66,30,11,24,50,140,150,96,72,231,25,147,144,2,4,16,210,9,6,154,194,144,8,33,3
2,149,24,152,179,228,184,103,14,9,88,34,172,190,32,64,229,27,147,144,18,138,18,213,41,54,154,202,144,0,161,147
2,195,32,140,144,129,12,167,4,5,88,135,32,36,50,64,72,2,131,197,208,8,4,149,40,32,142,193,20,28,180,72
2,132,0,136,22,225,152,98,6,77,24,163,0,44,32,64,73,19,147,145,18,8,0,149,8,4,138,195,148,76,20,82
2,149,0,136,147,193,156,103,6,77,88,163,12,190,32,64,207,27,147,129,82,8,16,213,41,36,142,195,20,12,181,219
3,201,1,196,132,16,141,165,0,128,84,66,48,0,177,228,72,98,18,72,65,8,32,169,32,0,142,128,22,184,176,44
3,72,107,78,4,0,131,16,68,192,82,66,48,0,181,100,72,96,2,202,129,160,36,41,0,40,162,128,21,187,112,108
3,192,0,140,4,145,132,164,68,64,80,66,32,8,182,224,72,0,18,69,197,40,4,189,32,40,138,128,28,28,152,12
2,149,32,136,151,193,156,103,4,69,72,135,44,30,50,64,76,19,147,133,82,8,16,213,41,4,142,67,20,12,181,90
3,200,1,140,4,145,142,164,68,64,80,195,32,8,48,224,72,0,19,69,197,40,4,189,32,32,142,128,29,28,184,12
3,193,32,136,148,129,140,165,4,68,80,135,32,8,50,64,72,2,147,133,214,8,4,213,40,32,142,192,28,12,184,88
10,201,1,136,20,129,143,245,4,0,84,66,48,1,176,228,72,2,19,201,67,40,32,189,32,0,142,192,22,24,176,168
118,0,100,225,4,2,200,72,65,160,178,10,67,8,28,2,88,132,93,161,136,35,69,136,146,232,129,148,101,168,112,0
3,193,32,136,20,129,140,229,4,68,80,135,32,8,50,64,72,0,19,133,198,40,4,157,40,0,142,192,29,12,184,92
2,131,18,136,146,129,60,37,44,5,82,2,44,2,32,64,102,19,19,128,82,136,0,213,40,32,138,193,20,0,165,8
2,135,0,140,146,193,156,103,4,5,88,163,44,38,32,64,78,51,131,129,82,8,0,221,32,36,142,195,20,12,165,75
2,147,0,136,146,193,156,101,4,65,80,163,12,30,32,64,110,19,147,129,82,8,0,213,40,0,138,195,20,12,165,83
2,131,32,140,20,129,140,37,4,5,80,135,32,8,50,64,72,34,19,5,214,8,4,157,40,32,138,192,20,12,148,88
2,135,34,136,148,192,168,103,4,5,90,163,40,142,50,64,104,59,147,129,82,136,0,221,40,36,138,195,20,12,180,74
33,201,66,140,20,145,134,103,68,64,88,71,32,8,182,224,72,34,2,69,199,168,4,189,32,40,130,0,93,28,248,140
35,202,96,142,4,145,138,228,68,68,80,135,32,8,182,64,72,32,19,199,198,40,36,189,32,8,138,128,93,31,120,220
2,131,32,140,148,129,140,165,4,4,80,135,32,40,50,64,76,2,131,133,208,8,4,221,32,32,142,193,20,12,180,88
130,32,16,153,70,129,168,64,30,17,80,18,140,138,112,73,106,9,19,145,2,244,0,208,4,16,218,224,149,8,33,128
2,149,18,136,147,225,184,99,12,69,72,179,44,158,32,64,103,59,147,144,18,136,16,215,41,6,154,195,149,4,165,210
34,201,99,206,84,129,203,244,69,0,112,66,48,73,180,36,72,168,19,202,195,170,40,189,48,40,162,136,117,155,112,168
50,0,66,128,68,2,168,72,136,0,146,2,8,10,60,2,106,133,31,161,0,163,0,192,16,8,138,132,69,40,113,128
2,193,0,140,4,129,140,101,4,0,80,2,32,8,32,64,72,2,19,0,80,40,0,149,32,32,142,192,20,8,176,8
131,193,32,140,20,144,140,165,68,64,80,199,32,40,50,192,72,34,19,197,245,136,4,223,32,32,142,192,29,12,184,28
35,201,97,204,4,145,142,228,68,64,80,66,32,8,180,228,72,32,18,201,199,40,36,253,32,40,142,128,85,24,112,172
2,16,178,153,119,164,184,66,190,27,90,50,172,154,96,72,231,59,19,17,146,188,2,211,13,20,26,194,148,72,33,131
2,149,18,136,147,224,56,99,4,1,74,163,8,54,32,64,107,19,147,144,18,136,0,213,8,36,138,195,148,4,165,18
2,148,160,152,147,229,152,67,30,75,72,179,12,190,32,72,197,27,147,145,50,8,16,215,9,6,154,227,144,76,165,83
48,0,70,232,76,2,232,80,133,128,242,2,11,138,53,91,104,173,70,160,8,163,0,192,18,232,130,8,117,168,96,128
3,193,32,140,4,129,140,229,4,64,80,131,32,12,50,96,72,0,19,133,196,8,4,149,32,32,138,192,21,12,176,92
131,205,35,156,20,145,142,231,84,64,88,70,32,8,180,228,72,34,18,199,231,172,36,191,32,46,138,192,29,28,248,76
55,0,122,228,6,18,201,80,97,192,246,2,91,8,183,96,126,133,21,173,141,179,37,200,210,233,162,132,101,168,112,101
2,206,32,152,148,129,142,231,22,5,88,135,32,40,50,64,77,99,131,133,118,8,4,191,40,6,158,193,21,76,188,76
2,201,6,153,52,129,168,165,174,17,82,2,172,138,48,64,106,11,59,209,66,184,2,245,44,48,158,192,20,24,177,136
2,207,6,156,130,128,60,167,132,5,90,167,44,166,34,64,102,51,163,132,80,136,2,253,32,38,222,195,20,4,181,88
2,131,32,136,132,129,140,37,4,68,80,135,0,8,50,64,76,2,147,133,214,8,4,213,32,32,142,192,28,12,180,92
3,5,99,77,212,162,235,115,77,64,123,66,88,40,180,228,122,34,18,168,145,184,37,205,36,44,130,192,85,138,241,228
24,129,90,233,214,131,124,117,36,1,118,130,25,15,48,80,110,155,23,168,90,154,0,221,118,201,170,192,55,136,224,136
184,0,70,233,76,2,104,88,37,48,247,18,27,139,120,75,120,140,63,184,8,244,193,128,86,233,242,196,103,136,112,128
2,14,2,156,20,162,170,98,22,5,90,135,32,170,51,64,93,33,147,133,164,152,4,255,0,38,154,129,149,13,60,72
2,144,18,136,19,229,56,66,14,1,72,178,12,150,96,72,231,27,147,144,18,140,18,215,9,4,154,75,144,0,37,146
35,200,99,94,84,147,143,246,84,96,80,66,32,104,181,164,72,106,18,203,229,170,36,191,32,14,150,160,87,159,112,236
33,72,107,206,4,131,143,112,68,192,116,2,112,72,181,96,72,32,18,203,193,160,36,189,98,40,162,128,117,187,112,172
7,8,130,153,20,178,170,66,28,65,91,199,140,136,179,72,126,41,147,149,150,152,5,206,12,36,154,192,157,15,57,212
34,220,96,154,87,193,154,224,22,0,80,163,40,222,37,0,91,57,147,209,34,10,8,255,57,4,139,235,21,15,52,154
6,139,0,138,148,129,14,229,6,69,88,135,96,238,58,64,93,107,147,215,82,8,8,181,40,4,143,193,20,15,180,88
35,200,97,204,4,129,143,244,68,64,84,66,48,8,181,100,72,96,18,203,193,40,36,189,32,40,162,128,85,184,112,172
168,32,226,69,84,18,225,88,119,161,247,18,89,137,244,76,120,140,110,152,138,247,161,150,86,239,179,68,231,136,112,160
2,197,32,142,148,128,142,165,4,64,89,131,96,108,56,64,64,66,19,199,208,8,12,181,40,32,142,192,20,30,176,88
35,200,103,156,28,145,170,228,196,64,82,198,32,200,183,228,104,104,50,207,199,185,38,189,34,40,138,136,93,31,120,220
63,0,99,160,70,19,232,88,225,96,241,202,11,142,189,182,126,133,86,175,141,179,36,192,144,200,138,172,103,174,98,244
3,209,3,140,7,146,172,103,76,64,90,231,44,8,182,228,234,35,147,197,197,152,20,253,32,40,142,130,29,28,185,93
2,88,18,140,75,192,188,68,140,128,224,163,44,158,33,64,238,185,147,192,64,3,146,200,49,32,138,43,21,48,39,154
2,193,0,142,132,128,140,37,4,0,81,2,32,10,48,64,64,2,19,131,80,8,8,149,32,32,142,192,20,26,176,8
2,209,90,200,115,197,189,117,141,9,116,34,60,151,36,52,238,27,147,136,82,11,50,213,115,152,10,234,83,0,163,187
10,148,50,216,243,245,185,119,31,9,124,50,44,183,36,228,231,59,147,128,179,152,48,223,111,30,26,194,146,0,165,191
45,72,111,95,84,147,235,80,85,64,119,2,113,201,181,108,120,168,22,234,137,182,36,236,66,41,160,128,119,187,112,164
3,200,3,140,4,145,142,164,68,64,82,70,32,8,180,228,72,96,18,197,197,168,4,253,32,40,138,128,29,28,120,12
71,168,162,158,92,146,170,232,214,225,147,2,96,232,254,96,121,236,59,177,166,111,174,223,24,46,143,236,133,46,112,68
3,90,99,141,6,151,175,244,76,76,86,198,32,12,181,100,110,96,19,239,193,184,52,253,36,56,138,130,31,60,113,125
62,4,98,232,20,34,74,80,37,0,251,2,75,11,61,80,122,169,23,160,184,151,0,142,146,253,130,132,183,170,112,0
3,195,0,136,148,129,140,37,4,4,80,135,32,8,50,64,72,2,19,133,214,8,4,149,32,32,142,192,29,12,184,72
134,141,32,154,148,161,142,226,22,146,88,18,96,104,57,65,89,98,19,179,178,104,8,191,40,6,143,196,148,121,48,136
3,128,52,153,52,185,184,3,126,81,82,213,172,136,50,72,167,43,51,21,151,184,7,213,12,22,90,194,156,12,9,221
70,141,162,142,156,128,142,173,214,131,91,2,96,232,120,64,89,110,51,211,242,184,142,167,40,36,143,204,149,126,176,8
2,130,36,153,20,138,168,7,30,117,82,151,128,44,18,72,108,14,179,149,146,216,65,213,12,38,218,192,156,12,180,88
3,146,18,153,109,149,184,66,222,89,80,117,172,154,114,72,199,43,179,21,151,28,2,209,12,16,26,202,152,12,41,223
27,143,98,174,86,144,254,119,5,4,92,199,105,104,182,64,126,162,151,205,222,170,4,253,98,105,170,193,63,142,248,204
82,4,34,136,61,39,232,66,237,8,251,2,14,154,53,64,248,161,78,177,136,163,1,204,144,156,138,218,213,10,97,3
4,77,130,158,148,2,6,165,6,129,91,2,96,232,41,64,88,98,34,66,80,136,10,170,40,38,206,0,148,123,176,0
61,88,115,236,103,83,210,112,69,72,117,34,123,92,183,228,122,249,150,99,205,178,36,189,50,233,160,131,127,191,120,213
2,131,32,136,148,129,140,103,4,4,88,131,32,14,50,64,76,3,147,133,82,8,0,213,40,32,138,193,20,12,180,72
33,205,104,204,84,131,199,125,68,66,124,2,112,105,180,36,88,42,18,107,225,170,36,159,96,12,165,0,85,250,240,172
2,155,166,158,18,128,174,167,134,5,90,167,40,174,50,64,110,115,179,197,210,136,6,253,32,38,218,129,28,4,189,88
3,195,32,140,20,129,140,37,4,68,80,135,32,8,50,64,76,3,19,133,212,8,4,221,32,32,138,192,29,12,184,92
18,20,80,232,115,224,184,66,45,1,248,162,46,30,36,80,238,185,151,129,2,46,64,223,151,212,26,203,117,0,39,155
3,200,99,206,4,144,134,236,68,64,82,66,96,64,181,228,88,96,18,107,197,160,36,189,32,40,142,128,95,190,112,44
51,88,32,174,119,157,210,224,205,72,208,43,46,216,55,112,254,169,23,103,206,35,44,189,176,120,138,186,53,31,83,207
2,34,226,137,70,233,248,66,45,21,90,163,172,142,112,72,106,155,151,145,2,184,1,192,20,16,154,193,149,8,117,136
3,201,115,77,86,147,175,125,69,64,116,194,40,12,180,100,126,16,18,235,195,186,37,221,38,40,130,128,87,156,225,253
3,201,2,138,148,145,142,237,68,64,80,199,96,72,186,192,88,34,19,229,215,136,12,253,32,32,142,192,29,14,184,28
131,199,2,140,20,128,140,39,84,65,88,215,32,8,50,64,72,2,19,133,246,140,4,223,32,32,138,192,28,12,184,92
33,64,107,79,84,131,235,112,69,64,119,66,115,73,181,37,88,168,22,234,201,178,100,157,118,40,160,128,119,170,112,164
6,141,132,156,144,163,14,171,22,194,88,131,104,110,41,64,93,119,147,180,112,200,8,191,40,6,143,132,148,126,144,88
66,233,0,140,60,137,138,236,142,0,208,10,166,136,112,64,200,232,46,67,74,43,202,189,180,52,138,184,20,10,16,8
3,132,146,153,112,184,184,3,126,73,90,80,172,138,164,232,231,59,18,152,151,152,6,215,12,60,26,194,156,68,169,133
2,148,16,136,147,225,56,66,14,1,72,162,12,158,32,64,231,27,147,145,18,8,16,215,9,4,154,67,148,8,37,18
4,205,0,138,148,161,14,230,4,3,24,18,64,34,33,64,65,66,2,210,114,8,8,183,40,4,142,64,148,91,176,8
2,141,26,138,146,225,58,231,4,5,88,163,44,150,32,64,106,27,147,144,18,136,0,253,40,37,138,195,148,2,165,26
51,203,98,138,28,145,142,229,198,68,208,199,96,200,190,64,88,171,151,197,206,43,14,253,50,40,142,200,29,14,248,220
2,143,2,140,148,131,142,103,4,36,90,135,32,40,50,64,76,34,147,229,208,152,4,221,32,32,142,192,29,14,176,88
2,131,0,136,150,129,140,99,4,5,88,135,8,14,50,64,76,19,147,133,82,8,0,213,40,0,138,193,20,12,180,64
3,131,34,136,20,131,136,109,4,69,80,199,40,8,50,64,92,35,147,165,214,152,5,221,32,32,138,192,29,12,184,220
33,200,107,205,116,139,235,244,76,0,84,66,176,8,180,100,72,40,18,75,193,184,101,253,100,8,162,128,85,152,80,236
2,156,26,152,19,225,186,194,30,1,72,18,44,158,32,64,239,59,147,145,2,140,16,255,9,4,154,67,144,1,37,154
3,139,34,136,148,131,140,229,4,4,82,135,32,8,50,64,72,34,19,229,212,168,4,221,40,32,142,192,29,12,184,220
3,195,32,140,132,128,140,165,4,68,80,135,32,40,50,64,72,3,19,133,212,8,4,157,32,32,142,192,28,28,184,92
26,149,18,168,147,225,184,103,135,1,216,163,44,191,32,64,110,187,155,129,18,139,16,221,185,101,154,203,55,4,165,27
37,88,122,78,102,147,251,112,68,64,117,34,112,89,181,96,126,56,19,106,192,160,44,253,66,41,34,128,119,139,112,163
3,203,38,158,28,145,142,229,132,68,80,199,32,136,50,65,76,43,19,197,198,137,6,253,32,34,158,128,29,30,184,220
3,203,0,140,132,145,140,165,4,68,80,199,32,40,50,64,72,2,147,197,212,8,4,189,32,32,142,192,29,28,184,92
2,135,0,136,148,161,136,35,4,5,88,163,0,46,50,64,76,3,147,133,18,8,4,213,40,0,138,193,148,76,180,64
131,207,36,152,20,145,140,231,20,64,80,199,32,8,50,65,72,43,19,197,230,136,4,253,32,34,158,192,29,28,184,220
2,192,22,137,102,128,188,101,172,16,210,2,172,138,48,67,110,1,31,193,66,9,2,209,180,16,138,136,20,24,161,137
50,2,98,168,68,3,72,80,5,100,240,143,3,13,62,16,120,137,151,165,140,178,69,156,18,200,138,196,127,140,112,208
2,135,6,152,146,192,60,103,148,21,88,163,40,38,32,65,70,27,147,133,114,136,0,221,40,34,154,195,20,4,165,89
3,201,0,142,4,145,142,165,68,64,80,199,32,8,50,64,72,2,19,71,213,8,12,189,40,32,142,128,28,30,184,12
3,193,32,140,4,145,140,229,68,64,80,199,32,8,182,224,72,0,18,69,197,40,4,189,32,40,142,128,29,28,248,12
114,64,66,164,4,10,236,68,41,0,178,2,47,10,37,82,106,133,14,224,72,147,1,200,176,232,138,144,101,24,115,8
33,32,113,193,100,153,224,64,105,64,180,74,138,8,212,164,106,136,70,25,135,34,228,192,22,24,130,120,87,136,91,164
3,201,0,140,20,145,142,231,68,65,88,199,32,8,178,224,72,34,18,197,215,168,4,189,40,32,142,192,29,12,184,12
3,193,0,140,4,145,140,37,4,64,80,135,32,8,50,64,72,2,19,5,212,40,4,157,32,32,142,128,29,28,184,92
3,195,32,140,148,129,140,101,4,4,80,135,32,10,50,64,72,2,147,133,214,8,4,149,32,32,138,192,29,12,184,88
130,195,32,136,148,128,140,167,20,5,88,135,32,44,50,64,76,3,147,197,246,8,4,223,40,32,142,193,20,12,180,72
2,139,2,136,18,193,184,103,4,5,88,163,44,142,32,64,110,59,147,129,82,136,0,221,32,0,138,201,20,12,165,139
3,193,34,136,20,131,140,101,4,64,80,199,40,136,50,192,76,41,19,197,198,136,4,221,32,32,138,128,29,12,184,220
2,144,18,152,87,197,184,103,12,9,88,2,44,154,32,64,236,27,19,145,82,136,16,215,5,20,154,202,17,8,161,131
2,145,32,136,151,193,156,39,4,68,72,135,32,44,34,64,74,19,147,129,82,8,16,213,33,0,142,67,20,12,180,90
35,205,99,140,4,16,143,246,68,64,92,198,32,44,183,228,72,98,18,207,197,168,36,253,34,40,142,128,95,252,120,252
2,0,2,153,98,128,184,64,172,0,80,131,172,134,32,65,110,57,19,132,2,152,2,213,4,48,154,200,20,12,33,152
3,200,1,140,4,145,140,228,68,64,80,70,32,8,180,228,72,32,18,205,197,40,36,189,32,40,138,128,29,28,248,12
3,193,0,140,132,128,140,167,4,64,88,199,32,8,50,64,64,2,19,133,212,8,4,149,32,32,142,128,28,28,184,92
50,0,2,136,84,131,168,64,4,1,208,2,0,138,48,64,104,168,23,129,10,187,0,221,16,4,138,128,21,8,112,136
131,197,99,140,4,144,140,231,68,66,88,199,40,12,182,228,76,35,147,205,197,136,36,255,34,40,142,128,29,28,184,220
2,141,18,140,22,128,184,39,12,1,90,2,44,170,48,64,98,35,19,129,66,152,0,223,36,38,154,192,20,8,49,9
35,193,98,140,84,145,172,101,68,64,80,7,40,8,54,96,72,42,19,133,199,170,36,221,48,40,138,200,21,12,240,204
2,131,32,136,148,129,140,101,4,4,80,135,32,14,50,64,76,3,147,133,214,8,4,213,40,32,138,192,20,12,184,80
40,72,98,238,84,129,203,240,68,0,116,2,49,201,181,0,72,232,23,203,202,162,12,189,114,201,160,136,119,187,112,136
3,193,0,140,148,145,142,167,68,65,88,199,32,40,50,64,72,66,19,69,212,8,4,181,40,32,142,192,28,28,184,92
114,0,64,196,76,2,200,72,1,160,178,10,2,8,20,18,104,132,95,161,8,163,65,200,16,40,136,148,101,40,114,0
2,163,16,136,146,193,152,97,6,5,80,163,12,142,96,64,78,27,131,144,82,8,0,213,40,0,138,227,20,12,165,67
33,193,98,200,85,149,132,101,68,64,116,2,32,8,54,228,72,42,18,73,199,170,52,157,35,40,138,64,85,8,248,172
2,201,0,140,148,129,12,229,6,0,80,2,32,130,32,64,72,42,19,192,82,136,0,253,40,32,142,192,20,8,176,8
3,201,32,138,20,129,142,229,6,64,80,199,96,200,50,64,72,42,19,69,198,40,12,189,40,36,142,192,28,14,184,92
130,48,144,152,3,197,176,64,30,19,80,50,12,158,96,73,231,25,147,145,34,70,18,208,9,16,218,235,144,4,37,147
130,4,16,153,52,161,184,2,30,9,88,18,140,10,48,72,199,11,19,145,50,156,0,215,12,22,154,192,148,8,49,1
34,143,34,142,20,131,138,97,4,4,89,135,96,232,50,64,88,43,147,229,214,136,12,189,32,0,138,192,29,14,56,216
33,193,99,201,84,147,164,101,68,64,112,66,0,8,180,164,120,10,18,169,213,186,37,221,36,40,130,64,93,12,248,164
128,192,18,152,52,132,184,101,30,25,82,18,172,154,48,64,226,41,19,193,66,156,2,213,5,48,154,66,16,8,161,137
2,131,32,136,148,129,140,37,4,4,80,135,32,8,50,64,76,3,131,133,212,8,4,221,40,32,142,193,28,12,184,92
0,193,0,136,149,197,12,229,4,0,64,2,32,10,32,64,72,2,2,128,82,40,16,149,41,32,142,65,16,8,176,8
35,193,97,201,86,145,172,37,76,64,80,66,136,8,180,228,110,9,18,141,199,184,100,213,38,24,138,192,87,140,241,236
50,133,66,136,86,162,232,99,45,1,250,2,12,42,36,80,106,139,23,128,24,187,0,221,176,172,138,192,117,8,224,128
2,3,0,136,30,195,152,75,6,37,80,163,40,142,34,64,92,57,163,145,18,136,3,221,8,4,138,235,20,12,52,200
3,149,123,204,86,193,177,115,76,65,124,34,52,19,164,96,110,51,18,136,83,170,48,221,97,40,34,66,85,8,161,171
1,133,51,77,116,157,161,119,108,73,122,64,172,32,180,228,162,34,18,9,211,184,32,221,45,60,2,64,84,136,241,173
2,135,32,136,148,129,140,39,4,4,88,135,32,8,50,64,77,2,131,133,210,8,0,149,40,32,142,192,20,12,180,72
2,129,32,140,132,129,140,37,4,64,80,135,32,14,50,64,76,3,147,133,210,8,0,221,32,32,138,192,20,12,180,88
7,72,97,206,4,145,142,236,68,64,80,66,96,72,191,228,88,96,18,239,197,160,44,253,32,40,142,128,31,63,120,172
3,193,0,140,4,145,140,165,68,64,80,199,32,8,50,192,72,32,19,197,197,8,4,221,32,32,138,192,28,28,184,92
3,72,39,220,20,147,139,34,84,64,82,66,32,136,181,101,72,40,50,201,165,184,38,189,0,42,154,128,21,12,112,108
67,72,6,140,28,128,8,100,132,64,192,199,40,138,51,192,64,33,59,197,199,11,134,253,48,32,138,136,28,20,56,92
2,131,32,136,148,193,156,101,4,5,80,163,40,14,48,64,72,19,147,129,82,8,0,213,40,0,138,193,20,12,180,72
2,131,0,136,148,129,140,229,4,5,80,131,32,6,50,64,76,3,131,133,82,8,0,149,40,0,142,193,20,12,180,200
2,151,0,136,146,225,152,35,4,5,88,163,12,54,32,64,103,19,147,145,18,8,0,213,40,36,138,195,20,12,181,83
44,8,106,206,4,18,235,80,68,192,87,2,81,73,181,96,88,96,19,235,128,176,44,200,66,41,162,128,119,171,112,160
1,72,33,140,4,145,130,164,68,64,80,66,32,8,181,228,72,96,18,75,197,160,36,189,32,40,138,0,21,61,112,108
60,0,106,101,68,18,105,88,68,160,118,2,83,1,177,96,88,132,4,40,136,176,37,8,66,233,161,4,103,168,112,160
60,64,106,239,68,18,238,80,68,128,119,2,81,73,189,96,120,228,23,235,136,178,44,136,98,233,161,132,103,171,112,128
2,131,0,136,148,193,8,103,6,5,88,163,0,46,48,64,72,27,131,145,18,8,0,149,40,0,138,193,20,12,180,66
131,77,1,142,4,48,142,134,84,66,88,66,32,40,181,228,72,98,18,207,229,164,36,171,32,40,138,128,29,125,120,108
2,129,32,136,148,193,12,101,4,5,80,163,40,14,48,64,72,19,147,133,82,8,0,213,40,32,138,193,20,12,180,72
2,131,32,136,20,193,156,101,4,68,80,131,40,14,50,64,76,19,147,133,82,8,4,213,40,0,138,193,20,12,180,88
2,131,32,136,148,129,140,101,4,4,80,131,32,12,50,64,76,3,147,133,214,8,4,157,32,32,142,193,20,12,180,76
2,149,0,136,147,225,144,99,6,5,8,131,12,60,32,64,201,19,131,145,18,8,16,149,41,4,138,67,148,76,180,82
56,69,106,76,68,18,239,113,68,128,127,2,113,105,181,100,120,228,23,170,201,176,37,142,98,237,163,128,103,250,112,160
50,0,116,195,70,8,232,64,73,32,177,2,8,8,20,2,42,129,87,129,128,32,73,192,22,8,138,144,69,10,83,128
7,167,0,152,148,163,142,239,22,5,24,151,96,232,58,64,93,74,131,181,182,8,12,191,40,6,143,228,157,78,184,16
67,195,2,140,88,129,12,229,134,5,192,199,40,138,50,64,70,161,159,197,206,11,6,253,48,36,138,200,28,4,185,28
2,180,26,216,211,245,177,66,15,1,108,18,28,151,36,36,239,27,147,144,19,138,48,215,27,4,26,107,147,64,37,182
2,148,128,152,151,229,152,66,22,1,72,147,12,190,96,64,77,27,147,145,18,12,16,215,9,6,154,195,148,76,53,18
2,2,2,152,26,195,24,72,22,4,80,163,44,142,32,72,94,57,179,129,2,148,3,221,0,38,155,135,20,12,37,83
131,34,162,152,100,144,184,64,154,95,80,151,140,142,118,74,239,9,19,149,134,84,130,208,4,24,218,168,156,12,57,197
35,72,99,76,4,16,142,164,68,64,82,66,32,8,181,228,72,96,18,203,197,160,36,237,34,40,130,128,95,189,120,44
3,193,32,136,4,129,140,37,68,64,80,3,32,8,48,96,72,0,19,5,196,40,4,149,32,32,142,128,21,28,144,76
3,72,67,204,4,144,142,228,68,64,80,66,32,0,181,228,72,96,18,203,197,160,36,189,32,40,138,128,29,61,112,44
60,0,106,228,68,2,74,80,69,128,119,2,83,73,185,112,120,164,23,170,136,178,0,136,82,233,160,132,39,170,112,0
114,0,98,160,4,2,200,64,97,160,146,2,11,10,60,64,122,133,29,161,136,179,1,192,146,200,138,148,37,136,112,0
35,73,99,204,4,2,143,117,68,192,82,66,112,72,181,228,88,36,18,239,193,176,37,205,32,40,138,128,87,190,112,236
0,193,0,140,132,129,12,37,4,0,80,2,0,8,32,64,72,2,2,0,80,40,0,149,32,32,138,64,20,8,176,0
3,201,2,142,4,144,142,229,68,64,80,199,32,72,182,224,72,98,18,199,197,168,4,253,32,40,142,128,29,30,248,12
131,72,103,156,12,16,138,128,196,208,82,66,32,8,181,239,72,96,58,207,229,225,38,169,0,40,202,128,29,61,120,76
35,72,99,206,4,16,174,240,68,64,82,66,96,64,181,228,88,96,18,235,197,160,36,253,32,40,130,128,95,191,112,172
3,200,32,140,4,145,142,228,68,64,80,199,32,8,182,224,72,32,19,199,197,8,4,253,32,40,138,128,29,28,56,92
2,131,36,136,148,129,140,37,132,68,144,135,0,12,50,64,76,3,155,133,214,9,4,149,32,0,142,209,21,12,180,84
61,8,106,238,4,2,235,80,68,128,87,2,113,73,177,96,88,100,23,235,136,176,36,8,64,169,170,128,53,171,112,96
3,195,32,140,20,145,140,229,4,68,80,199,32,12,178,64,76,3,147,197,213,8,4,157,32,32,142,192,29,28,184,92
66,32,148,128,108,8,184,0,170,17,16,128,140,142,112,74,134,17,123,129,2,1,130,208,4,16,202,170,20,0,1,129
2,131,32,136,148,193,152,99,6,5,88,163,8,14,48,64,76,19,147,129,82,8,0,149,40,0,138,193,20,12,180,82
3,200,33,204,4,129,143,228,68,64,80,66,40,8,181,228,72,96,19,203,193,136,36,253,32,40,138,128,23,29,48,44
2,134,0,136,18,225,24,66,6,5,72,179,0,134,34,64,75,27,131,145,18,8,0,151,8,6,154,227,148,12,36,82
82,0,98,160,4,2,232,64,161,128,146,2,8,10,112,66,104,133,29,161,136,179,0,192,144,160,138,128,37,8,112,0
37,0,106,72,4,147,195,120,68,64,117,2,80,72,191,96,88,32,18,43,133,176,44,156,66,41,163,4,117,171,112,228
2,180,144,152,147,229,144,66,22,3,8,179,12,190,96,72,197,27,147,145,50,12,16,210,9,6,154,227,148,68,37,83
3,195,0,140,148,145,140,165,4,64,80,199,32,8,50,64,72,2,19,197,212,8,4,157,32,32,142,192,28,28,184,28
40,0,106,108,68,19,192,120,68,64,117,2,81,73,188,96,88,128,19,43,128,176,36,157,66,105,162,0,119,170,112,128
3,195,32,136,148,129,140,165,4,1,80,135,32,8,50,64,72,2,19,133,214,8,4,149,40,32,142,192,28,12,152,28
0,8,107,206,4,2,171,16,68,192,86,66,113,65,177,96,104,100,19,203,129,160,36,104,64,40,170,128,53,171,112,104
3,72,99,206,4,128,143,48,68,0,81,66,112,67,177,100,72,32,18,203,193,168,44,253,32,40,138,128,23,186,112,44
44,8,106,206,68,18,203,80,68,0,119,2,113,73,181,96,88,32,19,235,128,162,36,136,66,41,162,128,117,171,112,160
3,195,0,136,20,129,140,229,4,68,80,135,32,8,50,64,72,2,19,197,198,40,4,157,32,32,138,192,29,12,184,92
