2,150,16,152,179,225,16,66,22,5,72,179,12,158,32,72,207,27,131,145,50,12,0,215,9,6,154,227,148,76,37,83
0,0,0,128,4,0,8,0,4,0,16,2,0,8,32,64,64,0,2,0,0,0,0,128,0,0,138,0,20,8,16,0
2,135,32,138,20,161,138,99,4,4,89,135,96,104,50,64,92,43,131,165,214,8,4,157,32,0,138,193,20,14,152,200
2,143,32,138,148,129,138,229,6,4,88,135,32,200,58,64,76,43,131,197,214,8,12,189,40,0,139,193,28,14,152,92
3,193,0,140,132,145,140,165,68,64,80,71,32,8,178,64,72,2,19,197,196,40,4,149,32,32,142,192,29,28,184,92
50,200,82,172,70,129,250,228,13,0,112,2,45,10,36,64,110,169,23,194,66,170,0,253,48,232,138,136,53,25,97,137
32,193,98,201,212,131,164,109,68,1,112,2,0,8,60,0,88,8,19,97,210,186,68,213,60,8,138,100,85,8,240,136
7,141,35,138,148,176,174,175,108,65,90,66,104,104,188,228,113,67,18,239,215,136,44,255,40,46,143,196,29,119,241,100
1,72,3,140,4,2,38,164,68,64,82,70,48,0,181,228,72,100,18,79,197,160,36,45,32,40,130,0,28,57,48,44
3,153,0,137,18,131,24,111,22,225,88,231,44,174,34,192,118,61,179,149,151,152,5,221,40,4,155,230,156,12,57,93
2,240,22,136,26,131,24,104,142,176,145,162,108,214,105,66,118,49,234,240,66,3,138,221,8,0,11,190,20,42,5,153
2,148,18,152,19,225,24,103,6,1,72,179,12,62,32,64,235,19,147,145,50,8,16,215,41,38,154,195,148,4,165,82
0,72,6,145,100,137,168,4,174,17,82,2,140,138,96,72,98,41,42,208,2,144,2,208,4,16,154,64,148,9,33,128
8,32,150,185,96,137,184,16,174,17,80,0,156,139,96,72,231,9,63,144,2,56,2,209,196,209,58,232,150,128,33,129
10,32,88,177,108,137,168,64,174,17,80,2,157,138,112,11,106,9,19,145,2,48,130,209,68,145,250,232,20,0,33,128
35,201,67,140,20,145,130,100,68,64,80,70,32,72,181,228,72,40,18,71,199,168,36,189,34,40,130,128,93,15,120,140
128,32,144,153,100,136,168,0,174,17,80,18,140,138,96,75,227,9,34,144,2,116,130,209,4,16,90,104,148,0,1,128
32,8,106,206,68,129,131,80,68,0,117,2,112,72,181,100,72,96,18,74,128,160,44,189,64,40,130,0,87,187,112,172
32,72,106,204,84,131,235,116,69,0,118,2,49,1,181,100,104,168,2,202,192,186,36,253,98,40,162,0,119,153,112,168
128,32,146,153,36,137,56,64,62,19,80,16,140,130,96,73,227,9,51,144,2,244,2,208,4,16,218,104,148,8,33,128
2,203,32,136,148,129,142,231,4,69,88,135,32,46,50,64,76,35,147,197,210,8,4,253,40,32,142,193,20,12,180,88
2,139,0,140,146,193,28,231,4,5,88,131,40,46,34,64,76,19,147,197,82,8,0,253,40,32,142,193,20,12,180,88
34,195,96,200,20,145,142,244,68,4,84,135,32,12,182,4,72,0,147,205,198,40,36,189,34,8,140,193,87,156,244,236
3,193,32,136,132,129,12,37,4,64,80,131,0,44,50,64,64,2,19,5,212,8,4,149,32,32,142,192,20,12,144,88
2,0,86,128,100,0,168,64,140,16,82,2,140,138,100,11,106,1,2,128,0,112,2,192,4,24,202,136,5,8,33,128
3,193,3,140,4,144,140,37,68,64,82,66,32,8,176,228,72,34,19,13,193,168,4,157,32,32,138,128,29,28,248,44
82,145,16,168,147,165,80,35,13,0,200,2,12,18,32,80,228,147,130,129,26,10,16,213,153,224,138,74,48,0,161,2
3,193,3,140,4,144,140,37,68,64,80,199,32,8,178,224,72,34,19,133,197,8,4,157,32,32,138,128,28,28,184,92
3,193,99,140,4,144,172,37,68,64,82,66,32,8,180,228,104,34,18,133,209,168,36,221,32,40,142,128,21,12,240,108
0,0,0,136,4,1,0,0,4,0,80,2,0,0,32,64,64,0,2,0,0,0,0,144,0,0,130,0,20,8,48,0
0,0,0,136,4,1,0,0,4,0,80,2,0,0,32,64,64,0,2,0,0,0,0,144,0,0,130,0,20,8,48,0
3,193,0,140,4,145,140,229,68,64,80,71,32,8,50,192,72,0,19,133,197,8,4,157,32,32,142,192,28,28,184,12
3,193,0,140,148,129,4,165,68,64,80,199,32,40,50,64,64,66,19,69,213,8,4,157,40,32,142,192,28,28,184,28
98,0,80,128,70,8,160,0,8,0,48,10,140,10,16,18,42,129,83,129,0,34,192,192,20,16,10,168,69,8,67,128
2,16,144,152,19,165,184,66,30,9,80,50,12,150,96,72,231,25,147,144,2,4,16,210,9,22,26,194,144,64,33,147
60,0,98,108,68,2,64,80,69,128,119,2,67,73,53,64,120,164,6,170,136,178,0,136,82,233,160,0,119,170,112,128
0,193,0,140,4,129,12,37,4,0,80,2,0,8,32,64,64,0,2,0,64,8,0,149,32,32,142,64,28,24,152,8
32,128,98,153,84,139,160,96,92,1,82,18,160,8,48,64,104,168,19,129,130,184,64,213,4,36,154,64,85,12,112,136
50,129,66,168,84,131,104,97,5,0,242,2,43,10,48,64,120,137,23,225,72,186,0,221,176,224,138,128,53,8,112,136
0,200,2,137,20,129,168,101,132,0,80,2,168,138,32,64,106,41,10,128,66,184,0,221,52,32,138,8,20,8,33,136
2,156,18,136,51,195,184,102,12,1,88,34,44,146,32,64,226,59,147,128,34,156,0,223,1,38,154,195,20,8,37,139
0,0,0,128,4,0,8,0,4,0,16,2,0,8,32,64,64,0,2,0,0,0,0,128,0,0,138,0,20,8,16,0
3,201,97,204,148,16,142,165,68,64,80,66,32,40,180,224,72,66,19,71,213,40,36,189,32,40,142,192,85,60,240,108
2,193,0,136,133,133,172,101,4,0,0,2,8,2,32,64,104,1,2,128,82,8,16,213,41,0,142,64,16,8,177,128
2,132,16,136,52,165,56,99,14,9,88,18,172,130,32,64,195,11,19,16,18,168,0,223,8,22,26,194,144,8,161,129
35,200,64,140,4,145,142,228,68,64,80,71,32,8,55,96,72,40,18,199,199,40,4,253,32,8,138,128,93,29,120,140
3,129,32,140,132,128,12,37,4,68,80,135,32,44,50,64,64,2,19,133,212,8,4,157,32,32,142,192,28,12,184,92
130,4,18,152,52,161,168,66,30,3,80,18,140,138,48,72,199,11,19,17,50,140,2,215,4,22,154,192,148,72,33,129
38,8,98,206,68,131,195,80,69,0,117,2,112,193,181,36,88,168,19,106,128,162,40,189,16,8,129,136,87,171,112,164
2,149,32,136,147,225,184,99,14,69,72,183,12,62,50,64,111,27,147,149,18,8,20,215,9,6,154,195,148,68,181,82
37,8,98,78,68,131,227,80,69,192,117,2,115,73,183,36,88,224,22,234,136,178,44,136,82,40,1,0,119,187,112,164
3,201,0,140,4,145,140,229,68,64,80,71,32,8,50,224,72,34,18,197,197,8,4,189,32,32,138,128,28,12,184,76
53,0,106,76,68,18,75,80,69,128,119,2,83,73,181,112,120,164,22,234,137,178,36,136,82,169,161,0,119,171,112,160
2,135,32,136,146,161,152,99,6,5,88,183,32,46,34,64,77,11,131,149,50,8,4,215,40,36,138,195,148,12,180,82
18,0,82,136,70,66,232,64,5,0,240,2,8,2,32,64,106,129,23,160,8,131,0,192,144,0,138,129,21,0,33,128
82,0,82,131,70,8,168,64,172,16,178,2,140,10,120,67,110,1,95,129,0,1,1,192,148,32,10,128,5,2,33,128
7,72,99,206,4,128,175,244,68,64,82,194,112,68,181,100,104,96,18,207,193,160,36,237,32,40,170,128,21,187,112,108
130,0,19,153,36,129,168,64,30,17,82,82,140,138,48,200,235,9,19,145,35,148,2,211,4,16,154,200,156,8,57,129
131,199,2,156,148,144,174,231,20,67,88,215,40,42,50,193,76,3,147,197,247,136,4,255,32,38,158,192,29,28,184,28
24,149,24,168,19,193,152,99,4,1,88,162,29,54,32,64,106,27,147,128,82,8,0,213,232,193,170,195,49,8,165,146
3,200,5,156,20,145,138,228,84,64,80,70,32,8,181,225,72,40,18,71,199,40,4,189,32,40,138,128,29,28,56,12
2,128,9,140,4,128,140,37,4,0,80,66,32,10,48,64,72,0,19,129,65,8,0,157,32,32,138,128,20,8,56,8
18,131,0,136,154,193,184,99,134,21,216,163,44,142,98,64,110,27,155,145,18,11,6,213,184,0,142,235,20,4,181,91
0,0,0,136,4,1,8,0,4,0,16,2,0,8,32,64,64,0,2,0,0,0,0,128,0,0,138,0,20,8,16,0
131,193,1,156,20,145,140,165,84,65,80,70,32,40,178,225,72,2,18,197,245,40,36,159,32,32,142,192,28,28,184,76
49,2,98,44,68,19,194,96,65,132,241,143,3,200,183,16,88,168,6,103,140,179,36,156,18,104,128,56,125,174,122,196
2,144,146,153,19,226,56,66,62,1,67,147,12,214,40,72,247,25,147,145,18,148,16,214,13,6,154,199,148,4,37,210
11,200,96,202,4,17,143,180,68,0,20,2,48,9,181,228,72,64,19,74,193,32,44,169,34,8,142,128,23,155,240,44
48,216,120,236,70,197,159,244,4,8,116,2,48,157,48,0,108,249,147,203,194,42,48,189,115,137,170,168,117,152,112,155
2,28,18,154,23,226,186,2,20,1,75,179,108,254,32,64,251,59,147,145,18,136,16,223,1,38,154,67,149,75,37,18
131,193,32,140,132,128,12,39,20,68,88,151,32,44,50,64,64,2,19,133,244,8,4,157,32,32,142,128,20,28,176,92
6,232,0,138,26,193,26,196,134,5,136,163,40,198,97,64,74,121,219,211,2,9,10,253,56,4,139,251,20,31,52,90
1,201,115,201,100,129,239,244,76,0,112,2,176,128,180,100,74,40,18,74,195,184,36,253,100,24,166,0,85,152,241,172
6,143,0,154,144,129,14,166,22,21,89,163,96,110,58,65,93,67,131,199,50,8,8,255,40,6,159,193,148,79,180,72
130,135,0,136,144,161,156,103,4,5,88,179,0,44,50,64,77,19,131,149,50,8,0,183,40,0,138,193,148,76,180,80
3,192,0,136,4,145,140,165,4,64,80,199,32,8,50,192,72,0,19,69,199,40,4,149,32,32,138,192,28,28,184,28
3,135,0,140,148,131,140,107,4,4,89,135,96,200,50,64,88,42,3,165,214,136,4,157,32,0,138,192,28,14,184,76
2,131,32,136,148,129,140,37,4,4,80,135,32,12,50,64,76,3,147,133,210,8,4,149,40,32,142,193,21,12,180,80
3,193,0,136,4,145,140,229,4,64,80,199,32,8,50,192,72,0,19,69,197,40,4,157,32,32,142,128,29,28,152,92
2,138,0,154,20,193,10,224,22,5,80,34,32,194,32,64,88,56,131,192,2,8,8,253,8,38,138,193,20,10,52,10
3,199,32,136,148,129,140,167,4,68,88,135,32,40,50,64,72,2,147,133,212,8,4,221,40,32,142,192,28,12,184,92
2,143,32,138,144,129,138,231,6,5,88,135,32,12,50,64,76,2,131,213,214,8,12,253,40,0,142,193,20,14,188,88
3,199,0,136,148,129,140,231,4,4,88,199,32,40,50,64,76,2,19,197,212,8,4,253,40,32,142,192,28,28,184,76
3,128,99,201,84,179,160,66,84,65,114,82,0,8,180,32,104,8,19,145,134,188,69,215,12,12,146,192,213,12,121,132
2,207,0,140,20,129,142,167,4,5,88,135,32,40,50,64,76,34,147,197,198,8,4,253,40,38,158,192,28,12,184,92
3,203,0,138,148,129,142,229,4,5,80,199,32,40,50,64,76,66,147,197,214,8,12,181,40,36,142,192,29,14,184,92
2,202,32,136,30,193,154,228,6,5,80,167,40,142,50,64,76,57,147,197,66,10,2,253,32,32,138,169,20,12,52,216
163,5,99,204,20,147,160,97,84,64,90,66,96,8,180,228,88,32,18,41,165,184,36,159,2,44,130,128,87,142,112,172
32,193,122,236,86,129,236,117,68,0,116,2,57,11,52,64,106,169,19,200,194,184,0,221,114,169,170,128,117,152,225,136
2,32,16,152,108,133,168,64,142,25,16,0,140,138,112,11,200,9,2,145,2,98,194,208,5,16,218,168,16,8,33,129
18,80,18,140,99,132,184,100,173,8,240,2,44,154,32,64,230,185,151,128,66,139,2,205,177,176,10,138,16,16,33,137
2,193,0,136,132,129,12,37,4,0,80,2,32,2,32,64,72,2,19,128,80,8,0,157,32,32,142,192,20,8,176,8
2,135,32,136,150,225,152,99,4,69,88,163,8,46,50,64,78,19,147,149,18,8,0,213,40,4,138,195,21,12,181,82
3,195,32,140,4,145,142,229,68,64,80,199,32,8,182,64,72,32,19,199,197,40,4,253,32,40,138,128,29,28,248,92
3,143,0,140,20,129,138,231,6,4,88,199,32,40,50,64,72,34,3,69,86,40,4,191,40,36,138,193,28,12,56,8
34,193,98,201,212,147,172,109,68,1,113,2,0,8,188,32,88,136,19,33,210,186,100,221,60,8,138,228,85,14,240,132
3,5,34,142,132,18,142,39,68,66,91,2,32,40,182,224,72,38,18,135,213,184,36,173,34,40,138,128,21,110,248,76
7,141,3,142,148,176,174,175,108,67,90,194,104,106,186,228,113,67,18,239,215,152,44,255,40,38,142,192,157,118,185,68
7,205,99,206,148,144,175,181,68,65,95,66,96,104,188,228,120,98,18,107,209,184,44,253,34,40,142,128,87,255,240,36
3,201,0,140,4,147,140,101,68,64,80,199,32,8,182,224,72,34,18,197,197,168,4,221,32,40,142,128,29,28,248,28
3,179,0,137,18,131,56,107,14,225,88,231,44,134,98,64,118,57,179,149,6,152,5,221,8,4,139,238,156,4,41,153
5,72,107,78,4,2,99,16,100,192,119,2,81,65,177,96,120,100,2,234,129,176,36,40,64,169,163,0,101,179,112,32
3,141,97,201,148,35,143,255,70,225,92,66,16,40,180,100,89,66,19,185,211,56,101,223,40,14,143,196,151,232,240,44
3,193,2,140,20,144,140,101,68,64,82,199,32,8,178,192,72,35,19,133,213,152,4,221,32,32,138,128,29,12,184,28
60,8,106,110,68,146,235,112,68,0,117,2,121,75,177,96,92,224,6,234,136,162,36,172,82,233,162,128,119,171,112,128
32,165,232,201,212,35,207,223,86,163,60,2,17,33,245,36,89,74,19,184,178,58,101,158,104,15,165,164,247,248,240,168
3,193,3,140,20,144,140,101,68,64,80,66,32,40,52,224,72,34,18,193,197,136,4,253,32,40,138,192,29,28,184,12
52,8,66,238,92,131,66,120,5,0,241,10,99,200,53,80,88,168,23,99,8,35,8,188,146,232,129,56,53,171,112,0
59,203,66,172,80,128,76,117,133,4,212,167,41,139,50,80,110,171,151,197,206,139,4,221,242,96,138,136,55,132,56,72
3,193,2,140,132,144,174,165,68,64,80,199,40,8,182,192,104,35,147,197,213,136,4,253,32,40,142,128,29,28,185,28
2,133,2,136,146,224,56,99,12,69,88,163,12,38,32,64,103,27,147,145,18,136,0,213,40,36,138,195,20,4,165,193
24,1,234,229,84,34,105,115,100,129,126,2,83,41,176,96,122,164,55,168,152,184,37,12,70,239,162,128,101,168,112,128
32,200,105,204,84,129,203,244,68,0,116,2,48,9,180,32,72,96,19,203,195,42,36,189,96,40,162,128,85,153,112,168
3,201,1,142,4,144,142,229,4,64,80,199,40,78,180,228,76,35,147,199,197,136,4,253,32,40,142,128,29,30,184,92
1,8,227,205,20,18,235,114,69,192,90,66,112,225,181,228,120,108,50,202,129,176,37,202,0,46,131,128,103,171,112,164
2,16,146,153,38,141,184,64,62,25,82,50,140,154,96,72,231,25,147,17,2,156,2,209,13,16,26,194,148,8,33,129
3,203,130,156,12,144,142,166,212,64,82,199,32,168,183,192,72,106,59,197,196,137,6,249,32,46,222,136,29,60,248,28
41,72,107,79,70,146,239,240,68,0,118,66,113,73,181,224,122,96,22,234,193,176,44,189,102,169,162,128,119,187,112,168
66,149,36,152,139,225,156,167,134,87,200,179,44,174,34,65,79,19,187,129,82,9,6,213,56,34,222,219,20,68,181,90
3,131,32,140,148,129,140,103,4,5,88,135,40,40,50,64,76,35,147,133,214,136,4,221,32,32,138,193,29,12,184,92
50,16,82,172,39,67,82,104,5,8,241,43,71,30,37,16,252,185,159,163,8,163,0,140,145,192,138,187,117,46,118,19
66,240,22,140,26,131,152,104,142,176,144,162,108,214,104,2,118,49,251,241,66,3,138,221,8,0,11,190,20,42,1,145
60,16,106,110,100,7,235,112,68,200,119,34,113,93,177,100,92,48,23,238,200,178,33,140,67,169,160,128,119,171,116,177
2,148,18,152,147,224,48,99,30,1,72,50,12,54,32,64,231,19,147,144,50,136,16,215,9,38,154,67,144,0,165,18
40,0,14,168,76,1,160,64,132,0,240,2,25,8,48,75,104,128,2,161,0,179,0,132,84,225,234,12,53,8,112,128
6,237,128,154,148,161,142,237,22,131,24,18,96,234,121,64,89,106,19,211,114,64,8,191,40,6,143,164,148,123,176,0
3,195,32,136,148,129,140,229,4,4,80,135,32,8,50,64,76,3,147,197,214,8,4,157,40,0,142,193,29,12,184,92
2,135,32,136,150,193,152,99,6,5,88,163,40,46,50,64,76,27,147,149,82,8,0,213,40,0,138,193,20,12,180,66
0,72,6,145,100,137,168,4,174,17,82,2,140,138,97,74,234,41,42,208,2,144,2,208,4,16,154,64,148,25,33,128
56,0,98,65,68,18,232,80,65,32,246,2,75,9,180,36,120,132,21,168,136,178,37,128,82,233,128,132,103,168,112,132
3,201,1,142,4,145,142,164,68,64,80,71,32,8,182,224,72,96,18,199,197,40,4,189,32,40,142,128,29,30,248,28
10,48,51,152,104,133,185,80,143,25,84,32,156,159,224,207,198,25,159,153,131,1,162,209,196,16,42,234,18,128,33,161
8,32,150,185,100,137,185,16,174,17,84,0,157,139,96,72,230,9,63,152,2,48,2,209,196,209,58,200,150,128,1,129
10,32,144,185,100,137,184,0,174,17,80,0,157,138,112,75,230,9,51,145,2,112,130,209,196,209,122,232,148,0,33,129
2,128,50,153,116,161,184,66,30,9,80,18,140,138,52,72,207,11,19,145,178,188,2,215,4,28,154,194,148,8,33,129
35,73,66,140,20,145,138,100,68,64,80,70,32,136,182,224,72,40,18,199,199,168,4,189,32,40,138,128,93,12,120,140
128,32,144,153,102,137,168,0,62,17,80,18,140,130,96,73,227,9,34,144,2,84,2,209,4,16,218,104,148,0,33,129
2,0,2,136,92,130,168,64,132,0,210,2,8,138,56,64,104,41,27,161,2,179,0,213,20,32,138,200,21,8,48,128
3,193,32,140,4,145,140,37,68,68,80,135,32,8,50,64,72,0,19,133,212,8,4,149,32,32,142,192,28,28,184,92
50,0,98,168,86,130,202,96,5,0,211,130,73,206,60,64,126,185,23,163,136,179,0,204,144,233,138,136,53,142,112,128
2,128,18,136,116,129,184,64,172,0,80,2,172,138,48,64,230,57,31,129,66,9,0,213,132,16,138,136,20,8,33,137
2,135,0,136,146,225,152,98,4,5,88,163,8,6,32,64,110,19,147,145,18,8,0,213,8,36,138,195,20,12,36,19
35,200,99,204,84,147,239,116,69,64,82,66,56,8,180,228,104,40,18,200,193,184,36,253,32,40,130,128,87,156,112,172
2,143,34,136,22,193,152,103,4,5,88,163,40,14,50,64,76,59,147,133,82,136,4,221,40,36,138,193,21,12,180,216
128,32,146,153,36,137,40,2,62,19,82,16,140,130,96,72,227,9,51,16,2,244,2,211,4,18,26,64,148,8,33,128
3,193,32,140,20,145,140,101,68,64,80,71,32,8,50,64,72,2,19,5,215,8,4,157,32,32,138,192,28,12,184,76
2,129,0,140,4,129,12,33,4,0,80,2,32,2,48,64,64,2,19,129,80,8,0,213,32,32,138,192,20,8,176,0
2,143,32,136,146,129,158,231,4,68,88,167,40,14,50,64,76,51,147,197,82,8,4,253,40,32,142,193,20,12,180,88
3,192,32,136,4,129,138,164,68,64,80,131,0,12,50,96,72,0,19,197,196,40,4,181,32,32,138,192,21,12,176,92
2,203,32,140,148,129,142,231,4,5,88,135,40,46,50,64,76,35,147,197,210,8,4,253,40,36,142,193,20,12,180,88
2,151,18,136,178,225,56,99,14,13,88,167,140,38,32,64,199,27,147,148,18,136,0,213,44,52,138,195,148,68,165,209
34,203,96,200,20,209,142,229,4,5,84,163,32,12,182,68,72,0,147,205,198,40,36,189,34,8,142,193,87,156,244,236
3,193,32,136,148,129,140,165,4,64,80,131,0,12,50,64,72,2,19,5,212,8,4,149,40,32,142,192,20,28,144,88
2,135,0,136,148,129,12,231,4,5,88,131,40,46,50,64,76,3,147,197,82,8,0,245,40,32,142,193,20,12,180,72
130,16,146,152,38,1,184,64,30,27,16,50,140,146,96,73,231,25,51,144,34,68,2,194,0,18,90,170,148,8,33,129
2,193,8,136,132,129,140,37,4,0,80,2,0,8,48,64,72,2,19,1,80,8,0,149,32,32,138,192,20,8,144,0
34,227,64,136,210,193,156,229,4,5,80,163,8,142,38,0,78,155,131,129,82,10,0,213,56,0,142,235,21,12,164,203
130,48,144,144,46,128,184,64,158,27,16,50,140,154,96,75,167,25,51,17,34,68,130,192,4,18,90,170,148,0,33,129
3,201,33,142,20,144,143,180,68,64,80,70,112,96,181,228,72,98,18,207,197,168,44,253,32,40,142,128,29,191,112,108
194,48,20,144,105,5,184,64,138,24,16,24,140,158,96,11,134,25,179,1,2,67,130,192,5,144,90,170,16,0,35,131
2,193,0,136,132,129,12,37,4,64,80,135,32,14,50,64,76,3,147,133,80,8,0,149,32,32,138,192,20,12,176,88
2,52,144,128,19,229,144,66,142,1,136,51,12,182,96,8,207,25,147,144,2,7,16,210,9,4,26,123,144,72,37,146
3,201,0,140,4,145,140,37,68,64,80,7,32,40,182,64,72,34,18,197,197,40,4,157,32,40,142,128,28,12,184,12
54,0,66,130,68,2,234,72,9,0,177,2,72,8,60,2,120,129,23,163,8,51,9,192,16,8,138,132,37,10,113,128
2,193,0,136,132,129,12,37,4,0,80,2,32,10,32,64,64,2,19,128,80,8,0,149,32,32,142,192,20,8,176,8
8,148,16,168,213,165,120,50,45,9,90,0,12,19,32,64,229,19,6,16,18,8,16,213,75,222,18,66,146,0,32,3
3,129,32,140,20,144,140,39,4,64,88,199,32,8,50,64,72,2,19,133,213,136,4,221,32,32,138,128,29,12,184,92
3,193,99,204,4,128,173,165,68,64,82,66,32,8,180,228,104,34,18,205,193,168,36,221,32,40,142,128,21,28,240,108
134,141,0,142,132,0,6,167,4,130,88,2,96,104,56,64,81,98,19,3,112,8,8,170,40,38,143,128,148,122,144,8
34,201,104,204,4,145,207,245,68,0,84,2,48,9,180,96,72,32,19,201,193,40,36,253,98,41,162,128,117,152,112,168
58,195,96,168,4,193,76,37,5,68,80,163,33,15,50,64,68,147,151,133,92,8,4,149,162,225,138,193,54,140,180,80
3,200,3,140,4,144,142,164,68,64,80,66,32,8,177,224,72,96,18,197,197,40,4,189,32,32,138,128,29,28,48,44
2,200,4,152,20,129,138,230,22,1,80,2,32,8,48,64,72,34,19,193,66,40,2,189,32,38,154,192,21,8,48,8
2,0,0,136,4,0,136,0,4,0,80,2,0,8,48,64,72,0,19,1,0,32,0,144,0,32,138,128,20,8,48,0
2,132,0,136,19,225,24,66,6,5,8,179,8,166,34,64,73,19,147,145,50,8,0,214,9,4,154,195,148,76,52,82
0,0,0,136,4,1,0,0,4,0,80,2,0,2,32,64,72,0,2,0,0,0,0,145,0,32,130,0,20,8,48,0
3,72,35,140,4,16,130,12,68,64,80,66,32,8,181,228,88,96,18,195,133,160,37,169,32,40,138,128,93,61,120,44
3,193,0,140,4,145,140,165,68,64,80,199,32,8,178,192,72,2,18,69,197,40,4,157,32,32,142,128,28,28,184,28
2,149,16,140,151,192,188,103,12,1,88,34,44,62,32,64,102,19,147,129,82,8,16,213,41,32,138,67,20,8,165,10
3,193,0,140,4,145,140,165,68,64,80,199,32,8,50,192,72,2,19,5,197,40,4,157,32,32,142,128,28,28,184,28
2,195,32,136,20,129,12,229,4,4,80,135,32,8,50,64,72,10,19,197,210,8,4,189,32,0,142,192,28,12,184,88
3,193,0,136,20,129,140,165,6,65,80,7,32,8,50,64,64,2,19,197,214,8,4,189,40,32,142,192,28,12,184,24
3,193,0,140,4,145,140,229,68,64,80,71,32,8,50,192,72,0,19,133,197,8,4,157,32,32,142,192,28,12,184,28
3,193,0,140,148,145,4,165,68,65,80,199,32,40,50,192,64,2,19,69,213,8,4,189,40,32,142,192,28,28,184,28
3,200,97,140,4,145,142,228,68,64,80,66,32,8,180,228,72,32,18,65,199,40,36,189,32,40,138,128,93,28,240,76
3,72,33,140,4,16,142,164,68,64,80,66,32,8,183,228,72,96,18,77,197,32,36,185,32,40,138,128,20,29,56,108
2,48,144,152,51,165,184,66,30,11,80,50,12,150,96,72,231,25,147,144,2,4,18,210,9,20,26,202,144,0,33,131
32,32,16,128,100,9,168,64,10,0,16,10,140,138,112,0,202,9,2,129,2,50,128,192,4,16,10,40,21,8,3,128
60,8,98,108,68,2,194,80,69,128,119,2,67,73,181,64,88,164,6,170,136,178,4,136,66,233,160,0,119,171,112,128
2,192,32,140,4,128,132,37,68,64,80,2,32,8,48,64,72,0,19,1,192,40,4,149,32,32,138,128,21,28,176,64
2,135,0,136,146,225,24,35,4,5,88,163,8,38,48,64,68,19,147,145,18,8,0,213,8,0,138,193,148,12,180,80
33,72,99,204,4,128,135,244,68,0,84,2,48,8,181,100,72,96,18,75,193,32,36,189,32,40,130,0,85,185,112,172
2,195,0,136,132,129,12,37,4,68,80,135,0,12,50,64,64,0,19,133,208,8,0,149,40,32,142,192,28,12,184,88
0,193,0,140,4,129,4,37,4,0,80,2,32,8,48,64,64,0,19,1,80,8,0,149,32,32,142,64,28,24,152,8
2,131,2,136,82,193,184,101,4,5,80,163,40,142,32,64,78,59,147,128,82,138,2,221,48,36,154,203,21,12,165,154
50,129,66,172,84,131,104,100,5,0,242,2,43,10,52,64,120,169,23,225,72,187,0,221,176,232,138,128,53,136,112,136
34,0,66,136,92,131,168,104,132,0,208,2,32,138,52,64,88,40,19,161,66,171,2,157,0,40,138,200,21,8,112,136
0,200,2,137,68,129,40,101,140,0,82,2,168,138,32,64,106,41,10,128,66,184,2,213,4,48,138,0,20,8,33,136
42,72,106,238,86,129,234,112,5,64,116,131,57,15,181,64,110,168,23,206,194,170,4,253,66,105,162,128,55,143,112,200
130,216,18,152,23,135,184,68,30,1,80,18,44,154,32,64,238,57,19,129,2,156,18,223,1,52,154,2,16,8,33,139
48,201,2,142,84,128,74,96,5,0,208,2,43,138,48,80,104,169,6,195,74,171,0,253,176,224,138,8,20,10,48,136
2,140,18,136,19,195,184,102,4,1,88,162,44,150,32,64,110,59,147,128,2,152,0,223,1,36,154,195,20,8,37,139
2,192,32,140,4,129,12,37,68,64,80,3,32,8,48,64,64,0,19,5,208,8,4,149,32,32,138,192,20,12,144,72
3,137,3,140,148,145,142,229,68,64,82,199,32,12,178,224,72,34,18,69,215,168,36,189,40,32,142,192,28,12,152,92
0,0,0,136,4,1,0,0,4,0,16,2,0,0,32,64,72,0,2,0,0,0,0,128,0,0,130,0,20,8,48,0
131,197,0,140,132,0,12,167,20,68,88,151,32,40,50,65,64,2,19,197,228,8,4,157,32,32,142,128,28,92,184,88
3,201,97,140,148,144,142,167,68,64,88,66,32,40,180,228,72,98,18,71,215,40,44,189,40,40,142,192,85,28,240,108
3,201,1,140,132,144,142,165,68,64,80,66,32,8,180,228,72,66,18,75,213,40,12,181,32,40,142,128,93,28,248,44
3,193,0,140,132,16,142,165,68,64,80,71,32,8,178,224,72,98,18,199,197,40,4,189,32,32,142,128,28,28,184,12
2,36,2,128,20,160,40,2,46,1,90,2,76,34,56,64,115,3,19,145,18,152,0,212,12,4,138,192,132,64,33,0
164,0,130,156,76,0,130,200,22,18,81,18,64,200,120,9,88,72,34,99,2,102,11,176,0,2,195,12,85,41,48,128
3,193,32,140,148,145,140,165,68,68,80,135,32,44,50,96,72,2,19,197,213,8,36,149,40,32,142,192,28,28,184,92
130,4,18,152,52,161,184,66,30,11,80,18,140,138,48,72,199,11,19,17,50,140,2,215,4,54,154,194,148,8,33,129
35,72,99,206,68,145,138,224,68,64,80,66,32,72,181,164,88,104,18,203,197,162,36,189,34,8,138,128,85,63,120,172
2,133,32,136,150,225,152,99,6,69,88,163,40,46,50,64,111,3,147,149,18,8,4,213,40,4,138,193,149,76,181,82
37,8,98,78,68,131,227,112,69,192,117,2,115,73,181,36,88,232,23,234,136,178,44,172,82,40,33,8,119,187,112,160
3,201,0,142,4,145,140,101,4,64,80,199,96,8,50,224,72,34,19,197,197,8,4,221,32,0,138,128,28,14,184,92
35,72,99,12,4,144,207,244,69,64,82,70,32,72,183,228,72,96,18,207,197,160,36,253,32,40,130,128,95,189,112,236
41,72,106,204,4,130,227,112,68,64,118,2,48,9,181,100,72,32,19,203,129,176,36,237,66,41,162,0,119,153,112,168
3,195,2,140,148,145,140,37,4,68,80,199,32,8,178,192,76,35,131,133,214,136,4,221,32,32,138,193,29,12,184,92
130,136,16,154,23,225,154,66,22,5,81,179,44,158,32,64,75,25,147,145,34,12,8,247,0,6,154,195,20,13,53,83
50,0,82,224,7,66,200,64,5,0,242,2,9,10,36,64,122,129,23,160,8,147,16,200,145,200,138,1,53,8,96,128
130,0,19,153,36,133,184,64,30,25,80,82,140,138,112,201,231,9,19,145,35,20,2,215,4,16,154,202,148,8,57,129
131,205,2,140,4,144,174,167,4,66,90,199,40,40,178,224,76,35,19,199,229,140,4,255,32,32,142,128,29,28,184,28
3,200,4,140,28,145,140,228,196,64,80,199,32,8,50,225,72,40,26,197,199,9,4,189,32,32,138,128,28,28,56,140
26,131,2,168,18,193,156,103,4,5,216,163,45,14,32,64,74,27,135,128,90,8,0,149,168,193,170,195,53,12,165,67
56,72,98,236,68,19,206,84,69,160,244,2,3,9,181,96,88,168,23,232,200,178,36,140,114,233,160,128,119,186,112,136
2,8,43,140,4,0,137,96,68,128,80,2,48,9,49,64,72,32,19,1,128,160,0,13,64,32,170,128,21,40,48,40
0,0,0,136,4,1,8,0,4,0,80,2,0,10,32,64,64,0,2,0,0,32,0,128,0,0,138,0,20,8,16,0
131,193,4,156,20,144,140,165,84,81,80,199,32,8,50,225,72,2,18,197,247,40,4,157,40,32,206,192,29,12,184,92
57,10,98,46,68,147,202,112,65,68,117,143,99,200,183,0,88,168,135,111,204,178,36,157,82,105,160,137,119,175,118,196
3,201,97,206,132,17,143,245,68,64,84,66,32,8,180,228,72,64,18,203,193,40,44,161,34,40,142,128,23,154,240,44
32,217,120,204,70,133,159,244,4,8,116,34,48,157,52,0,76,120,19,202,192,42,48,253,115,9,170,168,85,152,112,187
2,132,146,136,151,226,186,66,22,5,75,179,76,254,32,64,123,59,147,145,18,136,0,223,8,38,138,195,148,74,53,18
131,193,32,140,132,144,140,165,84,64,80,23,32,8,178,96,72,2,19,197,228,40,36,159,32,32,142,128,21,28,176,76
18,248,16,138,27,193,26,196,134,1,128,171,44,214,97,64,74,185,219,211,74,11,26,245,185,4,139,123,20,27,37,218
6,143,4,154,146,193,26,166,22,21,88,163,96,110,42,65,73,83,131,209,50,72,10,253,40,6,223,195,148,15,180,72
2,131,0,136,148,129,140,37,4,4,80,135,0,10,50,64,76,2,131,133,82,8,0,213,40,32,138,193,20,12,180,72
130,135,0,136,144,225,158,231,4,5,88,179,8,46,34,64,79,19,131,133,50,8,8,247,40,0,142,193,148,76,180,80
2,131,32,136,148,129,140,101,4,4,80,135,32,14,50,64,76,2,147,133,210,8,4,213,40,32,142,193,20,12,180,88
2,193,0,140,4,129,140,37,4,0,80,2,32,8,48,64,72,2,19,129,80,40,0,157,32,32,138,128,20,8,176,8
3,195,32,140,132,129,140,229,4,68,80,135,32,8,50,64,72,2,19,133,214,40,4,157,32,32,142,192,29,28,184,92
3,143,32,138,20,131,142,97,4,4,89,135,96,72,58,64,92,42,131,229,214,8,12,157,32,0,138,193,28,14,184,220
130,207,0,140,148,129,140,167,4,5,88,135,32,42,50,64,76,3,147,197,244,8,4,253,32,32,142,193,28,28,184,92
3,201,0,136,148,145,142,229,68,64,80,199,32,8,178,64,72,2,19,197,214,40,4,189,32,32,142,192,29,28,184,92
2,72,0,154,29,193,154,96,134,0,80,34,32,218,49,64,72,41,147,195,66,2,10,253,17,4,138,171,21,11,52,138
32,128,99,201,84,187,160,66,92,1,122,82,136,8,180,224,104,10,19,145,147,184,69,215,4,12,154,64,213,8,113,132
2,207,32,136,20,129,142,167,20,5,88,135,32,42,50,64,76,35,147,197,214,8,4,253,40,38,158,192,28,12,184,76
2,143,32,138,148,129,142,167,6,5,88,135,32,10,50,64,76,3,147,213,214,8,12,245,40,4,142,193,28,14,184,88
2,202,34,136,30,193,154,229,6,5,208,163,40,142,50,64,76,57,147,197,66,10,2,245,32,32,138,233,20,12,53,219
50,72,2,138,95,197,154,224,4,0,208,2,40,158,49,64,204,185,147,195,74,11,18,253,177,0,138,40,21,27,49,138
3,203,0,142,148,145,142,165,4,65,80,199,96,40,178,192,76,67,147,199,213,8,12,189,32,32,142,192,29,30,184,28
34,149,122,200,214,229,153,82,15,9,124,34,24,31,36,0,239,27,19,145,146,10,48,213,11,24,138,227,21,8,113,147
98,0,112,200,108,0,200,0,73,0,176,10,136,8,84,2,74,129,23,129,136,34,192,192,22,24,138,184,53,8,82,128
130,197,0,140,132,129,142,167,4,0,88,2,32,40,48,64,72,2,19,193,80,8,0,183,32,32,142,192,20,28,176,8
2,135,32,136,150,193,156,103,4,69,88,163,8,46,50,64,78,3,147,133,82,8,0,213,40,0,138,195,20,12,180,88
2,143,0,140,20,129,138,231,4,4,88,199,32,40,50,64,76,34,131,133,102,8,0,191,40,38,154,193,20,12,56,8
3,13,34,142,132,178,142,39,68,66,91,3,32,40,182,96,72,102,19,199,212,168,36,173,32,40,142,128,21,78,176,76
2,184,80,138,119,201,178,64,15,0,113,42,44,222,100,16,250,57,130,66,66,26,26,253,53,20,10,107,17,11,39,139
3,201,64,140,4,145,140,101,68,64,80,199,32,8,182,224,72,32,18,205,197,168,4,253,32,40,142,128,29,28,248,28
7,133,35,136,148,146,174,175,76,64,90,66,104,104,188,228,121,67,18,239,215,152,45,255,40,46,143,196,157,118,185,108
2,52,128,144,147,225,16,66,22,87,8,183,12,190,98,8,201,27,131,145,50,76,18,210,9,22,154,107,144,68,37,210
3,179,0,137,26,131,184,75,14,225,88,231,44,142,114,64,126,57,147,149,150,26,5,221,12,4,155,234,28,12,41,157
3,129,1,137,22,147,168,111,14,225,88,199,108,174,176,224,119,11,19,181,151,152,5,221,40,6,143,196,157,12,57,93
3,133,97,201,150,51,175,239,86,224,88,66,88,106,180,228,123,14,18,185,147,152,37,223,40,14,143,196,151,236,240,108
3,195,2,140,20,144,140,101,68,64,82,199,32,8,182,192,72,35,19,133,213,136,4,221,32,40,138,128,29,28,184,28
60,0,98,238,68,2,74,80,69,128,241,2,91,201,53,80,120,168,6,226,136,163,8,140,210,233,160,8,119,171,98,128
35,176,161,129,22,147,168,71,6,97,88,231,168,140,210,160,110,9,147,149,151,152,69,213,12,4,154,224,157,12,25,220
40,165,232,201,212,35,207,255,86,163,124,2,80,33,253,36,89,14,18,184,179,186,101,158,108,14,167,228,247,232,240,168
3,193,3,140,20,144,142,101,68,64,82,70,32,40,180,224,72,34,18,193,199,136,4,253,32,40,138,128,29,28,184,12
130,122,166,150,107,193,184,64,158,222,81,167,44,222,103,11,238,57,179,135,194,214,130,192,16,18,222,171,5,52,37,219
3,193,2,140,132,144,174,37,68,64,82,199,40,8,182,224,108,35,19,199,213,136,4,253,32,40,142,128,29,28,185,28
60,8,66,238,68,131,66,120,5,128,241,2,99,201,53,80,88,232,23,227,8,163,8,189,146,233,161,24,119,187,112,128
3,201,1,142,4,144,142,229,68,64,80,199,104,78,180,228,92,35,147,231,197,136,4,253,32,40,142,128,29,30,184,92
56,1,234,197,84,2,107,113,68,128,126,2,81,33,177,96,120,164,23,168,152,176,37,12,86,173,160,128,103,170,112,160
2,0,146,145,118,136,184,64,62,25,82,18,140,138,112,72,230,41,19,17,2,188,2,209,4,16,26,194,148,0,33,129
67,203,194,156,12,144,142,166,214,64,82,199,32,168,182,192,72,106,58,197,197,169,6,249,32,46,222,136,29,60,120,28
60,8,106,108,68,18,235,80,68,128,116,2,115,73,177,96,120,168,23,234,136,178,36,140,82,233,160,0,119,171,112,160
41,72,107,79,70,146,239,240,68,64,118,66,113,73,181,228,122,224,22,234,193,176,109,189,102,41,162,128,119,187,120,168
2,131,36,156,138,193,156,231,134,87,88,163,40,172,50,65,79,19,187,133,82,9,6,213,32,38,222,203,21,76,180,90
3,195,34,140,148,145,140,101,68,64,80,199,32,40,182,64,76,35,19,133,212,136,4,221,32,40,138,128,29,12,184,220
44,8,122,78,100,151,203,112,69,136,119,2,121,77,177,100,94,176,23,234,201,178,40,141,98,233,160,128,119,187,112,161
50,16,82,172,38,67,80,104,5,8,241,43,79,28,33,16,254,185,159,163,8,163,0,140,144,224,136,187,53,46,54,83
66,112,22,140,10,131,152,72,142,160,144,170,108,222,32,2,126,49,219,225,64,3,2,221,16,0,11,190,20,42,37,145
60,16,106,78,100,7,235,112,68,200,119,34,83,93,177,100,92,176,23,238,136,178,33,140,67,233,160,128,119,171,116,179
3,139,32,136,148,129,140,231,4,4,88,135,32,40,50,64,76,35,147,197,214,8,4,221,40,32,142,193,29,12,184,220
2,148,18,152,147,228,56,35,30,9,74,18,12,182,32,64,231,27,179,144,18,136,18,215,9,54,26,67,144,0,165,19
56,0,70,168,76,1,160,88,132,0,208,2,25,8,48,75,104,128,10,161,0,179,0,132,84,233,234,12,53,8,112,128
6,173,128,158,148,131,142,232,22,131,24,2,96,232,121,64,89,106,19,243,114,96,8,191,40,6,207,164,148,122,176,128
2,148,18,152,147,229,48,99,30,1,72,18,44,54,32,64,231,19,147,144,50,136,16,215,41,38,154,67,144,64,165,18
58,18,98,108,68,83,208,120,69,68,241,175,67,12,55,16,124,184,135,163,140,179,36,140,146,233,160,135,119,174,118,212
0,72,6,145,100,136,168,4,174,17,82,2,140,138,97,74,226,41,42,208,2,144,2,240,4,16,154,64,20,25,33,128
61,2,98,232,68,18,72,80,69,4,246,134,11,9,190,148,120,136,134,172,140,178,37,140,146,201,128,132,111,174,118,196
61,0,98,68,68,18,235,80,69,192,119,2,81,73,181,100,120,164,22,170,141,178,37,136,66,233,161,132,103,174,112,164
3,203,0,140,148,145,142,229,68,64,80,199,32,8,178,192,72,66,147,199,199,8,4,253,32,32,142,192,29,28,248,28
11,32,81,201,110,153,105,16,175,17,20,66,141,131,224,228,102,137,31,152,3,0,34,209,132,216,138,232,54,128,41,165
2,193,32,136,4,129,140,101,4,0,80,2,32,8,48,64,72,2,19,129,208,8,0,157,32,32,138,192,20,8,176,8
8,0,212,185,38,137,185,16,174,17,84,0,157,131,96,74,102,9,63,24,2,56,2,209,198,209,58,200,150,136,1,129
2,193,32,140,4,129,140,229,68,64,80,131,32,12,48,96,72,2,19,133,208,8,4,149,32,32,138,192,20,28,176,76
60,64,106,225,68,2,74,80,65,32,247,10,19,11,49,80,122,140,6,234,136,178,65,140,210,233,160,132,103,187,112,128
2,135,32,136,146,129,152,35,6,69,88,167,8,46,50,64,78,19,147,133,210,8,4,213,40,0,142,193,20,12,181,80
10,32,146,185,100,137,184,64,190,25,80,16,157,138,96,72,231,9,55,145,2,92,2,209,132,209,122,234,148,0,1,129
2,131,34,136,215,193,152,103,6,5,88,163,40,142,50,64,78,27,147,129,82,10,4,213,32,4,138,235,21,12,180,218
2,135,32,136,150,224,156,99,4,5,88,163,8,46,50,64,78,19,147,149,82,8,4,213,40,32,138,195,20,12,181,80
2,128,114,153,116,161,184,66,94,17,80,18,172,138,52,72,239,9,19,145,178,188,2,215,4,28,154,200,148,8,33,129
130,32,144,153,102,169,184,2,62,17,82,18,141,130,96,73,227,9,34,144,2,92,2,209,132,208,90,192,148,0,33,129
32,0,106,205,84,131,233,112,68,0,119,2,81,11,180,96,120,168,23,168,201,178,37,220,66,169,162,128,117,138,112,160
2,0,2,136,84,130,168,64,132,0,210,2,8,138,56,64,104,137,27,161,2,147,0,196,20,32,138,200,21,8,49,128
3,195,32,140,148,129,140,37,4,68,80,135,32,12,50,64,76,3,147,133,214,8,4,213,40,32,142,192,28,12,184,92
3,72,99,204,70,146,171,84,68,64,86,194,56,12,181,100,110,97,19,207,129,160,36,237,32,40,170,128,55,189,113,252
2,135,0,136,146,224,152,99,4,5,88,163,40,46,32,64,76,19,147,129,18,8,0,213,40,36,138,193,148,12,181,80
62,0,66,234,84,130,74,112,5,0,241,2,75,203,53,64,122,169,23,162,8,147,0,204,146,233,170,136,55,171,112,128
2,128,18,136,44,133,184,64,140,9,80,2,172,138,48,64,238,41,27,129,66,9,2,213,4,16,138,202,20,8,33,137
3,200,99,204,84,147,174,116,68,64,82,66,40,8,180,228,104,40,18,205,197,184,36,253,32,40,138,128,87,156,112,236
2,159,34,136,22,225,184,99,4,5,88,163,40,14,34,64,110,59,147,129,18,136,0,223,40,36,138,195,20,12,181,218
128,0,146,153,36,169,40,2,62,27,82,16,140,130,96,72,227,9,19,16,34,188,3,211,4,22,26,64,144,8,33,129
2,129,0,140,4,128,12,37,4,0,80,2,32,34,48,64,64,2,19,129,80,8,0,213,32,32,138,192,20,8,176,0
3,193,32,140,20,145,140,101,68,64,80,71,32,8,50,224,72,2,19,5,199,8,4,157,32,32,138,192,28,12,184,76
2,159,18,136,147,192,56,231,4,5,90,163,44,158,32,64,102,51,147,129,82,136,0,253,40,36,138,195,20,4,165,91
2,135,32,136,146,225,152,99,6,5,88,167,8,46,50,64,77,19,147,149,18,8,0,213,8,4,138,193,148,76,180,80
3,203,32,136,20,145,142,229,4,68,80,135,32,8,54,64,72,34,19,197,214,168,4,189,40,40,142,192,29,12,184,220
3,192,32,136,4,129,140,164,68,64,80,131,32,12,50,96,72,0,19,197,212,40,4,181,32,0,138,192,21,12,176,92
2,143,32,136,146,129,156,231,4,5,88,163,40,46,50,64,78,51,147,197,210,8,4,253,40,36,142,193,20,12,180,88
2,151,18,136,178,225,56,99,14,13,88,167,140,38,32,64,231,27,147,148,18,152,0,213,12,52,138,195,148,4,165,145
34,195,96,200,20,209,158,229,68,5,84,163,32,12,182,68,72,2,147,197,214,40,36,189,34,8,142,193,87,156,244,236
3,193,32,140,132,145,140,165,4,64,80,131,32,12,50,96,72,2,19,5,212,8,36,157,32,32,142,192,20,28,144,92
3,145,48,136,151,213,184,103,78,65,72,3,12,28,50,96,236,27,147,145,214,40,48,213,41,20,138,66,149,12,177,214
2,203,0,136,148,129,140,231,4,5,88,135,32,42,50,64,76,3,147,197,86,8,0,253,40,32,142,193,20,28,184,72
130,20,144,152,50,161,184,66,30,3,16,50,12,146,96,72,231,25,147,144,34,4,2,210,8,22,154,194,148,64,33,131
34,203,64,136,212,129,156,229,4,5,80,175,32,142,50,0,76,139,131,197,82,10,0,253,56,0,142,233,21,28,180,200
2,193,8,136,132,129,140,165,4,0,80,2,16,8,48,64,72,2,19,1,64,40,0,149,32,32,142,192,20,24,144,8
2,147,32,136,148,129,140,37,4,68,80,167,32,14,50,64,76,19,147,133,210,8,0,213,40,32,138,193,20,12,180,88
2,151,16,136,147,225,152,66,6,1,24,163,12,62,32,64,79,19,147,145,18,8,0,215,9,4,154,195,148,76,53,19
2,133,0,137,148,163,40,35,12,1,90,2,160,34,48,64,65,34,19,129,18,152,65,221,44,54,154,192,148,72,176,0
3,193,32,136,4,129,140,101,4,64,80,135,32,12,50,96,76,2,19,133,214,8,4,157,32,0,138,192,20,12,176,92
3,201,33,142,20,144,143,180,68,64,80,198,112,44,183,228,72,98,18,207,197,40,44,253,32,40,142,128,29,191,112,124
2,37,4,136,155,225,144,66,134,21,8,163,12,166,96,64,75,27,139,145,18,9,2,212,9,4,138,227,148,76,37,210
2,135,32,140,148,129,12,39,4,5,88,135,32,46,50,64,76,2,131,133,214,8,4,157,40,32,142,193,20,12,180,76
54,0,98,230,68,2,202,80,65,128,247,2,75,73,61,64,120,224,21,235,136,179,12,200,18,232,129,132,103,187,112,128
0,193,0,136,148,129,140,229,4,0,80,2,32,8,48,64,72,2,19,129,82,40,0,149,40,32,142,64,20,8,144,8
3,194,4,156,12,129,140,228,6,20,80,135,32,136,50,65,72,0,35,197,198,40,6,181,32,34,218,192,29,28,152,140
8,4,18,216,117,165,120,82,15,9,126,16,140,131,32,76,193,10,2,24,34,140,0,214,79,223,18,194,146,128,32,1
3,73,35,140,4,16,141,37,68,64,82,66,32,8,180,228,104,34,18,205,197,168,36,205,32,40,138,128,21,28,112,108
3,193,3,204,4,144,172,37,68,64,82,66,32,40,180,228,104,34,18,73,197,168,36,221,32,40,142,128,29,28,248,44
3,193,35,140,4,144,140,101,68,64,80,199,32,12,182,224,72,34,19,133,197,136,36,157,32,40,138,128,28,28,184,76
132,141,0,142,132,0,6,167,4,130,72,2,96,98,56,64,81,98,2,35,112,8,8,171,40,38,143,0,148,122,144,8
32,200,104,204,68,145,206,244,68,0,116,2,49,9,180,96,72,160,19,202,192,40,32,189,98,169,162,128,117,152,112,136
58,195,96,168,148,193,92,37,5,68,84,163,33,15,50,64,68,147,151,133,92,8,4,149,162,97,138,193,54,140,180,82
3,72,3,204,4,144,142,164,68,64,80,66,32,8,181,228,72,96,18,199,193,160,36,253,32,40,138,128,29,60,48,44
0,32,18,136,116,132,184,64,45,8,112,2,12,154,32,64,238,41,6,144,2,179,0,192,145,144,10,42,16,0,33,131
2,0,0,136,4,1,8,64,4,0,0,2,0,2,48,64,72,0,19,129,0,0,16,144,1,0,138,0,20,8,48,0
3,139,0,138,4,129,142,161,4,4,89,135,64,72,58,64,88,2,19,199,212,40,12,181,32,32,139,192,28,14,176,64
3,195,0,140,4,145,140,165,68,64,80,199,32,8,178,192,72,2,19,69,197,40,4,157,32,32,142,128,28,28,184,28
2,145,18,136,150,193,156,231,4,1,88,162,40,30,32,64,78,19,147,129,82,136,0,213,40,32,142,195,21,8,181,27
3,193,0,140,4,145,140,165,68,64,80,199,32,8,50,192,72,2,19,5,197,40,4,157,32,32,142,128,28,28,184,28
2,195,32,136,20,129,12,229,4,5,80,135,32,8,50,64,72,10,19,197,210,8,4,189,32,0,142,192,28,28,176,200
3,195,0,136,20,129,140,165,6,1,80,135,32,8,50,64,64,0,19,197,214,8,0,157,40,32,142,192,28,12,184,24
3,193,0,140,4,145,140,229,68,64,80,71,32,8,50,192,72,0,19,133,197,8,4,157,32,32,142,192,28,12,184,28
3,193,0,140,148,145,12,165,4,65,80,199,32,40,50,64,64,2,19,69,213,8,4,157,40,32,142,192,28,28,184,28
2,131,0,136,144,129,12,101,4,5,80,135,8,14,50,64,76,19,147,133,82,8,0,213,40,32,138,193,20,12,180,80
3,200,97,140,4,145,142,228,68,64,80,66,32,8,180,228,72,32,18,67,197,40,36,189,32,40,138,128,93,28,112,76
3,195,0,136,132,129,140,229,4,68,80,135,32,12,50,64,76,2,19,133,214,8,4,213,32,32,142,192,29,12,184,92
2,16,18,152,51,229,56,66,30,9,72,50,12,150,32,72,231,25,147,144,18,12,16,215,9,6,26,194,144,64,33,3
3,193,32,140,4,17,140,165,68,64,80,67,32,8,178,224,72,66,18,197,197,8,36,189,32,32,142,128,28,28,184,76
3,200,32,140,4,145,142,228,68,64,80,71,32,8,183,224,72,96,18,199,197,40,4,189,32,40,138,128,29,28,56,76
38,0,98,78,4,18,194,0,69,128,119,2,96,73,189,64,88,228,19,106,128,160,44,168,2,40,129,128,87,171,112,0
60,8,98,76,68,18,194,80,69,128,119,2,115,73,181,64,88,160,6,106,136,178,36,136,66,233,160,0,119,171,112,128
2,135,0,136,146,225,24,35,4,5,88,163,8,38,32,64,68,19,147,145,18,8,0,213,8,0,138,193,148,12,180,80
0,129,0,140,4,129,4,37,4,0,80,2,32,10,48,64,72,2,19,1,80,8,0,149,32,32,138,0,20,8,144,0
2,131,32,136,132,129,12,37,4,68,80,135,0,12,50,64,64,2,19,133,208,8,0,149,40,32,142,192,20,12,180,80
3,193,32,140,132,129,12,37,4,68,80,135,32,12,50,64,64,0,19,5,212,8,4,149,32,32,142,192,20,12,144,80
2,192,0,140,4,128,132,165,4,0,80,70,32,2,32,64,64,0,2,0,64,8,0,149,32,32,142,128,28,24,152,8
3,201,2,140,20,129,136,102,68,64,88,199,32,136,50,64,72,42,19,197,199,136,4,253,32,36,138,128,28,12,56,156
2,129,18,136,83,193,152,99,4,1,88,162,44,150,32,64,106,59,147,128,82,138,0,213,48,36,154,203,20,8,165,154
50,137,66,172,68,130,104,96,5,0,242,2,43,10,52,64,104,169,23,225,72,187,0,221,176,232,138,128,53,136,112,136
34,0,98,200,92,131,168,104,132,0,208,130,32,140,52,64,88,41,19,161,194,187,0,157,16,40,138,200,21,8,112,128
0,200,2,137,100,129,168,101,140,0,80,2,172,138,32,64,106,41,10,128,66,152,2,221,4,48,138,8,20,8,33,136
10,8,106,206,70,145,235,112,4,64,84,135,57,15,183,96,110,41,19,206,128,162,36,253,66,41,170,128,55,143,112,249
130,208,18,152,23,197,184,68,30,9,80,18,44,154,32,64,238,57,19,129,34,156,18,223,1,20,154,66,16,8,33,139
50,200,66,174,84,128,74,96,37,0,208,2,43,138,48,80,104,168,23,195,74,139,0,253,176,224,138,200,53,138,112,136
2,193,0,136,4,129,12,37,4,0,80,2,32,8,48,64,64,0,19,1,80,8,0,149,32,32,142,192,28,8,152,8
1,193,99,200,20,147,169,117,68,64,118,66,48,8,180,100,108,40,18,201,195,184,36,221,32,40,170,192,85,136,241,172
3,137,35,140,20,147,142,101,68,64,82,199,32,12,178,224,72,34,18,69,215,184,36,189,40,32,142,192,28,12,184,92
0,0,0,136,4,1,8,0,4,0,16,2,0,8,32,64,72,0,2,0,0,0,0,128,0,0,138,0,20,8,48,0
131,197,32,156,132,0,12,167,20,84,80,151,32,44,50,65,64,2,19,133,228,8,4,159,32,32,142,128,28,92,184,88
3,201,97,140,148,145,142,167,68,64,88,66,32,40,180,228,72,98,18,69,215,40,36,189,40,40,142,192,21,28,240,108
3,201,1,140,132,144,142,165,68,64,80,66,32,40,180,228,72,66,18,75,213,40,12,189,32,40,142,128,93,28,248,12
3,201,0,140,132,16,142,37,68,64,80,71,32,8,50,96,72,66,18,199,197,40,4,189,32,32,142,128,28,28,184,12
6,5,0,128,148,163,10,136,6,1,25,2,64,64,41,64,81,34,19,48,18,0,8,156,8,4,139,196,148,75,16,0
2,133,18,128,150,160,40,42,12,1,90,2,76,98,56,64,119,3,19,145,18,152,0,213,8,4,138,192,148,0,33,0
33,72,104,204,4,0,195,180,68,0,116,2,48,1,181,100,72,96,18,74,193,32,36,185,98,40,162,128,53,185,112,44
2,149,34,136,151,225,184,99,6,69,88,163,40,46,50,64,107,19,147,145,18,8,20,213,41,4,138,195,149,76,181,82
39,72,99,78,68,147,195,240,69,64,112,66,96,73,181,164,88,224,18,107,193,162,36,189,50,40,128,128,119,191,112,236
2,135,0,136,18,129,24,231,4,5,88,163,40,6,34,64,70,19,131,133,82,8,0,221,40,36,138,195,20,4,165,89
3,201,32,140,20,145,140,101,68,64,80,199,96,8,182,224,88,34,18,197,199,40,4,157,32,40,138,128,29,12,248,92
3,200,99,12,4,144,142,244,68,64,82,198,32,8,183,228,72,96,18,207,197,168,36,253,34,40,138,128,95,156,120,92
130,144,16,152,19,193,184,66,30,1,80,179,12,158,32,64,235,25,147,145,50,12,16,247,1,6,154,195,20,9,37,146
40,72,106,206,68,128,227,112,68,0,118,2,49,73,177,100,72,160,2,202,192,176,36,173,66,41,160,0,119,155,112,168
130,135,0,136,148,129,156,103,4,5,88,183,40,46,50,64,76,3,131,133,246,136,4,223,40,36,138,195,29,12,188,92
50,0,66,136,69,66,200,64,5,0,242,2,8,10,36,64,122,129,23,160,8,131,16,204,145,168,138,5,53,0,100,130
2,148,49,152,23,229,185,66,30,9,88,82,12,158,96,68,237,27,19,145,3,12,16,215,9,22,154,66,144,12,53,162
3,73,99,204,4,128,175,244,68,64,90,194,112,76,181,228,88,96,18,239,193,160,36,237,32,40,170,128,21,187,112,236
3,72,7,140,12,145,142,100,196,64,208,70,32,8,181,225,72,32,26,199,197,129,6,189,32,40,202,128,29,29,56,140
56,72,98,236,68,3,204,84,65,160,242,2,3,9,181,0,120,172,23,224,200,178,68,140,114,201,160,128,119,184,112,136
130,151,0,138,134,97,30,167,4,6,73,183,0,46,34,64,79,83,131,131,112,8,24,226,40,0,142,3,148,94,180,80
0,0,0,128,4,0,8,0,4,0,16,2,0,2,32,64,72,0,19,128,0,0,0,128,0,0,138,0,20,8,48,0
3,193,4,156,28,144,140,165,132,81,80,199,32,8,50,193,72,2,19,197,199,8,4,189,40,32,142,192,29,12,184,92
57,2,98,44,68,147,202,112,69,68,117,135,99,200,183,0,88,168,135,239,204,178,36,140,82,105,160,137,119,175,118,196
3,201,105,202,132,16,142,181,68,64,84,66,32,8,182,228,72,66,18,203,213,40,44,245,34,40,142,192,21,154,248,108
32,216,120,204,70,133,159,244,4,8,116,34,48,157,181,32,76,120,19,202,192,170,48,253,99,9,170,136,117,152,112,187
6,4,18,154,23,226,178,66,22,5,75,179,108,254,32,64,123,59,147,145,18,136,0,223,9,38,154,67,149,75,37,18
131,193,32,156,132,144,140,165,20,64,80,151,32,12,178,97,72,2,19,133,228,40,36,159,32,32,142,128,21,28,176,76
18,248,0,138,27,193,26,196,134,4,128,171,44,214,97,64,74,185,219,211,74,11,26,253,185,4,139,59,20,27,53,26
6,143,4,154,146,193,26,166,22,21,88,163,96,238,40,65,73,83,163,209,50,72,10,245,40,6,159,195,148,15,180,74
2,131,0,136,148,129,140,101,4,5,80,135,0,10,50,64,76,2,147,133,210,8,4,213,32,32,138,193,20,12,180,72
130,135,32,138,146,161,142,231,20,5,88,183,8,46,50,64,69,3,131,197,114,8,12,247,40,0,142,193,20,78,180,80
130,143,0,154,146,193,30,167,20,7,88,179,72,46,34,64,69,83,131,195,112,8,8,247,40,38,158,195,148,94,180,72
2,131,32,136,148,193,140,103,4,5,88,163,40,46,50,64,76,19,147,133,210,8,0,213,40,0,138,193,20,12,180,88
2,131,0,136,148,129,140,101,4,4,80,135,32,10,50,64,76,2,147,133,210,8,4,221,40,32,142,193,21,12,176,88
130,193,0,136,148,129,140,37,4,0,80,18,32,10,48,64,72,2,19,129,112,8,0,149,32,32,138,64,20,8,176,8
3,207,0,140,148,145,142,231,4,68,88,199,32,40,50,64,76,35,19,197,214,8,4,255,40,32,142,192,29,28,184,92
3,201,0,140,148,145,142,231,68,64,88,199,32,40,182,224,72,2,19,197,212,40,4,189,32,8,142,192,29,28,184,92
35,0,98,137,84,131,168,64,84,4,80,7,0,136,54,104,120,40,19,149,134,178,4,208,0,8,138,132,85,12,112,132
2,203,32,136,20,129,138,230,22,5,88,135,32,168,50,64,76,35,147,197,198,136,4,253,40,38,154,193,29,12,184,72
2,143,32,136,150,129,158,231,6,5,88,167,8,46,50,64,76,3,147,213,214,8,12,245,40,4,142,193,148,12,188,88
50,88,2,136,93,197,138,224,132,0,208,2,40,158,49,64,200,185,19,195,74,11,18,253,177,0,138,43,21,25,49,138
3,10,38,142,20,147,138,64,68,64,81,199,32,200,51,64,76,40,19,197,134,168,4,221,0,32,138,136,29,14,56,220
39,72,99,206,4,16,143,216,68,64,80,66,112,72,181,100,88,96,18,239,193,160,44,185,32,40,171,128,29,187,112,236
3,133,35,141,20,146,168,99,68,65,90,70,40,40,180,224,104,34,19,133,213,184,5,221,32,40,138,192,29,12,249,12
130,197,0,140,132,129,140,231,4,0,88,18,32,40,48,64,72,2,19,193,114,8,0,183,32,32,142,192,20,88,176,8
2,135,32,136,150,193,156,103,4,69,88,167,40,46,50,64,78,3,147,133,82,8,4,213,40,0,138,195,20,12,180,216
3,143,0,142,20,145,142,99,68,0,88,199,32,40,50,192,72,34,2,133,212,168,4,189,32,36,138,128,29,14,56,12
3,13,34,142,132,18,142,39,68,66,91,3,96,40,182,96,72,102,19,199,212,184,36,173,32,40,142,128,21,126,240,76
2,248,82,138,115,201,178,72,14,0,113,34,44,222,104,0,186,57,130,210,66,18,10,253,53,20,11,107,21,2,39,139
7,133,35,136,148,146,174,175,70,64,94,66,104,104,188,228,121,67,18,237,215,136,45,223,40,46,143,196,159,110,185,108
2,135,32,136,148,241,140,103,6,69,24,167,0,44,50,64,73,3,131,149,86,8,4,215,40,4,142,195,149,76,156,70
35,73,99,140,4,144,174,100,68,64,82,70,32,8,181,228,72,32,18,205,197,184,36,253,34,40,138,128,29,28,120,140
3,162,2,136,90,131,184,73,14,37,88,199,44,206,114,0,126,9,147,149,134,26,0,221,24,4,139,238,29,12,41,217
3,129,128,137,18,147,168,111,6,225,90,199,44,170,178,224,126,9,51,149,151,152,5,221,8,4,139,204,156,4,57,157
3,133,225,201,148,19,139,255,70,225,90,66,24,40,180,228,91,11,18,185,145,152,101,223,44,14,143,196,151,108,240,108
3,195,2,140,20,144,140,101,68,64,82,199,32,8,182,192,72,35,19,133,213,152,4,221,32,40,138,128,29,28,184,28
60,8,106,238,68,130,74,80,69,128,245,2,123,73,49,80,120,232,23,234,136,163,8,172,210,233,160,136,119,171,112,128
35,176,2,137,94,145,184,74,6,97,88,239,136,140,82,160,94,9,147,149,151,26,197,209,20,4,154,232,29,12,24,220
40,165,233,197,212,35,201,127,86,163,124,2,16,33,244,36,89,142,18,184,179,186,101,158,110,14,181,228,247,232,240,168
3,193,2,140,20,144,172,229,4,65,82,199,40,10,48,192,104,35,19,197,199,136,4,253,32,32,138,192,29,12,184,12
3,201,2,140,132,144,174,165,68,64,80,199,40,40,182,224,108,35,19,199,213,136,4,253,32,40,142,128,29,28,185,28
60,72,106,238,68,19,74,240,69,128,116,2,115,73,177,64,88,232,23,234,136,178,36,173,114,233,160,136,119,187,112,136
2,135,2,136,146,192,56,99,12,5,88,163,12,46,32,64,110,27,147,133,18,136,0,213,40,36,138,195,20,4,165,193
130,144,146,153,55,165,184,66,62,25,82,50,140,158,96,72,231,25,147,145,18,156,2,209,13,20,26,194,148,0,33,131
57,72,106,111,68,147,198,240,69,64,116,2,115,73,183,32,120,224,6,235,200,178,100,173,114,233,160,0,119,187,112,168
3,201,194,28,12,144,142,230,84,64,82,199,32,232,183,228,72,106,50,205,197,168,6,235,34,46,222,136,93,60,120,28
56,0,98,236,68,2,74,80,65,128,246,2,27,11,49,64,122,172,6,168,136,179,4,140,210,233,162,0,103,168,96,128
2,159,2,136,146,163,58,99,6,5,88,167,44,174,34,64,111,59,131,145,18,136,0,253,40,36,154,195,148,68,165,91
37,77,99,78,84,179,198,224,69,192,120,66,96,104,181,164,88,96,18,111,197,178,44,173,34,46,129,0,223,255,120,236
3,195,34,140,20,145,140,101,68,64,80,199,32,8,182,64,76,35,19,197,212,136,4,221,32,40,138,128,29,12,184,220
60,72,114,110,100,151,91,112,69,136,117,2,123,77,177,68,94,176,151,234,200,178,40,157,66,233,161,128,119,171,112,161
2,149,36,152,139,225,152,103,142,85,200,179,12,190,34,65,103,19,187,145,18,9,18,213,25,2,218,203,21,68,181,82
66,112,22,140,74,131,152,72,134,160,144,162,44,206,97,66,126,49,251,225,66,3,130,221,16,0,11,190,20,42,33,145
3,139,32,136,148,129,140,103,4,4,88,135,32,40,50,64,76,35,147,133,214,8,4,221,32,32,142,193,29,12,184,220
2,148,18,152,19,228,56,35,30,9,74,18,12,182,32,64,231,27,147,144,18,136,16,215,9,54,26,67,144,0,165,19
56,0,70,169,76,1,168,88,4,16,208,2,25,8,56,75,104,128,31,161,8,179,1,128,84,193,234,140,53,8,113,128
6,169,128,158,148,131,142,232,22,147,16,2,96,232,121,64,89,106,19,241,114,106,10,191,40,6,207,164,148,122,48,136
2,148,18,152,147,229,48,99,30,1,72,18,12,54,32,64,231,19,147,144,50,136,16,215,41,38,154,67,144,64,165,18
54,0,106,236,4,18,202,88,65,192,247,2,83,73,189,96,88,164,23,171,136,179,36,136,82,233,161,132,117,171,112,132
2,104,18,145,100,137,168,68,172,17,80,2,172,138,113,74,234,41,27,209,2,16,2,240,4,16,154,232,20,24,33,136
60,18,106,109,68,82,235,112,69,196,119,167,91,77,191,96,124,168,134,170,140,178,36,140,82,233,160,133,119,170,124,208
3,201,1,142,4,145,142,164,68,64,80,198,32,8,183,228,72,96,18,207,197,168,12,189,32,40,142,128,29,62,248,156
58,0,98,65,68,18,232,80,65,160,246,2,11,9,148,52,120,132,21,168,136,178,37,200,82,232,128,132,103,168,112,164
11,32,81,192,100,153,233,80,173,17,52,66,141,130,240,228,110,129,31,152,3,0,98,208,20,216,138,232,22,128,33,165
2,131,32,136,146,193,152,99,6,5,88,163,8,142,50,64,79,27,131,149,18,8,0,213,40,4,138,195,20,12,180,211
2,193,0,136,4,129,140,101,4,0,80,2,32,8,48,64,72,2,19,129,80,8,0,157,32,32,138,192,20,8,176,8
8,32,148,249,110,137,185,16,175,17,84,0,157,131,224,78,230,25,31,24,2,40,2,209,198,217,58,200,150,136,33,161
53,65,107,77,68,2,239,80,68,128,119,2,81,73,189,96,120,172,23,234,201,178,36,12,118,169,160,132,103,187,112,160
2,131,32,136,148,129,156,39,4,69,88,167,40,46,50,64,76,3,147,133,214,8,4,213,40,32,142,193,20,12,188,88
3,193,32,140,132,129,140,229,68,64,80,131,32,12,50,96,72,2,19,133,212,8,4,149,32,32,142,192,20,28,176,76
2,131,34,136,22,193,152,101,6,5,80,163,40,142,50,64,76,59,147,133,82,10,4,221,32,4,138,203,21,12,180,216
2,135,32,136,150,129,156,39,4,5,88,167,40,46,50,64,76,3,147,133,214,8,4,213,40,32,142,193,20,12,180,88
130,128,112,153,116,161,184,66,30,25,80,18,140,138,116,72,239,11,19,145,178,188,2,215,4,28,154,200,148,8,33,129
130,32,144,153,102,169,184,2,190,19,80,18,140,138,96,73,231,9,23,145,2,220,2,209,132,208,218,234,148,0,33,129
35,0,99,204,84,130,235,112,69,64,119,66,80,73,181,100,120,40,18,170,193,178,36,221,0,40,162,128,87,170,112,164
2,0,2,136,84,130,168,64,132,0,210,2,8,138,56,64,104,40,27,161,2,131,0,213,20,32,138,200,21,10,49,128
3,195,32,136,148,129,140,37,4,68,80,135,32,12,50,64,76,3,147,133,214,8,4,213,32,32,142,192,28,12,184,92
2,135,32,136,148,129,136,99,4,5,88,163,8,46,50,64,76,19,131,133,82,8,0,213,32,32,138,193,20,12,181,80
62,0,66,234,70,130,202,112,5,0,243,130,107,207,49,64,122,169,23,226,8,179,0,140,210,233,170,128,119,171,112,128
3,72,99,204,70,144,175,116,76,64,82,194,56,12,181,228,110,32,18,207,193,160,36,253,32,40,138,128,23,156,113,252
2,128,18,136,108,129,184,64,172,1,80,2,172,138,48,64,238,41,31,129,66,9,2,209,132,16,138,202,20,8,49,137
3,201,99,140,68,145,172,101,68,64,82,70,40,8,180,228,104,40,18,205,197,184,36,221,32,40,138,128,29,156,248,236
2,135,34,136,20,131,184,103,4,69,88,135,40,14,50,64,76,43,147,133,214,136,4,221,32,32,138,193,21,12,180,220
2,144,146,153,55,165,184,66,62,27,80,50,140,154,96,72,231,11,19,17,18,156,2,211,13,22,26,194,144,0,33,131
2,129,0,140,4,128,12,33,4,0,80,2,32,34,48,64,64,2,19,129,80,8,0,213,32,32,138,192,20,8,176,0
2,22,128,152,19,225,152,66,6,69,88,179,12,174,96,72,79,27,147,145,18,8,0,215,8,6,154,195,148,76,53,83
3,203,32,140,148,129,142,231,4,68,88,135,32,44,50,64,76,35,147,197,214,8,4,253,40,32,142,192,29,12,184,220
3,193,32,136,20,129,140,165,4,64,80,131,0,12,50,96,72,0,19,197,196,8,4,181,32,0,138,192,21,12,176,92
3,193,32,140,148,129,140,229,68,64,80,3,32,40,50,96,72,2,19,5,212,40,4,157,32,0,142,192,21,12,144,76
3,149,48,136,151,213,184,103,14,65,72,7,44,30,50,96,236,27,147,149,214,8,48,213,41,20,138,66,20,12,177,215
2,203,0,136,148,129,140,231,4,5,88,135,32,42,50,64,76,3,147,197,86,8,0,253,40,32,142,193,20,28,180,72
34,195,96,136,86,129,140,229,4,5,80,167,32,142,54,0,76,155,131,197,82,10,0,253,56,0,142,233,21,12,180,200
2,193,8,136,132,129,140,229,4,0,80,2,48,8,48,64,72,2,19,1,80,40,0,149,32,0,174,192,20,24,144,8
2,147,32,136,148,129,140,37,4,68,80,167,32,14,50,64,76,19,147,133,210,8,0,213,40,32,138,193,20,12,180,88
2,133,32,137,180,171,168,35,12,1,90,2,172,40,48,64,201,42,19,145,146,184,65,223,12,54,154,192,148,72,145,0
2,151,0,136,147,225,156,35,4,5,88,163,8,46,32,64,79,19,147,145,82,8,0,213,40,0,142,195,148,76,148,83
3,193,32,136,4,129,140,101,4,64,80,135,32,12,50,64,76,2,19,133,212,8,4,157,32,0,138,192,20,12,176,92
3,201,97,142,20,144,143,164,68,64,80,198,48,108,182,228,72,98,18,207,199,168,44,253,32,44,142,128,29,159,112,108
2,131,36,152,154,225,24,99,134,21,88,163,0,46,34,65,72,19,131,145,18,8,2,149,8,0,138,227,148,12,180,82
3,135,32,140,148,129,140,39,4,4,88,135,32,40,50,64,64,34,3,5,212,8,4,157,32,32,142,128,20,12,176,76
60,72,98,238,68,18,202,80,69,128,119,2,67,73,189,100,120,224,23,234,136,178,44,168,114,233,160,128,119,187,112,128
0,193,0,136,148,129,140,229,4,0,80,2,32,8,48,64,72,2,19,1,82,40,0,149,40,32,142,64,20,8,144,8
8,4,50,217,52,181,121,18,95,9,126,16,140,131,164,76,195,8,19,24,162,156,32,215,78,30,18,66,146,136,97,33
35,194,4,156,12,129,140,228,134,20,80,199,32,136,50,64,72,0,51,197,196,40,6,181,32,32,202,168,29,28,24,140
3,73,99,140,4,16,141,37,68,64,82,66,32,8,180,228,104,34,18,205,197,168,36,237,32,40,138,128,23,28,112,108
130,141,0,142,148,0,14,167,20,130,24,2,96,106,48,64,81,98,19,161,112,8,24,171,40,38,143,0,20,122,176,8
10,129,96,200,151,209,28,33,5,68,68,163,9,7,162,68,68,19,147,128,90,8,32,213,106,97,138,195,54,140,180,82
36,8,106,204,4,2,235,80,68,128,119,2,113,65,177,96,120,100,18,234,128,176,36,8,64,41,163,128,37,171,112,32
2,180,128,152,147,225,16,66,22,69,72,179,8,182,96,72,73,27,147,145,50,8,16,215,9,6,154,67,148,68,53,82
2,0,0,136,4,1,136,0,4,0,80,2,0,8,32,64,72,0,19,0,0,0,0,144,0,0,138,128,20,8,48,0
2,195,32,136,22,193,156,229,4,5,80,163,40,12,48,64,76,19,147,193,82,40,0,221,40,32,138,193,21,12,180,216
3,195,0,140,148,128,140,101,4,4,80,135,32,8,50,64,72,2,147,133,214,8,4,157,32,32,138,192,28,12,184,92
3,195,0,136,20,129,140,165,4,5,80,135,32,10,50,64,64,10,19,197,214,8,0,189,40,0,142,192,28,12,184,24
3,195,0,136,148,128,140,101,4,68,80,135,32,10,50,64,72,2,19,133,214,8,4,213,32,32,138,192,29,12,184,92
3,195,0,140,148,128,140,165,4,1,80,199,32,32,50,64,64,2,19,197,214,8,4,157,40,32,142,192,28,12,184,24
2,131,32,136,150,129,152,99,4,5,88,167,8,14,50,64,76,19,147,133,210,8,4,213,40,0,138,193,20,12,180,80
3,193,32,140,132,145,12,165,68,64,80,71,32,8,178,224,72,2,18,197,213,8,36,157,32,32,142,128,28,28,184,76
56,0,98,228,68,18,232,80,69,128,118,2,75,9,180,100,120,164,23,168,136,178,37,136,82,233,160,132,103,168,112,128
2,131,0,136,148,225,24,35,4,5,88,163,8,6,34,64,68,19,131,149,18,8,0,149,40,0,138,193,20,12,180,80
0,129,0,140,4,129,4,37,4,0,80,2,32,40,48,64,72,2,19,1,80,8,0,149,32,32,138,0,20,8,144,0
33,72,99,204,4,128,143,244,68,64,84,66,48,8,181,100,72,96,18,203,193,160,36,189,32,40,130,128,85,185,112,172
2,195,32,136,132,129,12,37,4,68,80,135,0,12,50,64,72,0,19,133,212,8,4,149,40,32,142,192,28,12,184,80
3,193,32,140,132,129,12,37,4,64,80,135,32,12,50,64,72,0,19,5,212,8,4,149,32,32,142,192,20,12,144,80
3,200,1,140,4,128,134,164,4,0,80,66,32,0,33,224,64,64,18,64,69,0,0,189,32,32,138,128,28,24,56,12
3,201,2,140,20,144,170,100,68,64,82,199,32,136,178,224,72,42,19,197,135,168,4,253,32,36,138,192,29,12,56,140
3,8,99,202,20,146,171,112,68,64,83,66,48,200,180,100,120,40,18,233,193,176,36,221,0,40,138,192,21,138,112,228
50,136,66,136,68,131,232,96,13,0,242,2,40,10,32,64,104,169,23,160,72,187,0,221,144,160,138,128,53,8,112,136
34,0,98,136,92,131,136,72,132,0,208,2,40,200,52,64,88,169,27,161,194,163,0,221,16,40,138,200,21,8,112,128
0,200,2,153,36,129,168,101,140,8,80,2,172,130,32,64,232,41,2,128,66,152,2,213,4,48,138,8,20,8,33,136
43,72,106,204,70,145,171,112,68,64,84,130,57,15,183,96,110,40,19,207,192,168,36,253,66,41,170,128,53,153,113,248
2,4,2,152,23,225,184,66,20,1,88,178,44,158,32,64,110,59,147,129,18,156,0,223,0,6,154,195,149,12,53,219
3,192,99,204,84,145,173,116,68,64,86,194,56,12,180,100,108,40,18,201,195,184,36,253,32,40,170,128,85,152,113,172
130,131,0,136,4,129,12,37,4,4,80,18,0,10,48,64,64,0,19,129,80,8,0,149,40,32,138,192,20,8,176,0
3,137,3,140,20,145,142,103,68,64,90,199,32,12,178,224,72,34,18,197,215,152,36,189,40,32,138,192,28,12,184,92
0,0,0,136,4,0,8,0,4,0,16,2,0,8,32,64,72,0,2,0,0,0,0,128,0,0,138,0,20,8,48,0
131,135,36,156,132,1,12,39,20,84,80,151,32,46,50,65,64,3,19,133,244,8,4,159,32,32,206,128,28,92,184,88
3,201,1,140,132,145,142,165,68,64,80,70,32,40,176,228,72,98,18,73,213,40,4,189,32,32,142,128,29,60,248,12
3,201,0,140,132,16,142,167,68,4,88,135,32,40,50,64,72,98,2,197,212,136,4,253,32,32,142,128,28,28,184,76
6,12,0,138,20,163,10,202,6,129,25,2,64,64,41,64,89,32,19,178,18,0,8,188,8,4,139,196,148,75,48,0
