2,32,146,144,108,137,184,64,174,17,80,0,140,138,96,74,166,9,23,17,2,16,130,208,4,16,90,234,148,0,33,129
0,160,18,136,124,129,56,64,142,25,80,2,140,130,96,64,194,9,27,16,2,9,2,213,8,16,138,104,16,8,33,129
0,72,9,140,4,0,5,4,0,128,80,66,48,0,33,64,72,96,2,72,65,0,0,41,96,32,134,0,20,56,16,40
0,0,0,128,4,0,8,0,4,0,16,2,0,8,32,64,64,0,2,0,0,0,0,128,0,0,138,0,20,8,16,0
1,129,34,136,148,176,0,32,68,65,80,7,0,32,178,96,72,2,2,5,148,8,36,149,0,32,130,64,28,12,48,84
34,216,104,206,70,193,151,244,4,68,116,143,49,157,55,0,72,248,19,195,194,42,52,189,99,9,160,169,117,155,84,250
2,143,0,142,144,129,14,167,4,4,88,135,0,38,50,64,76,67,131,199,208,8,8,181,40,32,142,193,20,30,148,88
2,143,32,138,20,163,138,98,6,5,89,167,96,206,50,64,92,42,131,165,18,136,12,157,8,4,138,225,20,14,20,64
2,143,32,138,20,129,138,163,6,5,89,135,96,78,50,64,76,35,131,197,214,8,12,189,40,4,139,193,20,14,156,72
0,133,99,201,180,129,225,115,77,1,122,2,144,9,180,100,106,2,2,153,211,184,32,213,44,24,130,64,85,136,241,172
2,134,32,152,20,129,8,231,22,5,88,163,32,46,50,64,77,3,131,133,114,8,0,223,40,38,154,193,20,12,180,72
2,135,0,152,145,193,24,103,22,5,72,147,0,46,50,64,73,27,131,149,114,8,0,215,40,6,154,193,20,12,180,72
7,15,98,136,148,179,142,99,4,196,92,135,0,108,183,4,92,43,147,245,149,168,36,220,40,0,139,192,157,109,184,212
3,200,3,140,4,144,174,164,68,64,82,66,32,8,180,228,72,96,18,207,193,168,36,237,32,40,138,128,29,29,112,44
164,236,168,158,76,129,135,242,86,130,112,2,48,233,113,9,89,106,2,67,224,110,10,170,64,14,247,40,213,121,112,168
34,40,234,94,76,128,141,96,208,130,113,10,112,232,53,43,72,232,51,67,224,226,142,173,80,42,225,168,69,41,82,136
61,0,98,238,4,3,202,80,65,128,241,10,99,200,53,32,120,232,23,227,140,163,12,140,146,233,131,24,119,171,114,132
33,8,106,78,4,147,195,112,68,192,117,2,48,72,183,100,72,40,18,239,129,162,36,173,66,40,162,128,85,171,112,228
2,142,2,152,50,161,56,198,30,5,90,179,44,142,34,64,231,59,131,149,18,136,4,247,8,52,154,195,148,68,165,91
56,16,114,236,109,7,82,120,197,136,177,42,78,217,33,16,220,176,198,98,136,163,0,156,211,216,129,154,115,171,114,3
61,24,107,78,36,23,203,112,68,200,119,34,113,93,177,228,92,32,23,238,201,178,44,140,66,233,161,128,119,187,112,225
6,169,148,158,146,130,30,169,150,145,16,130,104,230,121,74,87,123,51,211,114,72,138,252,40,6,207,172,148,112,161,1
56,16,98,108,5,82,192,80,69,196,246,163,91,29,53,80,120,156,149,161,136,179,53,140,211,233,160,133,119,174,116,210
0,65,0,136,132,0,4,5,0,0,16,2,0,0,48,64,64,0,2,129,80,0,0,128,32,32,134,0,20,24,144,0
2,133,32,137,183,227,184,74,14,69,88,179,12,140,42,64,255,27,147,145,18,24,4,215,12,4,154,231,149,76,53,210
37,72,107,78,68,18,203,88,68,128,119,2,113,65,181,100,88,96,18,106,129,160,44,44,66,41,161,0,119,187,112,160
48,64,66,136,84,11,202,64,37,0,240,10,10,10,52,64,120,136,14,225,8,179,0,196,176,8,138,28,117,27,114,128
10,144,150,184,51,165,56,82,191,25,80,16,188,159,32,72,231,27,151,145,50,157,2,215,201,215,58,194,146,0,33,131
10,128,146,184,48,165,184,66,190,27,80,16,140,130,32,72,231,11,23,16,50,140,2,215,140,215,58,202,144,0,33,129
35,201,99,142,20,145,130,224,68,64,80,66,32,8,181,228,72,42,18,79,199,168,44,189,34,8,130,128,93,31,120,140
130,128,98,153,84,136,168,66,124,17,82,18,136,138,52,72,106,41,19,145,130,188,4,209,4,56,154,192,149,8,113,128
64,129,0,142,28,129,2,105,134,0,209,10,96,192,56,64,80,40,106,227,66,11,138,157,48,32,139,120,20,10,16,0
2,0,6,156,28,131,160,64,134,129,82,2,32,192,32,64,88,40,51,16,0,144,2,140,0,32,138,136,20,8,48,136
1,200,99,142,4,147,134,228,68,64,80,66,32,72,181,228,72,96,18,75,197,168,36,189,34,40,138,0,93,31,120,172
18,32,2,140,28,131,170,64,164,128,209,2,8,202,33,64,124,169,95,160,72,131,0,220,144,0,138,184,20,42,32,128
40,72,106,204,68,147,239,116,69,0,118,2,49,9,181,100,106,96,18,202,193,186,36,237,98,40,162,128,119,185,112,168
35,201,99,204,20,147,174,101,68,64,82,66,32,8,180,228,72,34,18,201,197,184,36,253,32,40,142,128,93,156,248,172
0,129,0,140,4,129,4,37,4,0,80,2,32,0,48,64,64,2,2,129,80,8,0,149,32,32,138,64,20,8,176,0
2,203,32,136,148,129,142,229,4,4,80,135,32,12,50,64,76,2,147,197,210,8,4,253,40,32,142,192,21,12,180,88
3,72,32,204,4,17,138,164,68,64,80,2,32,8,183,96,72,96,19,67,133,32,36,189,32,8,138,128,21,29,80,76
3,201,1,158,20,128,130,160,70,64,80,70,112,232,176,224,64,104,50,195,199,40,14,61,32,38,170,128,29,11,48,12
1,72,107,76,4,0,139,16,68,64,84,2,48,0,181,100,72,96,2,74,129,160,36,41,0,40,162,0,21,185,112,108
0,133,0,140,148,131,6,47,4,0,88,2,96,96,32,64,80,34,2,96,80,8,0,157,40,0,135,68,20,8,144,8
2,137,0,136,149,193,140,231,6,4,72,131,40,6,48,64,72,51,131,193,82,8,0,157,41,0,142,65,20,12,180,202
2,135,0,136,145,225,16,99,4,5,72,179,0,38,32,64,73,19,131,145,50,8,0,151,40,4,138,195,148,76,180,82
61,8,102,206,12,18,195,16,193,128,215,2,66,73,181,230,88,164,29,43,137,161,36,136,18,168,131,16,103,170,112,36
32,137,107,204,4,130,165,49,68,0,86,66,48,0,180,100,72,34,18,8,209,184,36,13,96,40,162,0,85,136,240,40
40,128,106,205,4,146,233,112,68,0,118,2,48,9,180,100,104,40,19,136,208,184,101,205,70,41,162,0,119,136,112,160
34,8,99,78,68,129,203,96,69,0,112,66,56,74,181,228,106,168,18,202,129,162,44,253,2,40,130,128,87,171,96,172
48,200,64,136,68,129,70,228,5,0,240,10,35,128,32,16,72,168,23,66,74,43,8,189,176,192,132,56,53,152,176,136
2,144,50,216,119,149,184,64,78,25,80,2,12,154,100,72,238,25,19,17,130,160,34,209,1,28,26,202,209,8,33,131
32,36,66,137,20,163,168,66,4,1,122,82,0,8,36,128,72,8,2,16,2,188,65,151,4,12,154,64,93,8,120,128
2,133,18,136,183,164,56,35,44,9,90,2,44,34,32,64,226,35,2,0,18,152,0,223,41,54,26,194,144,0,161,1
3,193,0,140,132,129,140,167,4,68,88,135,32,40,50,64,64,2,19,197,212,8,4,149,32,32,142,128,28,28,184,92
2,20,16,136,147,225,24,66,14,1,72,162,12,22,32,64,103,19,147,145,18,8,16,213,9,4,138,195,148,68,37,19
3,193,0,136,4,129,12,37,4,68,80,135,0,8,50,64,64,0,3,5,196,8,4,149,32,32,138,192,28,12,152,88
3,193,0,140,132,128,12,37,4,4,80,135,0,8,50,64,64,2,19,5,212,8,4,149,32,0,142,192,28,28,152,16
2,193,32,140,132,129,140,37,4,0,80,130,0,12,48,64,64,0,19,1,208,40,4,149,32,32,142,192,20,12,144,8
2,160,50,152,244,165,184,66,158,25,88,16,140,154,116,72,167,11,19,17,146,41,2,215,12,30,26,234,144,8,33,129
3,195,0,136,132,129,12,37,4,4,16,135,0,8,50,64,64,0,19,133,84,8,0,149,40,0,142,192,20,12,144,64
0,129,0,140,132,129,4,37,4,0,80,2,0,0,48,64,64,2,2,129,80,8,0,149,40,32,142,64,20,8,176,0
50,32,98,193,68,17,232,80,5,33,244,2,8,139,244,36,110,136,23,184,136,51,36,192,86,8,138,232,55,140,112,132
2,144,146,153,50,226,56,66,62,3,66,179,172,158,32,72,231,57,147,145,34,156,17,215,5,54,154,194,148,4,37,27
55,8,98,138,84,145,202,64,69,64,209,10,40,200,53,112,120,168,23,195,142,179,44,253,16,8,130,168,117,175,114,196
35,72,106,76,68,147,234,244,5,68,116,135,48,141,183,96,108,232,19,206,197,178,36,253,50,40,162,136,119,157,112,252
114,40,34,138,84,129,170,64,198,0,209,10,32,200,49,64,72,168,19,67,194,178,140,189,176,32,138,168,21,11,50,136
3,195,32,136,4,129,12,37,4,68,80,135,0,8,50,64,64,0,19,5,212,8,4,149,32,32,138,192,20,12,144,80
1,201,0,134,132,16,14,165,4,192,16,66,96,72,168,224,64,98,2,66,69,8,12,173,32,0,143,0,28,62,152,12
1,193,0,136,132,144,12,37,68,64,80,66,0,8,162,224,64,0,2,0,213,8,36,149,32,32,138,64,28,12,184,76
0,65,4,130,132,0,6,5,132,0,17,2,0,32,32,66,64,66,2,66,80,0,8,160,32,0,142,0,20,27,144,0
3,192,1,136,4,145,140,37,68,0,80,66,32,8,176,228,72,0,18,9,197,40,32,149,32,32,142,128,20,24,152,44
2,192,33,140,4,129,140,37,68,64,80,67,32,8,48,224,64,0,19,5,193,8,4,149,32,32,142,128,20,28,152,12
2,149,18,136,151,164,176,99,12,9,90,50,44,62,32,64,237,51,147,145,18,136,16,223,41,38,154,194,145,72,161,3
35,200,65,204,68,145,142,228,68,64,112,66,32,8,181,224,72,41,18,195,199,42,4,253,34,8,138,128,93,28,120,140
36,72,106,206,68,131,195,112,69,64,117,2,112,73,181,36,88,232,19,110,192,162,44,189,82,40,160,136,117,187,112,160
2,149,34,136,147,224,184,99,14,69,72,147,44,46,34,64,103,27,147,149,18,8,16,215,9,38,154,195,148,68,181,82
2,150,16,152,147,225,56,67,14,69,72,183,12,174,34,64,231,27,147,145,18,8,16,215,9,6,154,195,148,68,165,211
61,0,106,108,68,18,202,80,69,128,247,2,83,73,181,48,120,172,6,170,140,178,36,140,82,233,160,132,119,170,114,160
2,32,146,145,100,136,184,64,175,17,80,0,140,138,96,74,166,9,23,16,2,16,130,209,4,16,154,234,20,0,1,129
2,32,2,136,116,137,168,64,140,1,16,2,140,130,32,64,202,9,27,16,2,9,2,213,4,16,138,232,20,8,33,128
35,72,99,76,68,18,235,112,69,192,118,66,112,72,181,100,88,160,18,234,193,160,36,204,34,40,162,128,119,187,112,228
2,0,6,137,68,128,40,64,172,16,80,130,136,134,32,72,108,25,19,144,2,18,66,208,4,32,138,200,20,0,33,128
2,134,38,152,146,225,152,99,22,21,88,179,12,46,50,64,111,27,131,149,50,136,4,215,8,38,154,195,148,76,181,66
2,128,19,153,52,165,168,2,30,9,82,82,140,138,48,200,227,9,19,17,35,156,0,215,12,54,154,192,148,12,49,33
60,64,98,236,4,18,74,80,69,128,246,2,83,9,177,64,120,236,23,234,136,178,36,140,210,233,161,132,119,187,112,128
3,192,4,136,20,129,140,229,134,64,80,199,32,136,50,64,72,8,19,197,198,8,4,157,32,0,138,192,28,28,184,92
210,0,6,129,4,10,160,0,172,48,146,18,194,0,8,67,32,4,93,32,40,161,1,192,144,128,138,148,4,8,17,0
104,0,81,224,100,136,105,80,169,0,116,10,31,3,160,84,106,136,23,152,2,50,192,192,86,184,162,168,54,128,99,160
0,0,0,128,4,1,8,0,4,0,16,2,0,8,32,64,64,0,2,0,0,0,0,128,0,0,138,0,20,8,16,0
134,48,146,147,99,141,56,64,62,25,83,18,140,150,104,73,167,25,147,16,2,212,10,208,5,16,26,230,144,0,33,147
1,129,34,136,148,144,0,33,68,65,80,135,0,44,178,96,72,2,18,5,212,136,36,149,0,32,130,64,28,12,176,84
2,176,146,153,19,229,56,74,62,19,66,147,140,158,104,72,247,25,147,145,18,156,16,214,13,4,154,71,148,4,37,210
3,192,96,204,4,17,205,244,69,0,84,2,0,9,180,100,72,0,19,201,192,40,32,149,34,40,142,192,55,152,240,172
3,195,0,140,148,128,140,39,20,69,88,135,32,40,50,65,64,2,19,133,244,8,4,157,40,32,142,192,28,12,184,92
56,72,104,238,68,211,198,224,68,68,116,163,51,205,55,0,72,232,147,227,202,34,44,189,114,73,160,169,117,191,84,218
2,132,2,137,151,226,184,66,62,1,74,179,12,30,40,64,123,27,147,145,18,152,1,215,12,38,154,199,148,68,53,18
3,193,33,136,132,145,142,165,4,64,80,195,32,12,180,228,72,67,19,197,215,8,12,181,40,40,142,192,21,28,144,108
32,216,88,234,86,197,159,244,4,8,116,2,49,159,33,0,108,120,19,202,66,42,48,61,99,137,170,136,117,155,48,155
2,135,34,137,148,162,168,99,4,5,90,131,8,42,50,64,124,11,131,181,150,152,1,221,44,36,138,197,149,76,180,192
6,201,4,138,26,193,26,224,134,20,129,163,104,198,40,64,78,49,251,211,66,11,10,253,56,0,139,251,20,15,52,90
2,159,0,142,144,129,14,167,4,4,88,167,96,38,50,64,77,67,131,199,208,8,8,189,40,32,142,193,20,14,148,88
2,143,0,154,144,193,14,165,22,21,81,163,96,110,58,65,73,67,131,215,114,72,10,181,40,6,222,193,20,14,180,72
130,135,0,152,144,225,8,35,22,5,24,179,0,46,32,64,73,19,131,145,50,8,0,215,40,4,138,193,148,76,180,66
3,131,2,136,20,147,140,107,4,64,90,199,32,8,50,192,88,42,19,37,212,152,5,157,32,32,138,192,28,12,184,28
3,193,0,140,4,145,140,165,68,64,80,199,32,8,50,192,72,0,19,69,197,40,4,149,32,32,138,192,29,28,184,28
2,135,0,136,150,225,152,99,4,5,88,163,0,14,50,64,77,19,147,145,18,8,0,149,8,0,138,193,20,76,180,80
3,192,0,140,4,145,140,164,68,64,80,71,32,8,178,224,72,32,18,69,197,40,4,189,32,32,138,128,29,28,56,12
3,139,0,142,148,129,142,161,6,4,88,199,96,106,58,64,92,34,147,229,214,8,12,189,40,32,143,192,28,14,184,92
3,199,32,136,132,129,140,167,4,68,88,135,32,10,50,64,76,3,3,197,212,8,4,213,40,32,142,192,28,28,184,84
130,2,2,152,20,163,8,0,20,5,83,147,104,198,34,64,88,33,131,132,50,140,4,223,0,38,154,193,20,12,52,64
0,133,99,201,180,129,225,115,77,1,122,2,144,9,180,100,106,10,2,152,211,184,32,213,44,24,130,64,85,136,241,172
3,203,0,142,148,145,142,229,4,64,80,199,96,104,58,192,76,67,147,199,213,8,12,189,40,32,143,192,29,30,184,92
2,202,4,152,28,193,10,228,134,21,80,163,40,142,50,64,76,57,139,197,66,9,2,253,32,0,138,233,20,12,52,72
37,72,107,76,68,19,207,216,68,192,116,66,113,73,181,100,88,96,18,107,193,160,44,56,96,40,161,132,117,187,112,228
2,128,0,136,21,193,136,0,6,1,0,2,0,2,32,64,72,8,19,144,18,8,16,149,9,4,138,65,148,8,48,2
3,195,32,140,20,129,140,229,4,4,80,135,32,8,50,64,72,3,19,197,214,40,4,157,32,0,138,192,21,28,184,204
130,74,34,152,20,129,138,66,22,5,80,151,32,140,50,64,76,40,147,133,38,140,6,255,0,38,154,193,21,12,52,72
3,193,32,140,4,145,140,229,68,68,80,135,32,8,182,64,72,34,19,197,196,40,4,157,32,40,142,128,29,28,248,92
130,215,0,148,132,65,156,167,20,6,24,183,32,46,48,65,77,82,131,129,112,76,0,199,40,6,158,131,20,92,180,88
2,194,0,152,18,193,152,231,22,21,80,179,40,142,32,64,73,27,131,145,114,8,0,215,40,6,154,195,20,12,180,202
2,133,0,152,147,193,24,103,22,5,72,179,8,46,32,64,73,27,131,145,50,8,0,215,41,6,158,99,148,12,180,210
2,149,0,136,147,225,144,67,22,69,8,179,8,174,98,64,201,27,131,145,50,8,0,215,41,4,154,227,148,76,180,82
3,139,34,136,148,145,140,231,4,4,88,135,32,40,50,64,76,3,147,197,214,8,4,221,40,32,142,193,29,12,184,92
90,0,82,225,6,2,72,16,33,160,182,2,11,11,20,80,126,133,21,169,8,176,1,200,146,232,130,132,103,160,96,1
7,32,135,129,10,131,56,72,30,177,17,195,76,206,121,202,118,61,59,181,7,85,139,208,8,2,207,236,156,38,41,144
3,72,35,142,4,128,175,228,68,64,82,66,32,0,181,228,72,96,18,207,193,168,36,237,32,40,138,128,29,27,112,108
140,76,7,218,148,163,135,210,22,130,85,82,112,227,177,205,89,106,2,90,99,164,42,254,40,6,215,0,151,249,48,168
60,8,106,236,68,146,74,112,69,128,116,2,123,75,177,80,92,232,23,234,136,178,36,172,82,233,160,128,119,187,96,128
6,8,167,150,12,131,137,65,150,178,81,66,80,233,241,141,121,105,19,155,161,230,10,200,8,6,207,172,151,108,48,160
2,135,2,136,146,193,56,99,4,5,88,163,8,6,32,64,108,19,131,133,18,136,0,213,40,36,138,195,20,4,181,192
164,108,168,190,68,129,135,208,86,130,112,2,112,233,113,9,89,104,2,75,224,230,10,186,64,14,247,40,213,249,112,168
32,72,107,206,20,131,203,240,68,0,116,2,112,73,181,96,72,96,19,234,192,160,36,125,96,40,162,128,117,187,112,168
52,8,66,142,92,129,194,64,133,128,209,10,98,200,49,64,120,168,31,99,8,35,0,220,144,0,139,56,53,43,112,0
6,58,146,144,51,227,184,194,30,157,82,163,44,158,97,72,167,59,179,145,2,216,2,248,9,6,31,131,148,5,37,219
130,144,146,152,19,164,176,66,62,25,66,18,140,154,32,72,231,27,147,145,50,156,18,215,9,54,26,66,144,0,33,131
164,40,238,94,76,129,137,112,208,130,113,10,112,232,53,43,88,232,51,3,224,226,142,169,80,42,227,168,69,41,82,136
61,8,98,238,68,3,194,80,65,128,241,10,99,200,53,32,88,232,23,227,140,163,76,140,146,249,130,8,119,171,114,132
2,32,2,129,68,128,168,64,172,1,208,2,140,138,96,66,106,137,10,144,0,147,0,192,20,16,138,224,5,0,33,128
35,72,99,206,68,147,139,112,68,64,80,194,48,76,183,36,72,104,18,207,197,162,36,173,0,40,130,128,85,191,112,236
48,129,104,69,212,2,233,117,65,161,118,10,17,33,148,20,122,142,23,168,208,186,101,76,126,141,164,228,103,136,210,168
2,142,2,152,50,225,58,198,30,5,90,179,44,142,34,64,231,59,131,149,18,136,4,247,8,52,154,195,148,69,165,91
60,0,114,76,108,23,90,112,193,136,245,10,107,201,181,84,90,160,6,106,136,163,40,157,146,248,129,154,119,187,112,33
3,193,34,140,20,145,140,101,68,64,80,199,32,8,182,192,72,34,19,197,197,136,4,221,32,40,138,128,29,12,248,156
61,8,99,110,100,23,203,112,69,200,119,2,123,89,181,228,90,160,22,234,201,178,37,140,66,233,161,128,119,191,112,161
56,16,114,204,109,7,82,120,197,136,241,42,74,221,37,16,220,176,134,98,136,163,0,156,211,216,1,154,115,171,114,3
36,200,106,73,68,3,239,252,68,0,116,2,17,9,181,0,120,128,6,234,200,178,97,61,102,137,164,68,117,153,112,168
3,131,32,136,148,129,140,103,4,4,88,135,32,8,50,64,72,3,147,197,214,40,4,157,32,32,142,192,29,12,184,220
45,88,107,78,100,23,235,112,68,200,119,98,113,89,181,228,94,32,23,238,201,176,45,140,67,105,160,128,119,187,112,225
50,16,82,172,95,67,210,104,5,136,177,171,15,28,37,16,252,177,223,227,8,163,0,156,145,192,137,191,117,46,38,211
6,169,132,158,154,130,158,169,150,145,16,130,104,230,121,75,95,121,51,209,98,72,138,248,40,6,207,172,148,112,33,0
56,2,98,168,5,75,208,96,101,68,242,171,3,12,55,16,120,148,135,161,8,163,5,140,146,233,128,151,117,172,118,82
6,204,128,154,148,161,142,230,22,147,24,18,96,106,57,64,89,106,19,211,114,64,8,187,40,6,207,164,148,123,176,128
2,131,32,136,148,129,152,103,6,5,88,167,32,14,50,64,72,11,147,149,82,8,4,213,40,0,138,193,20,12,180,72
2,135,32,137,150,227,184,75,14,69,88,163,140,140,58,64,127,27,147,145,18,152,4,215,12,4,154,231,149,12,181,211
0,104,2,129,100,129,168,68,174,17,82,2,136,138,97,74,106,137,10,208,2,24,66,208,4,16,154,64,148,25,33,136
37,72,105,78,4,147,131,240,68,192,84,66,112,64,181,100,88,96,18,234,193,160,44,173,32,40,163,128,87,187,112,236
48,64,66,136,84,3,202,64,37,0,240,10,10,10,52,64,120,136,14,225,8,179,0,204,176,136,138,28,117,25,114,128
138,144,150,184,48,165,57,82,191,25,84,48,188,147,32,76,231,25,23,25,18,157,2,213,203,215,58,202,146,0,33,131
3,193,34,136,20,131,136,101,4,68,82,135,32,12,50,64,72,42,19,133,198,152,4,157,32,32,138,192,20,12,144,88
35,76,99,76,4,178,175,114,68,66,88,66,32,72,181,228,72,96,18,207,193,160,36,239,32,44,130,128,87,255,112,236
138,148,18,184,49,164,56,66,191,27,80,48,172,146,32,72,231,27,31,16,50,141,2,215,137,247,26,202,144,0,33,3
2,132,18,153,116,161,184,66,62,9,88,18,172,138,48,72,239,11,19,17,18,188,2,215,12,22,154,202,148,0,33,129
35,201,67,142,20,145,138,228,68,64,80,70,32,136,181,228,72,42,18,207,199,168,36,189,32,12,138,128,93,15,120,140
130,0,226,217,116,144,168,66,126,17,82,18,172,138,116,72,110,41,19,145,130,180,38,209,4,60,154,192,149,8,49,128
114,137,0,138,28,129,2,105,134,0,209,10,98,192,56,64,80,168,31,225,74,11,10,157,176,32,139,248,20,10,16,0
2,0,6,136,12,131,160,64,132,1,82,2,32,200,48,64,120,40,51,145,0,146,2,204,0,32,138,136,20,8,48,128
2,20,18,152,55,166,184,66,28,11,90,18,140,26,32,72,231,51,19,145,50,140,0,223,1,54,154,194,144,72,33,131
44,8,74,200,84,131,203,80,5,64,117,135,113,205,181,4,92,168,23,238,8,162,8,156,66,9,163,128,119,175,112,240
18,0,98,128,70,2,232,64,141,64,210,131,12,142,52,64,110,129,31,165,128,147,0,200,16,40,138,128,5,12,113,208
3,200,99,140,4,145,134,228,68,64,80,70,32,8,181,228,72,96,18,79,199,168,36,189,32,40,138,128,93,28,120,140
3,131,0,140,20,129,140,101,4,4,80,135,32,8,50,64,72,2,19,133,214,8,4,157,32,32,138,192,28,12,184,88
35,201,99,140,20,147,172,101,68,64,82,70,40,8,180,228,104,34,18,205,197,184,36,253,32,40,138,128,93,28,248,140
0,129,0,140,4,129,4,37,4,0,80,2,32,2,48,64,64,2,2,129,80,8,0,157,32,32,138,64,20,8,176,8
3,193,0,140,20,145,140,165,68,64,80,71,32,8,50,192,72,2,19,69,197,8,4,157,40,32,142,192,28,28,152,12
3,203,32,136,148,145,142,231,4,68,88,135,32,8,50,64,72,34,19,197,214,40,4,189,32,32,138,192,29,12,184,92
3,192,32,136,4,129,140,165,68,64,80,131,0,12,50,96,72,0,19,133,196,40,4,149,32,32,138,192,20,12,176,92
2,139,32,136,148,129,142,231,4,5,88,135,40,14,50,64,76,3,147,197,210,8,4,253,40,32,142,193,20,12,180,88
3,200,32,136,4,145,142,164,68,64,80,135,32,12,50,96,72,0,19,71,197,40,36,189,32,32,138,128,21,28,48,76
3,145,50,136,183,149,188,37,76,73,80,7,140,58,50,96,230,3,147,133,215,8,52,213,41,48,138,194,28,12,185,71
2,195,0,136,148,129,140,229,4,4,80,135,32,10,50,64,76,3,147,197,82,8,4,253,40,32,142,192,21,12,180,72
2,195,0,136,148,129,140,39,4,4,88,135,0,14,50,64,76,3,147,133,82,8,0,213,40,32,138,193,20,12,180,80
2,131,32,136,148,129,140,101,4,69,16,135,0,12,50,64,76,3,147,149,210,8,0,213,40,0,142,193,20,12,180,80
50,195,64,232,86,193,92,229,5,4,84,163,40,143,36,64,76,153,135,192,90,10,0,245,58,0,142,235,55,156,180,201
34,203,0,136,92,129,10,228,134,4,208,143,32,136,50,64,76,137,139,197,194,11,6,181,56,0,142,248,28,28,184,136
3,201,1,158,20,128,138,160,70,64,81,70,112,232,176,224,80,96,50,207,199,40,46,61,32,38,170,128,29,11,48,12
2,133,0,136,149,225,8,99,6,5,72,131,0,46,50,64,73,11,131,145,18,8,0,149,41,4,138,97,148,76,180,194
2,32,144,153,237,45,56,10,26,59,80,24,140,146,72,11,133,27,51,17,18,84,210,210,13,22,90,174,144,64,3,129
44,8,106,108,68,2,195,80,68,128,119,2,113,73,177,64,88,164,19,170,128,160,36,8,66,41,160,0,101,171,112,32
3,199,0,140,132,145,140,167,4,64,88,199,32,40,50,192,64,66,19,197,212,8,4,189,40,32,142,128,28,92,184,28
3,193,0,140,132,129,12,37,4,64,80,135,32,14,50,64,68,3,19,133,86,8,0,149,40,32,142,192,20,12,176,88
0,135,0,136,148,131,6,47,4,4,88,2,96,96,32,64,80,34,2,96,80,8,9,157,40,0,135,68,20,10,176,8
3,137,3,140,20,144,142,37,68,64,80,70,32,40,180,224,72,98,18,197,197,168,4,189,32,40,138,128,29,44,120,12
2,135,0,136,144,225,20,39,4,69,88,179,0,38,32,64,73,19,131,145,18,8,0,215,40,36,138,195,148,76,180,82
116,0,102,204,12,18,193,80,197,128,247,2,64,73,181,102,88,164,14,42,136,161,32,136,18,40,130,16,119,170,112,36
2,153,16,136,23,197,152,103,4,1,72,131,44,62,32,64,72,51,147,129,82,136,16,221,41,4,138,67,20,8,181,26
0,193,0,140,132,129,12,37,4,0,80,2,32,42,48,64,64,2,19,129,80,8,0,149,32,32,142,64,20,8,176,8
33,137,107,204,4,130,165,53,68,0,86,66,48,1,180,100,72,38,18,8,209,184,36,13,96,40,162,0,85,136,240,40
3,193,1,140,4,147,140,103,68,64,88,66,32,8,180,224,72,34,18,133,197,168,4,157,32,40,138,128,29,28,216,12
231,0,102,222,76,0,136,64,192,208,83,18,64,200,55,107,88,172,51,163,132,227,134,200,16,40,203,136,5,47,112,132
2,149,34,136,151,227,184,99,4,65,90,131,12,30,50,64,108,59,147,149,18,152,16,213,9,36,138,195,148,12,181,210
168,132,98,77,4,146,169,112,68,0,118,18,48,9,180,100,104,40,18,136,208,188,101,223,68,40,162,0,87,136,112,32
3,129,106,204,4,128,173,117,68,0,86,2,17,11,180,96,106,35,19,137,211,136,36,213,96,41,170,192,21,136,177,32
42,8,99,78,68,145,203,112,69,0,116,66,56,74,181,228,122,168,18,202,193,162,44,253,18,40,130,128,87,171,96,172
2,16,18,152,110,129,184,64,140,16,80,34,172,138,32,75,238,57,147,129,2,32,2,209,4,16,202,170,20,8,33,137
2,133,32,136,149,193,140,167,6,5,72,131,32,40,50,64,64,2,19,69,86,8,20,189,41,4,142,65,20,12,156,74
2,138,2,142,20,129,10,228,134,69,80,135,32,0,50,64,64,40,147,197,66,8,12,189,40,36,138,192,28,14,48,216
2,202,0,138,16,129,138,196,6,4,80,163,32,134,34,64,76,25,147,196,66,8,8,253,32,0,138,225,21,14,52,216
3,129,35,140,148,144,172,167,68,65,90,71,40,42,182,228,106,3,18,197,215,136,36,221,32,40,138,192,29,12,185,76
56,201,72,236,68,145,206,245,5,0,116,130,49,13,180,64,72,162,23,202,74,42,32,189,98,233,164,128,119,152,240,136
134,40,130,158,4,128,10,64,22,130,65,18,32,194,33,73,72,104,51,194,32,196,154,168,1,34,218,8,20,41,48,128
34,8,2,138,77,193,130,96,132,0,65,2,32,216,49,65,72,40,19,195,66,35,26,253,17,0,138,43,20,11,52,138
40,8,106,236,84,130,226,112,68,0,119,2,49,9,52,64,88,160,23,234,200,186,0,157,66,233,160,192,119,171,112,128
2,128,50,200,116,133,184,64,206,25,80,2,140,154,116,104,230,9,19,17,130,33,2,209,4,24,26,202,212,8,33,135
32,32,66,137,20,163,160,66,4,1,120,82,0,8,36,136,72,8,2,16,3,188,64,150,4,12,154,64,221,8,120,128
2,65,32,136,132,0,140,69,4,64,80,2,0,8,48,64,72,0,19,129,192,0,0,128,32,32,142,128,20,28,176,0
57,72,98,236,68,147,202,112,69,64,240,2,35,8,55,96,72,160,22,67,204,179,36,173,50,233,128,128,119,156,112,204
3,201,2,140,20,145,140,39,68,65,88,199,32,8,50,224,72,34,19,197,199,168,4,189,32,36,138,128,28,12,184,12
32,8,106,77,68,18,225,80,69,0,116,2,49,9,181,32,104,168,19,72,128,178,100,140,86,41,160,0,119,136,112,168
3,205,0,140,4,145,140,167,68,64,88,71,32,40,178,224,72,98,18,69,197,168,4,189,32,32,142,128,29,28,184,12
2,149,50,136,151,196,184,99,12,1,90,162,12,62,32,64,102,19,147,145,18,136,16,213,41,38,154,194,149,0,165,18
2,133,18,157,52,172,56,35,44,9,90,2,172,34,32,64,226,35,19,16,18,152,0,221,13,54,154,194,144,0,177,1
3,201,32,138,84,145,142,229,70,64,80,71,32,136,50,224,72,10,19,197,199,42,4,189,32,0,142,200,29,30,184,140
3,193,0,136,132,129,140,165,68,64,80,199,32,8,50,64,64,2,19,197,212,40,4,157,32,32,142,192,28,28,152,92
2,195,0,140,20,128,140,101,6,5,80,135,32,128,50,64,64,42,3,133,82,8,4,157,40,32,138,192,28,12,184,88
2,131,0,136,148,129,8,35,4,5,88,163,0,46,50,64,76,3,131,133,82,8,0,213,40,32,138,193,20,12,180,64
3,193,0,140,20,145,140,37,68,64,80,199,32,8,50,64,72,0,19,197,197,40,4,157,32,32,142,192,28,28,184,28
3,193,0,140,148,129,140,167,4,68,88,135,32,40,50,64,64,2,19,197,212,8,4,157,32,32,142,128,28,28,184,92
3,200,33,140,4,145,142,228,68,64,80,71,32,8,182,224,72,64,18,69,197,40,4,189,32,40,138,128,29,28,248,76
3,193,32,136,132,129,140,167,4,68,88,135,32,12,50,64,64,2,19,133,212,8,4,149,32,32,142,192,20,28,144,88
2,193,32,136,132,129,140,37,68,64,80,3,0,8,50,96,72,2,19,133,208,8,4,149,32,32,142,192,20,28,176,76
2,148,16,136,147,229,152,66,14,1,72,162,12,54,32,64,103,27,147,144,18,8,16,215,9,6,154,195,148,64,37,19
3,195,32,136,132,129,140,101,4,68,80,135,32,8,50,64,72,3,19,133,212,8,4,149,32,0,142,192,20,12,184,92
2,193,0,136,4,129,132,37,4,0,80,2,32,8,48,64,64,2,19,1,80,8,0,149,32,32,138,192,20,8,176,0
2,131,0,136,148,129,8,33,4,68,80,135,0,6,50,64,68,3,131,133,80,8,0,149,40,0,138,193,20,12,180,80
2,131,32,136,148,193,156,35,4,5,88,163,0,44,50,64,76,3,147,133,18,8,4,213,40,0,138,193,20,12,180,80
3,195,32,140,4,129,140,37,68,68,80,135,32,8,50,64,72,0,19,5,212,8,4,149,32,0,142,192,28,12,144,92
3,195,32,136,132,129,140,37,4,4,80,135,32,8,50,64,72,0,19,133,212,8,0,149,32,32,142,192,28,12,144,72
3,193,0,136,4,129,12,37,4,4,80,135,0,8,50,64,64,0,19,5,212,8,4,149,32,32,138,192,28,12,152,88
2,148,18,152,211,165,184,67,190,25,72,18,12,150,32,72,231,27,147,144,18,136,18,213,25,20,26,74,144,64,161,131
3,193,0,140,132,128,140,37,4,64,80,199,32,8,50,64,64,0,19,5,212,40,4,149,32,32,142,128,28,28,152,20
2,181,16,152,219,225,184,67,14,17,72,162,12,158,36,64,239,27,147,145,18,10,18,213,9,4,154,75,145,0,165,146
2,160,50,152,116,169,184,66,222,25,80,16,140,138,116,72,167,11,19,17,146,40,2,215,12,30,26,202,148,0,33,129
2,131,0,136,132,129,12,37,4,4,80,135,0,10,50,64,64,2,19,133,80,8,0,149,40,0,142,192,20,12,148,64
66,0,18,136,98,136,184,96,172,0,112,0,140,130,32,64,230,33,14,32,64,1,2,197,148,48,10,200,16,0,33,129
34,32,66,201,76,129,232,80,5,33,242,2,8,139,116,72,104,136,23,144,10,154,65,208,22,12,154,192,55,136,112,128
2,148,18,153,51,226,56,2,30,1,74,179,172,30,32,72,231,59,147,145,34,156,17,215,4,38,154,195,148,4,37,91
2,131,0,140,132,129,12,37,4,4,80,135,32,12,50,64,64,2,147,133,80,8,0,149,32,32,138,192,20,12,180,88
55,8,98,138,84,145,202,64,69,64,209,10,40,200,53,112,120,168,23,195,142,51,44,253,16,8,130,168,117,175,114,196
35,200,99,76,70,147,189,228,68,64,116,134,56,12,182,100,110,48,146,205,197,186,36,253,34,40,138,128,87,156,116,252
114,104,34,138,84,129,138,64,198,0,209,10,32,200,49,64,104,168,19,67,194,178,140,189,176,32,138,168,21,11,50,136
2,131,32,140,132,129,12,37,4,68,80,135,32,12,50,64,64,2,19,133,212,8,4,149,32,32,138,193,20,12,180,64
50,233,66,142,92,129,138,224,6,0,208,2,32,202,48,64,72,40,23,195,74,11,0,253,176,160,138,248,20,11,50,136
3,137,2,137,20,131,174,229,4,4,82,7,32,10,50,64,104,35,19,197,214,184,0,253,40,0,142,192,29,12,184,204
3,201,0,140,132,16,6,37,4,64,16,71,96,98,178,192,64,98,18,199,85,8,12,189,40,32,143,128,28,60,152,12
0,128,0,136,4,129,8,32,4,0,80,2,0,10,48,64,64,0,19,129,0,0,0,149,0,32,138,64,20,8,16,0
1,193,1,136,132,144,12,37,68,64,80,66,32,8,178,224,72,2,2,1,197,40,36,149,32,32,142,64,28,28,184,76
0,193,0,130,132,0,14,165,132,0,145,2,64,42,32,66,64,66,10,194,80,9,8,160,32,0,142,16,20,91,144,8
3,193,1,136,4,145,140,37,68,0,80,66,32,8,176,228,72,0,18,9,197,40,36,149,32,32,142,128,21,24,152,44
3,193,33,140,4,129,140,37,68,64,80,67,32,8,48,224,72,0,19,5,193,40,4,149,32,32,142,128,20,28,152,44
3,193,98,136,4,145,140,37,68,64,80,2,168,8,182,96,72,1,18,129,196,168,116,213,32,40,138,64,21,28,240,76
3,193,33,140,4,129,140,37,4,64,80,199,32,12,48,224,72,0,19,5,197,8,4,149,32,32,138,128,20,12,184,92
2,149,18,136,151,165,176,99,4,9,88,34,44,62,32,64,236,51,147,145,18,136,16,223,41,36,154,194,144,8,177,131
35,201,96,140,20,145,140,229,68,64,80,7,40,8,54,64,72,42,19,197,198,40,4,253,32,8,138,192,93,28,248,156
36,72,106,206,68,131,227,112,69,0,117,2,114,201,181,36,88,232,23,106,200,162,44,189,80,40,160,136,119,187,112,160
2,149,34,136,147,225,184,99,14,69,72,163,44,174,50,64,103,19,147,149,18,8,20,213,40,38,154,195,148,68,181,82
2,150,32,136,147,225,184,67,14,69,72,183,12,174,34,64,103,27,147,149,50,136,16,215,8,4,154,195,148,4,181,210
60,0,98,68,68,18,202,80,65,128,247,2,67,9,189,48,120,172,23,170,136,179,36,140,82,233,160,132,119,170,114,128
2,32,18,145,102,136,184,64,175,17,80,0,140,138,96,88,166,9,23,144,2,16,130,208,4,16,154,234,148,0,33,129
35,72,99,140,4,146,142,96,68,64,80,198,32,8,181,228,72,96,18,207,197,168,36,253,34,40,138,128,95,188,120,156
2,208,16,152,79,133,184,64,142,24,16,2,12,158,96,9,236,25,147,145,2,11,18,209,17,16,138,234,16,8,49,131
2,0,18,137,70,128,184,64,140,16,208,130,140,134,32,64,110,153,19,128,2,2,2,192,20,32,138,136,21,0,33,128
2,149,48,136,23,225,185,66,14,1,88,34,28,30,32,64,239,27,147,145,18,8,16,213,73,4,154,195,149,8,53,18
131,77,67,140,4,144,174,230,68,64,90,198,40,8,181,228,108,99,18,207,197,136,4,239,32,40,142,128,29,124,120,28
54,0,66,224,4,2,74,80,9,160,179,10,11,10,53,16,120,132,23,227,8,179,65,200,146,200,130,148,101,171,112,128
26,149,18,168,147,193,184,99,4,1,88,162,45,30,32,64,106,19,131,128,18,8,0,213,225,193,138,67,49,8,165,154
3,200,4,136,20,145,138,228,68,64,80,199,32,136,178,225,72,40,18,197,199,40,4,189,32,32,138,128,29,28,56,12
130,151,0,144,147,96,20,39,20,7,8,179,8,62,32,64,193,19,131,129,48,8,16,130,41,6,158,67,148,72,164,18
54,8,114,225,102,10,250,144,105,160,51,10,15,9,53,0,126,197,21,227,136,176,4,200,146,88,131,132,103,171,81,129
104,0,67,192,100,8,105,80,33,0,244,74,59,3,160,84,106,136,23,136,9,50,224,192,86,184,162,128,103,136,98,160
0,0,0,136,4,1,8,0,4,0,16,2,0,10,32,64,64,0,2,0,0,0,0,128,0,0,138,0,20,8,16,0
134,32,146,147,98,141,184,64,190,25,83,16,140,130,104,73,166,25,2,16,2,212,2,192,4,16,26,198,128,0,33,129
134,176,146,153,19,228,56,66,62,1,67,18,12,150,104,72,247,25,147,145,50,148,16,210,13,22,154,70,144,0,33,131
3,192,104,200,132,145,141,245,68,0,84,2,0,8,180,100,72,64,19,201,193,40,36,181,34,40,142,192,23,152,240,44
131,193,0,156,148,128,140,165,84,65,80,199,32,40,50,193,72,2,19,197,245,8,4,157,40,32,142,192,28,12,184,92
32,216,104,206,70,195,151,240,68,68,116,163,49,205,55,0,72,248,147,203,192,170,60,189,99,9,160,169,117,187,116,250
3,193,33,136,132,145,142,165,4,64,80,194,0,12,176,228,72,67,19,199,213,8,12,181,40,0,142,192,29,28,184,76
6,20,146,152,23,226,184,66,22,1,75,179,12,222,40,72,123,59,147,145,18,156,17,215,9,38,154,67,149,66,37,146
131,193,32,140,132,145,140,39,68,64,88,135,32,44,178,96,72,2,19,197,244,40,36,159,32,32,142,128,20,28,176,92
56,216,88,234,86,197,222,244,4,0,116,3,57,223,33,64,76,249,151,195,74,42,24,189,115,193,168,9,53,155,36,155
3,135,34,137,148,163,168,103,4,5,90,199,8,42,50,64,104,3,19,165,150,152,69,213,44,36,138,192,29,12,185,196
18,249,0,138,27,193,26,224,134,16,128,163,44,214,32,64,74,177,219,195,66,11,26,253,185,0,139,123,20,15,37,90
2,159,32,142,146,129,14,167,4,4,88,167,96,38,42,64,77,83,131,199,210,8,8,255,40,36,142,193,20,14,148,88
131,207,32,138,148,129,142,231,4,4,89,151,64,8,50,64,72,66,131,199,214,40,12,183,40,0,142,193,29,30,184,68
6,139,4,154,146,193,30,164,22,21,80,163,104,238,40,65,77,83,163,211,114,72,10,245,40,2,222,193,20,14,180,72
3,131,32,136,148,129,140,37,4,4,80,135,32,10,50,64,68,3,147,133,214,8,4,213,40,32,138,193,20,12,184,80
1,8,43,206,4,2,139,0,68,192,80,66,112,72,181,96,88,96,18,207,129,160,36,40,0,40,170,128,21,59,112,104
2,129,0,136,149,133,136,99,4,9,88,2,0,40,48,64,200,2,19,145,82,40,16,149,41,0,138,192,16,8,176,2
2,131,0,136,148,129,140,101,4,4,80,135,0,10,50,64,76,2,147,133,210,8,4,213,40,32,138,193,20,12,180,88
3,195,32,140,4,129,140,229,4,68,80,199,32,8,50,64,72,2,19,197,212,8,4,149,32,32,138,192,29,12,184,92
130,130,34,152,20,163,8,64,20,5,83,147,96,194,50,64,88,41,131,149,178,156,4,223,0,38,154,193,148,12,52,64
1,133,67,201,148,179,160,35,76,1,122,66,168,8,180,228,104,34,2,152,147,184,101,221,44,60,130,64,85,136,241,164
3,193,0,140,132,145,142,231,68,64,88,199,32,8,178,64,72,2,19,199,212,8,4,181,32,0,142,192,29,28,184,92
2,203,36,152,20,129,138,164,22,21,80,167,32,140,50,64,76,35,131,197,198,8,4,253,40,6,158,193,20,12,188,72
3,201,33,140,4,147,142,236,68,64,80,198,96,72,189,228,88,96,18,239,197,32,44,189,32,40,143,128,31,62,120,92
131,2,34,153,4,131,168,64,20,21,82,151,8,138,122,73,124,9,19,149,166,156,1,208,4,0,154,196,21,12,48,192
58,209,64,168,71,193,156,229,5,4,208,163,45,30,48,64,74,185,147,193,74,170,16,157,49,193,138,227,53,28,180,218
3,195,32,136,20,129,140,229,68,4,80,199,32,8,50,64,72,3,19,197,214,40,4,221,32,0,142,192,21,12,184,140
50,0,64,200,68,0,200,72,1,0,48,10,0,10,52,80,88,128,23,160,8,34,65,192,18,40,128,164,117,136,112,128
130,215,0,136,130,129,156,103,20,2,88,179,8,38,32,65,79,19,147,132,112,8,0,210,40,0,142,128,20,92,164,81
130,202,32,152,30,193,152,196,22,21,80,163,40,142,50,64,76,25,147,193,2,12,2,245,0,0,154,203,21,12,52,202
2,133,0,136,146,193,152,99,4,69,88,163,44,46,34,64,78,19,147,129,82,8,0,213,40,36,138,195,20,12,181,82
3,201,32,140,20,145,140,229,68,64,80,199,32,8,182,64,72,34,19,197,199,40,4,253,32,40,142,128,29,28,248,92
2,142,32,152,20,129,136,230,22,5,80,179,32,14,50,64,77,11,131,133,34,8,4,255,8,38,154,193,20,12,52,200
2,130,0,152,151,193,152,103,22,5,80,179,8,142,34,64,73,27,131,145,50,8,0,215,40,6,158,227,148,12,180,202
2,133,0,152,147,225,144,99,22,5,72,179,8,174,34,64,73,27,131,145,50,8,0,215,41,6,158,227,148,12,180,210
3,139,2,136,148,145,140,231,4,5,88,135,32,40,50,64,76,3,147,197,214,136,4,221,40,32,142,193,29,12,184,92
2,149,32,152,147,225,144,67,22,69,72,179,12,190,34,64,203,27,147,145,50,8,0,215,41,6,154,227,148,76,180,82
7,12,135,218,148,178,170,200,150,146,83,66,72,226,185,236,121,105,50,184,33,212,46,222,8,38,207,196,150,106,49,36
7,32,131,128,14,131,184,72,142,224,211,195,76,206,121,202,126,61,59,149,135,213,138,208,24,0,203,172,12,38,41,144
3,201,2,140,132,145,172,101,4,64,82,199,32,40,182,192,108,35,19,197,197,152,4,253,32,40,142,128,29,28,184,92
60,72,106,110,68,146,202,112,69,128,116,2,123,201,177,112,88,232,23,234,136,178,36,188,82,233,160,136,119,187,112,136
14,8,167,214,4,131,169,88,150,130,81,66,88,227,241,205,121,104,51,187,161,228,42,218,8,6,207,132,151,108,48,160
2,133,18,136,147,225,184,99,6,5,88,163,44,54,32,64,107,27,131,144,18,136,0,213,8,4,154,195,148,0,165,130
11,88,113,77,103,155,175,244,77,96,118,194,57,28,181,164,46,120,18,76,193,184,52,253,39,89,0,0,119,188,73,237
172,12,128,158,68,161,135,208,22,130,84,2,113,225,241,13,89,106,2,10,96,230,10,186,72,6,231,32,247,249,112,168
33,72,107,206,20,131,203,240,68,0,116,2,112,65,181,96,88,96,18,234,193,160,36,125,96,40,162,128,117,187,112,168
52,8,66,174,92,131,66,64,133,128,209,10,99,200,49,80,120,168,31,99,8,163,8,140,144,192,139,56,53,43,112,0
2,148,18,152,151,228,176,66,30,1,74,18,12,158,32,72,231,27,147,144,18,156,16,215,9,22,154,67,144,0,33,18
36,40,238,254,76,131,137,112,208,130,113,2,112,233,53,11,88,104,51,131,160,230,14,136,64,11,227,168,69,40,114,136
2,134,18,152,51,224,56,3,62,5,90,179,44,190,34,64,103,27,147,145,50,156,0,215,8,38,154,195,148,4,165,83
2,32,2,129,68,128,168,64,172,17,210,2,136,130,96,74,106,169,27,144,2,146,0,192,20,0,138,192,0,0,33,128
52,8,98,110,100,19,202,88,193,128,241,10,99,200,181,32,248,168,6,227,136,163,44,140,146,248,129,24,119,187,114,132
39,9,227,76,84,146,170,64,64,192,91,70,96,232,183,228,120,108,50,255,133,178,172,232,10,44,139,136,205,175,120,132
48,0,98,224,68,2,232,80,69,0,242,2,11,9,52,16,120,136,6,160,136,178,1,204,18,232,130,0,103,136,114,128
2,142,2,152,50,225,58,198,30,5,74,179,44,174,34,64,231,59,131,145,18,136,4,247,8,38,154,195,148,69,37,91
60,0,114,78,108,151,218,112,193,136,245,10,107,201,181,84,218,160,23,106,136,163,32,157,146,249,129,26,119,187,112,33
35,75,226,158,20,144,138,196,70,69,88,135,32,232,55,64,72,106,51,199,132,170,6,233,0,44,158,136,221,127,120,220
248,0,102,217,68,178,104,82,117,17,246,18,11,11,180,125,104,132,38,152,168,254,101,196,86,234,210,64,183,136,112,4
35,72,99,140,4,144,142,100,68,64,82,70,32,8,181,228,72,96,18,207,197,168,36,173,32,40,138,128,29,28,120,140
58,16,114,236,111,7,82,120,197,136,245,42,74,93,37,16,222,176,134,106,136,163,0,156,210,248,1,154,115,171,114,3
44,200,104,73,68,3,239,252,68,0,116,2,17,9,181,0,120,128,6,234,200,176,97,61,102,137,164,68,117,185,112,168
3,195,32,140,20,145,140,101,68,68,80,135,32,40,178,192,72,34,19,133,212,40,4,221,32,32,142,128,29,12,184,220
45,88,107,206,100,147,235,112,68,72,87,98,113,93,181,228,94,32,22,238,193,176,44,188,102,41,162,128,119,187,112,225
50,16,82,172,127,67,82,104,133,8,240,171,11,156,37,16,222,177,223,227,72,163,64,156,144,193,0,191,117,46,38,19
2,148,18,152,147,229,176,99,14,1,72,19,12,190,32,64,231,19,147,145,18,136,16,215,9,38,154,67,144,4,165,18
6,169,132,158,26,131,152,233,150,176,80,131,104,238,121,2,95,125,115,213,66,192,138,249,8,2,207,172,148,38,49,8
56,18,98,232,7,75,208,112,101,68,242,171,3,12,55,16,120,156,135,161,136,179,1,140,146,233,128,151,117,172,118,83
6,205,132,158,148,131,142,237,22,147,24,2,96,232,121,64,89,106,51,195,114,96,10,187,40,6,207,164,149,120,176,128
2,180,144,152,83,229,176,66,30,19,72,19,12,158,96,72,233,27,147,145,50,14,18,211,9,6,154,107,144,76,37,210
0,73,66,129,108,137,168,69,172,1,242,2,168,138,97,74,104,168,14,208,66,146,194,192,4,16,154,96,21,24,241,136
3,72,97,14,4,144,143,244,68,64,80,70,96,72,181,228,72,96,18,207,197,160,44,253,32,40,142,128,29,191,112,236
2,201,0,140,148,131,140,231,4,0,88,2,32,40,48,64,72,34,19,193,80,8,0,189,40,0,142,192,20,24,176,8
50,65,66,128,68,9,234,68,45,0,240,2,8,10,49,64,104,137,31,193,66,179,64,208,148,0,138,232,21,25,226,128
131,0,19,216,100,152,168,80,173,17,84,80,172,130,228,239,230,41,26,152,3,16,34,209,6,24,10,232,22,128,33,165
48,65,66,168,20,3,202,65,5,0,240,10,11,10,37,16,120,136,6,224,8,179,0,204,176,200,130,4,117,25,242,128
138,144,146,248,48,165,57,82,191,25,84,48,172,147,32,76,231,25,55,24,18,156,2,213,203,215,58,202,146,128,33,163
3,193,34,140,20,131,168,101,4,69,82,135,32,14,50,64,76,35,147,133,214,152,4,157,32,32,138,192,20,12,176,88
35,76,99,204,4,146,175,226,68,66,88,66,32,72,181,228,72,96,18,207,193,160,36,255,32,46,130,128,95,191,112,236
2,131,34,136,148,193,156,101,6,5,80,163,40,142,50,64,76,11,147,133,82,8,6,213,40,4,138,203,21,12,180,200
1,200,98,136,20,145,162,228,68,65,84,2,40,8,182,228,104,40,18,205,199,184,36,253,32,40,130,64,85,28,249,204
138,148,18,185,49,164,56,82,191,25,80,48,172,146,32,72,231,27,31,16,50,141,2,215,137,246,26,202,144,0,33,3
2,128,82,153,116,160,184,2,62,1,114,18,172,138,52,72,227,11,19,17,50,188,0,215,12,62,154,192,148,8,33,129
2,151,18,136,18,227,184,99,12,1,88,162,44,54,32,64,238,59,147,128,18,152,0,221,32,36,138,195,20,0,165,155
2,0,98,153,68,128,168,64,124,17,82,18,172,138,116,72,106,41,19,145,130,188,7,209,4,56,154,192,149,8,113,128
35,202,34,140,84,145,142,228,68,68,80,199,32,136,182,192,72,40,19,197,198,170,4,253,32,40,138,136,29,28,120,204
50,137,0,170,28,129,74,104,135,0,209,10,98,200,40,80,88,168,23,98,74,3,10,157,176,128,139,248,52,10,50,128
32,72,106,206,68,129,195,240,68,0,117,2,113,73,181,96,72,96,19,74,128,162,44,189,64,9,160,0,117,187,112,168
2,0,2,137,20,131,168,64,132,1,82,2,8,136,48,72,104,40,51,145,0,187,3,204,16,32,154,128,20,8,48,136
2,20,18,152,55,230,184,66,28,9,90,50,44,62,32,64,239,51,147,145,50,152,16,223,1,54,154,194,144,72,33,147
46,8,99,202,84,147,139,112,68,64,116,130,48,205,181,164,76,40,19,239,129,162,44,253,66,8,171,128,119,191,112,252
2,135,32,136,148,193,136,99,4,5,88,163,8,46,50,64,76,19,147,145,18,8,0,213,40,32,138,193,20,12,180,64
3,201,96,140,20,145,142,228,68,64,80,71,32,8,182,224,72,96,18,71,199,168,4,189,32,40,138,128,93,28,120,140
54,0,66,236,70,2,202,64,5,128,243,130,75,206,53,80,126,185,23,163,8,179,0,204,146,232,138,136,117,174,112,128
3,193,0,136,20,129,140,101,4,68,80,199,32,8,50,64,72,2,19,133,214,8,4,157,32,32,138,192,28,12,184,92
82,64,82,172,70,2,104,64,41,0,242,2,43,10,33,80,122,173,23,224,8,179,0,204,144,224,138,128,33,16,35,136
2,160,16,217,116,137,184,64,143,25,112,0,140,139,244,8,174,9,2,16,2,40,2,213,6,24,10,234,86,136,1,129
3,137,34,140,20,147,172,101,68,64,82,199,32,8,182,192,104,34,19,133,213,184,4,221,32,40,142,192,29,12,248,220
2,129,0,140,4,129,12,33,4,0,80,2,32,2,48,64,64,2,19,129,80,8,0,213,32,32,138,192,20,8,176,0
35,201,99,140,20,147,142,229,68,64,80,70,32,8,182,228,72,34,18,197,197,168,36,189,32,8,142,128,93,28,248,204
3,193,0,140,4,145,132,229,68,64,80,71,32,8,182,224,72,32,18,69,199,40,4,189,32,40,142,128,29,28,216,12
2,135,32,140,148,129,140,167,6,5,88,167,32,46,50,64,76,35,147,133,214,8,4,223,40,38,158,193,20,12,180,88
3,203,32,140,148,129,142,231,4,68,88,135,32,44,50,64,76,34,147,197,214,8,4,253,32,32,142,192,29,12,184,92
3,193,32,136,4,129,140,37,4,64,80,131,0,12,50,64,72,0,19,133,214,8,4,149,32,32,138,192,20,12,176,80
2,203,32,136,148,129,142,231,4,4,88,135,32,8,50,64,76,2,147,197,214,8,4,253,32,32,142,192,29,12,184,72
3,193,32,136,4,145,140,164,68,68,80,135,32,12,50,96,72,0,19,69,196,40,36,189,32,0,138,192,21,28,184,92
3,129,50,136,183,149,188,37,76,73,82,7,140,30,50,96,230,3,19,149,215,136,16,213,41,48,142,194,28,12,185,87
2,131,32,136,148,129,12,231,4,5,88,131,40,14,50,64,76,3,147,197,210,8,0,253,32,32,142,193,20,12,180,72
2,135,0,136,146,193,156,39,4,4,88,167,40,14,34,64,78,19,147,133,82,8,0,213,32,0,138,193,20,12,180,80
34,193,96,200,86,209,156,229,5,4,116,163,40,15,164,68,78,145,147,192,82,10,36,245,42,0,142,195,55,156,244,154
2,147,32,136,148,193,152,99,4,69,24,167,8,46,50,64,76,19,147,149,210,8,0,213,40,0,142,193,148,12,180,80
34,203,0,136,92,129,14,229,134,5,208,207,32,138,50,64,76,139,135,197,206,11,6,245,56,0,142,249,20,28,184,136
1,9,75,206,20,130,139,56,68,192,89,66,113,224,185,96,88,96,18,235,193,160,44,61,0,46,171,128,61,171,112,32
112,0,80,225,38,9,200,8,9,32,176,10,139,8,92,18,74,129,85,33,8,34,65,192,146,216,0,60,101,136,66,0
2,133,2,141,148,163,40,35,4,65,90,131,160,46,48,64,68,38,19,165,80,152,65,221,36,32,138,192,20,12,176,8
114,0,66,224,4,2,104,64,33,0,242,2,11,10,52,80,120,133,4,161,8,179,1,192,146,233,130,132,37,128,112,0
2,48,144,145,233,173,176,75,26,51,0,16,140,190,64,8,133,27,147,17,18,92,210,210,13,22,26,110,144,64,131,146
3,201,3,140,4,16,142,165,68,64,80,198,32,8,181,228,72,98,18,79,197,40,4,189,32,40,142,128,29,60,120,12
3,193,32,136,148,129,140,165,68,64,80,135,32,12,50,64,72,2,19,133,214,8,4,149,40,32,142,192,20,12,176,92
2,135,0,140,148,131,10,43,4,4,88,2,96,98,32,64,80,34,19,32,80,8,1,221,40,32,143,196,20,8,176,8
3,201,3,140,4,144,142,37,68,192,80,70,32,104,180,228,72,98,18,197,197,168,4,189,32,40,142,128,29,60,120,12
2,135,0,136,144,225,12,39,4,5,88,179,0,46,34,64,77,19,131,145,82,8,0,151,40,0,142,193,148,76,148,82
244,0,102,204,12,18,193,80,197,128,247,18,64,73,189,103,88,164,46,42,168,163,32,136,18,168,194,20,103,170,112,36
2,145,34,136,23,193,152,103,4,5,72,131,40,14,34,64,72,51,147,129,82,136,16,221,41,32,138,67,21,12,181,218
2,129,0,140,132,129,12,37,4,0,80,2,32,42,48,64,72,2,19,129,80,8,0,157,32,32,142,192,20,8,176,8
32,200,106,205,68,130,229,117,100,0,118,2,49,1,176,96,104,36,18,136,193,184,36,77,100,41,162,0,101,184,240,40
3,205,0,140,132,145,140,39,68,64,88,71,32,40,50,224,72,34,19,133,197,168,4,157,32,32,142,128,29,12,184,12
230,0,98,158,76,0,128,64,208,192,83,18,64,200,119,75,88,108,51,227,160,230,134,200,16,40,203,136,5,47,112,128
129,132,99,205,20,147,169,112,84,0,118,18,176,8,180,228,72,40,18,169,177,188,101,159,4,42,146,0,87,136,112,36
3,193,106,204,6,144,237,53,68,0,86,2,49,11,176,96,106,1,19,137,192,136,36,213,98,41,170,128,53,136,241,40
43,8,99,78,84,145,203,112,69,0,113,66,120,75,181,228,120,168,18,202,193,162,44,253,16,40,130,128,87,171,96,172
130,16,146,152,102,133,184,64,158,25,80,178,172,158,32,72,238,57,147,129,2,130,2,209,4,16,154,138,20,8,33,145
2,133,32,136,149,193,138,167,6,5,72,131,32,46,50,64,64,10,19,133,82,8,20,181,41,4,138,97,20,12,148,74
2,136,36,142,20,129,10,228,134,69,64,135,32,4,50,64,64,40,147,197,82,8,12,189,40,36,138,192,20,14,48,216
2,202,0,138,20,129,138,228,6,4,192,135,32,134,50,64,76,25,147,197,66,9,8,253,32,32,138,225,21,15,52,216
130,52,144,145,50,171,56,10,30,51,18,178,140,22,64,72,39,27,147,16,34,116,65,210,12,22,26,167,148,76,5,145
50,0,10,136,4,131,192,64,4,0,208,10,16,136,48,64,88,168,23,1,10,187,64,157,144,160,170,184,21,8,48,136
3,137,35,140,22,144,172,39,68,64,90,66,40,42,180,228,106,35,18,205,215,136,36,221,32,40,138,128,21,12,177,108
32,201,104,204,20,145,207,245,4,0,116,2,49,9,180,96,72,162,19,200,192,168,36,189,98,169,162,128,119,152,240,168
134,40,130,158,5,134,10,64,22,130,65,18,32,194,33,72,72,104,19,194,34,196,154,170,1,38,218,8,148,41,48,128
34,24,2,138,77,197,146,96,132,0,192,10,32,152,49,0,200,40,19,195,66,43,26,189,17,0,138,43,21,27,52,138
40,8,106,236,84,130,234,112,68,0,119,2,113,9,180,64,120,160,23,234,200,186,0,157,66,233,162,128,119,171,112,128
2,0,50,201,100,137,168,64,206,17,80,2,140,136,116,72,234,9,19,17,130,32,2,209,4,24,26,200,84,8,97,129
33,4,67,137,20,163,168,66,4,1,122,66,0,8,36,128,72,42,2,16,7,184,65,150,4,12,154,64,221,8,120,128
2,5,0,138,132,32,140,1,4,0,25,3,64,106,56,64,72,3,19,133,16,0,8,192,0,32,138,128,148,78,176,0
130,130,18,152,18,193,56,66,62,5,82,179,12,134,32,64,103,25,147,144,18,140,2,215,8,4,154,193,20,4,37,209
3,193,2,140,20,145,140,37,68,65,80,199,32,8,50,64,72,34,19,197,199,136,4,189,32,36,138,192,28,12,184,12
35,0,106,204,68,19,233,112,69,64,118,2,48,8,181,36,120,168,18,41,129,178,37,140,86,40,130,128,87,136,112,172
3,205,0,140,4,145,142,167,68,64,88,71,32,40,178,224,72,34,18,197,197,40,4,189,32,32,142,128,28,28,184,12
2,133,34,136,151,193,184,103,4,1,90,163,44,30,32,64,110,19,147,129,82,136,0,213,40,4,138,195,21,12,165,18
35,201,0,138,84,145,142,229,68,64,80,71,32,136,50,224,72,42,19,199,199,42,12,189,32,0,142,136,29,30,248,140
3,201,0,140,4,145,140,167,68,64,88,199,32,8,50,192,72,2,19,69,197,40,4,157,32,32,142,128,28,28,184,28
2,72,1,140,4,0,130,164,4,0,80,66,48,8,49,64,72,96,19,65,65,32,0,189,32,32,138,128,20,25,48,40
2,135,0,152,146,225,24,99,22,5,24,179,0,46,34,64,77,19,131,148,50,8,0,215,8,4,138,193,148,76,180,82
2,195,0,140,20,128,140,101,4,5,80,135,32,130,50,64,68,42,3,133,86,8,4,157,32,32,138,192,28,12,184,72
2,131,0,136,148,129,8,35,4,5,88,163,0,46,50,64,76,3,131,133,82,8,0,213,40,32,138,193,20,12,180,64
3,193,32,136,20,129,140,165,4,64,80,199,32,8,50,64,72,0,19,133,212,8,4,157,32,32,142,192,29,28,184,28
3,193,0,140,148,129,140,167,4,69,88,135,32,40,50,64,64,2,19,197,212,8,4,157,40,32,142,128,28,28,184,92
3,200,32,140,4,145,142,228,68,64,80,71,32,8,178,224,72,32,18,197,197,40,4,189,32,32,138,128,29,28,248,12
3,193,32,140,132,129,140,167,4,68,88,135,32,44,50,64,72,2,19,197,212,8,4,149,32,32,142,192,20,28,176,92
2,148,16,152,19,229,56,66,14,1,72,18,12,150,32,64,231,27,147,144,18,12,16,215,9,6,154,194,144,64,37,19
2,193,32,136,132,129,140,37,4,64,80,3,0,8,48,64,72,2,19,133,208,8,4,149,32,32,142,192,20,28,176,64
2,193,0,140,132,129,132,37,4,0,80,2,32,8,48,64,72,2,19,1,80,40,0,149,32,32,138,192,20,24,176,8
2,131,0,136,148,129,8,33,4,68,80,135,0,38,50,64,68,3,131,133,80,8,0,149,40,0,138,193,20,12,180,80
2,135,32,136,150,225,152,99,6,5,88,163,8,46,34,64,79,19,147,145,18,8,4,213,40,4,138,195,148,12,181,82
3,195,32,136,4,129,140,37,4,68,80,135,32,8,50,64,72,0,19,5,212,8,4,149,32,0,142,192,28,12,144,76
2,195,32,136,132,129,140,37,4,4,80,135,0,8,50,64,72,0,19,133,208,8,0,149,32,32,142,192,28,12,144,72
3,195,32,136,4,129,12,37,4,4,80,135,0,8,50,64,64,0,19,5,212,8,4,149,32,32,138,192,28,12,152,80
3,193,0,140,132,128,140,37,4,64,80,199,32,8,50,64,64,0,19,133,197,8,4,149,32,32,142,128,28,28,152,28
2,149,18,152,219,229,184,67,142,17,72,2,12,158,32,64,239,27,147,145,18,10,18,213,9,4,154,107,145,0,165,147
2,176,50,216,115,165,184,66,142,25,88,50,140,158,100,72,231,27,147,145,146,9,2,215,25,30,26,234,144,0,33,131
2,131,0,136,132,129,12,33,4,4,80,135,0,10,50,64,64,2,147,133,80,8,0,149,40,0,142,193,20,12,148,64
66,0,18,136,102,136,184,96,172,0,112,2,140,130,32,64,230,33,31,32,64,1,0,197,148,48,10,200,20,0,35,129
34,32,66,201,68,129,232,64,5,33,242,2,0,139,116,72,104,136,23,144,10,155,1,208,22,12,146,192,55,136,112,128
2,150,2,153,50,224,184,66,30,5,90,183,172,190,32,64,103,59,147,145,50,156,17,223,12,54,154,195,148,4,53,91
2,131,0,136,132,129,12,37,4,4,80,135,0,14,50,64,64,2,147,133,80,8,0,149,32,32,138,193,20,12,180,80
55,72,98,142,84,129,234,240,69,64,112,139,33,205,55,112,104,168,23,199,206,178,12,253,18,73,128,168,119,159,114,204
35,202,98,76,70,147,175,228,68,64,116,134,56,12,182,100,108,48,19,205,197,186,36,253,34,40,130,128,85,156,112,252
2,148,18,141,23,227,56,103,12,1,90,178,44,54,32,64,102,51,147,160,18,152,1,223,33,38,154,195,20,0,165,11
3,201,99,140,22,145,172,101,76,64,80,67,40,8,180,228,110,43,19,197,195,168,4,221,32,40,138,128,85,12,249,205
2,131,32,136,132,129,12,37,4,4,80,135,0,12,50,64,64,2,147,133,208,8,4,149,32,32,138,193,20,12,180,80
50,233,2,142,92,129,138,228,6,0,208,2,34,136,48,64,72,104,23,195,74,139,128,189,176,32,138,184,20,11,50,136
3,201,2,136,20,131,174,229,4,68,82,7,32,8,50,64,104,35,19,197,214,184,4,253,32,0,138,192,29,12,184,76
3,137,0,140,132,144,14,165,68,64,80,71,32,98,50,64,64,66,2,199,212,8,4,189,40,32,142,128,28,12,152,12
2,0,0,136,4,129,128,32,4,0,80,2,0,8,48,64,72,0,19,1,0,32,0,149,0,32,138,192,21,8,48,0
2,0,0,136,4,129,8,0,4,0,80,2,0,8,48,64,64,0,19,129,0,0,0,149,0,32,138,128,20,8,48,0
1,193,1,140,132,145,140,37,68,64,80,66,32,8,178,224,72,2,18,1,213,40,36,149,32,32,142,64,28,28,184,76
4,201,0,130,140,0,14,165,132,0,145,2,64,106,40,66,64,66,10,194,80,9,8,160,40,0,142,80,20,91,176,8
3,193,1,136,4,145,140,229,68,0,80,66,32,8,176,228,72,0,18,9,197,40,36,149,32,0,142,192,21,28,144,44
35,201,66,140,84,145,142,228,68,64,80,71,32,8,182,224,72,32,18,199,199,170,4,253,34,40,138,128,93,28,120,140
3,195,32,140,148,145,140,229,4,68,80,135,40,8,182,64,78,35,147,133,214,136,4,221,32,40,142,192,21,12,185,204
35,72,99,76,68,131,207,240,69,64,112,66,48,73,181,36,88,232,19,235,193,162,36,189,48,40,128,136,119,191,112,236
61,0,106,110,68,18,203,80,69,128,247,2,83,73,189,112,120,172,22,234,136,178,36,136,82,233,160,128,101,171,112,160
114,0,82,128,70,8,232,64,41,0,240,10,12,10,116,16,106,137,23,145,0,50,128,192,22,136,130,168,37,136,114,128
3,131,2,140,20,145,140,101,68,64,82,199,32,8,50,192,88,35,19,133,213,136,5,221,32,32,138,128,28,12,184,28
2,0,2,153,66,128,184,64,172,20,80,130,140,130,96,75,110,25,19,144,2,16,2,209,4,48,154,200,20,0,33,128
48,0,106,225,36,10,72,80,105,32,242,2,19,11,16,16,122,137,21,161,136,178,65,136,210,201,162,132,101,136,66,128
2,148,51,136,23,229,185,82,14,1,88,18,28,158,32,68,239,27,147,145,19,136,16,215,9,4,154,194,149,72,33,35
131,207,2,156,132,144,172,231,20,66,88,199,40,42,50,193,76,3,147,133,244,136,4,255,32,38,158,128,29,28,184,28
54,0,66,160,4,2,234,64,9,32,179,10,11,10,52,64,104,132,31,227,8,179,65,192,146,200,130,148,117,43,112,128
3,200,4,136,28,145,138,228,196,64,80,199,32,136,178,225,72,40,26,199,199,41,6,189,32,32,138,128,29,28,56,140
16,149,26,168,147,225,176,99,4,1,76,2,28,23,32,64,234,27,147,144,18,136,16,213,201,229,10,67,49,8,165,146
6,16,112,128,110,8,186,64,201,48,49,42,140,26,124,3,174,17,95,35,128,33,8,192,20,24,138,166,4,43,81,129
130,151,0,130,133,96,22,167,20,71,9,183,0,46,34,64,73,83,131,131,112,8,8,166,40,4,142,67,148,78,180,82
49,0,67,76,68,18,200,80,65,0,244,74,11,9,180,244,120,140,6,168,137,178,37,140,18,232,128,0,127,168,122,164
0,0,0,136,4,0,0,0,4,0,16,2,0,8,48,64,72,0,19,1,0,0,0,128,0,32,138,0,20,8,48,0
134,176,146,153,19,230,56,66,62,11,67,18,12,150,104,72,247,25,147,144,50,148,16,210,13,22,154,70,144,0,33,131
131,193,4,152,20,145,140,165,84,81,80,199,32,40,50,193,72,2,19,197,247,40,4,189,40,32,142,192,28,12,184,92
3,193,104,200,132,145,140,165,68,64,84,2,0,8,182,100,72,0,18,201,213,40,36,245,34,40,134,192,21,152,240,44
32,216,104,206,68,193,151,244,68,68,116,163,49,221,55,0,72,248,147,195,192,170,60,189,99,9,160,137,117,155,116,250
3,193,0,138,132,145,142,165,4,64,80,194,40,44,178,224,76,67,19,199,215,8,44,245,40,0,142,192,28,30,184,76
2,134,2,137,150,226,184,67,6,5,90,179,8,46,56,64,123,27,147,145,18,152,1,215,12,38,154,199,149,76,181,194
131,193,32,156,132,145,140,167,84,64,80,151,32,40,178,96,72,2,19,197,244,40,36,159,32,32,142,128,21,28,184,92
56,216,88,238,87,197,222,240,4,0,116,3,57,223,33,64,78,249,151,194,74,34,24,189,115,193,160,9,55,155,52,154
2,135,2,137,148,163,168,99,4,5,90,135,8,42,50,64,124,3,131,181,150,152,5,213,44,36,138,193,157,12,184,196
18,233,0,138,27,193,26,224,134,20,128,163,44,214,33,64,74,177,219,195,74,11,26,253,185,0,139,123,20,15,37,90
2,159,32,142,144,129,142,167,4,68,88,167,96,110,50,64,92,34,131,229,214,8,12,191,40,36,143,193,28,14,156,88
134,143,0,138,148,129,142,165,20,5,89,151,64,104,58,64,73,66,131,215,246,8,12,183,40,0,142,193,21,30,156,76
2,137,4,154,146,193,26,164,150,21,81,163,96,238,40,65,73,83,163,209,114,72,10,245,40,2,222,193,20,14,180,74
3,195,32,136,148,129,140,37,4,5,80,135,32,10,50,64,76,3,19,133,214,8,4,149,40,32,138,192,28,12,184,88
2,133,0,136,149,165,136,99,4,9,88,2,0,56,48,64,200,2,19,129,82,40,16,151,41,16,138,194,16,8,176,3
2,148,0,152,23,225,152,66,22,3,72,178,12,158,32,72,75,27,147,145,50,12,16,215,9,6,154,227,148,72,53,146
3,131,32,136,132,129,140,101,4,4,80,135,32,10,50,64,76,3,147,133,214,8,4,149,40,32,138,192,28,12,184,88
130,2,34,137,20,163,168,66,20,5,82,151,0,136,50,72,88,40,147,181,182,156,5,159,0,38,154,192,20,12,60,68
0,133,115,201,52,129,233,115,76,1,120,66,188,1,180,100,106,42,2,8,211,184,36,221,108,24,34,64,85,136,241,169
3,201,32,136,132,145,142,167,68,64,88,199,32,8,182,96,72,66,18,71,213,40,4,189,32,8,142,192,29,28,248,92
2,203,4,152,20,129,138,228,22,5,80,135,32,136,50,65,76,34,147,197,230,8,6,253,40,38,154,192,29,12,56,76
3,201,33,140,4,145,142,236,68,64,80,198,96,72,189,228,88,96,18,239,197,40,44,189,32,40,143,128,29,62,120,92
58,209,88,232,87,197,156,101,4,0,80,2,61,31,32,64,206,153,147,129,82,170,16,157,115,193,138,67,53,8,181,154
3,8,6,158,20,147,138,64,214,64,81,199,32,200,183,224,72,40,19,71,135,160,6,189,0,40,138,136,93,15,120,140
3,65,32,128,132,16,140,133,68,64,80,199,0,8,50,64,72,66,18,197,212,8,36,128,32,0,142,128,28,28,176,84
130,48,144,152,77,197,184,66,158,27,80,18,140,158,96,9,205,25,147,145,34,70,18,208,9,18,218,106,144,12,49,130
3,195,32,140,20,145,140,229,68,68,80,135,32,8,54,64,76,3,19,197,212,40,4,189,32,40,142,128,29,28,248,220
130,215,0,152,134,1,156,167,20,87,16,183,32,46,32,65,79,83,147,133,112,76,0,215,40,34,222,130,20,92,180,89
2,193,0,152,95,193,152,229,134,21,64,131,44,158,96,64,74,25,147,193,82,11,18,213,25,0,138,107,21,12,181,210
2,145,4,152,27,193,144,69,134,21,64,163,8,158,96,64,73,27,131,145,82,8,18,213,9,4,154,107,21,12,181,210
2,177,0,152,147,193,144,67,22,21,0,179,12,158,96,64,201,27,131,145,18,8,18,213,9,4,154,107,144,12,181,210
2,143,32,136,148,129,140,231,4,5,88,167,40,46,50,64,76,3,131,133,214,8,4,221,40,32,138,193,21,12,188,220
66,0,84,128,102,8,248,0,169,16,146,138,140,14,84,83,166,145,221,129,0,1,0,192,148,24,202,154,4,0,3,17
71,32,131,132,78,129,184,64,142,224,147,195,76,206,113,202,126,61,59,149,133,87,130,208,16,0,139,172,13,38,41,144
14,12,135,222,148,179,171,216,22,130,85,66,80,227,181,236,121,104,18,186,33,228,42,250,8,14,207,132,151,235,112,160
2,148,18,152,147,225,48,66,30,1,72,178,12,182,32,72,107,27,147,144,18,136,16,215,9,6,154,67,144,68,37,146
3,201,2,140,132,144,172,103,4,64,90,199,40,40,182,192,108,35,19,197,213,152,4,253,32,40,138,128,29,12,184,28
60,72,106,110,68,146,202,112,69,128,116,2,115,73,177,112,92,232,23,234,200,178,36,172,114,233,160,136,119,187,112,136
3,72,99,204,4,129,143,224,68,64,80,66,48,72,181,100,72,96,18,203,193,160,36,253,32,40,138,128,21,185,112,108
60,72,66,238,84,131,74,80,5,128,241,11,99,201,53,16,120,232,23,231,8,163,8,172,146,233,128,152,55,191,112,128
2,148,18,152,147,225,184,66,30,1,74,50,12,158,32,64,231,27,147,145,18,136,16,215,9,6,154,67,149,0,37,146
40,32,234,252,68,130,129,112,80,130,113,26,113,233,52,9,88,40,51,161,160,246,130,142,80,47,243,168,101,40,114,128
2,135,32,136,150,161,152,99,6,5,88,167,12,14,50,64,78,27,147,149,146,8,4,213,40,0,138,195,21,12,181,81
52,72,98,238,100,129,194,72,197,128,241,10,99,200,53,32,88,168,6,99,200,35,68,204,146,248,129,24,119,187,114,132
2,32,18,129,68,136,168,64,172,17,80,2,140,138,96,64,110,169,31,144,2,145,0,192,20,16,138,192,4,0,33,128
39,72,226,12,92,144,170,192,70,192,80,70,32,200,183,228,88,104,50,207,135,162,134,233,18,44,139,136,93,63,120,140
2,143,2,138,146,160,186,99,12,5,91,167,44,110,50,64,230,35,147,149,150,136,4,253,40,36,138,195,28,6,173,93
138,0,244,249,102,176,104,18,125,19,86,18,137,11,180,105,103,129,63,152,162,220,35,195,6,219,210,192,183,136,96,4
3,131,32,140,20,145,140,101,4,68,80,135,32,40,50,64,76,35,147,133,214,8,4,221,32,32,138,192,29,12,184,92
58,16,114,204,101,7,91,120,69,136,245,42,75,89,181,84,94,176,151,106,200,179,0,156,210,249,129,146,119,171,112,131
60,201,104,105,84,3,231,252,68,32,116,2,19,9,181,0,120,136,6,234,200,178,97,28,118,137,164,68,117,152,112,168
2,148,18,152,147,229,176,99,14,1,72,19,12,190,32,64,231,27,147,145,18,136,16,215,9,38,154,67,144,4,165,18
60,16,114,236,103,82,82,120,69,136,247,163,91,93,177,68,126,180,151,170,136,179,32,140,210,233,160,145,119,175,116,147
2,161,134,156,26,131,152,105,134,176,80,131,104,206,121,2,94,125,123,213,66,193,138,220,8,0,207,172,20,36,49,136
2,135,34,137,146,163,184,111,6,5,88,163,12,142,58,64,127,27,147,149,18,152,4,213,44,4,138,231,149,12,189,193
3,131,32,136,148,129,140,229,4,5,80,135,32,8,50,64,76,11,147,197,214,8,4,157,40,0,142,193,21,12,184,204
6,141,132,158,148,131,142,232,22,146,16,2,96,232,121,64,89,106,51,195,114,96,10,187,40,6,207,164,149,120,48,128
34,65,66,129,108,137,236,69,45,0,176,2,136,10,112,88,106,137,31,145,72,51,64,192,148,16,138,168,21,24,241,136
3,201,65,142,4,145,142,228,68,64,80,70,32,8,181,228,72,96,18,79,197,168,44,253,32,40,142,128,31,191,112,108
3,0,83,192,100,153,232,64,237,80,52,70,172,138,246,245,230,161,30,152,135,0,36,192,22,24,138,232,30,132,41,133
50,65,66,128,84,3,236,69,45,32,240,10,11,10,117,64,106,137,23,225,72,179,0,192,176,200,138,228,53,24,227,128
37,13,107,78,68,162,239,112,69,192,127,66,113,105,181,100,120,168,19,234,129,178,36,204,98,44,162,128,119,251,112,164
3,129,34,140,20,131,172,101,4,68,82,135,32,12,50,64,76,43,147,133,214,152,4,157,32,32,138,192,20,12,176,88
2,195,34,136,148,129,156,101,6,5,80,167,32,142,50,64,76,11,131,197,214,8,6,221,40,4,138,193,21,12,180,200
35,76,98,156,4,147,142,230,84,66,88,198,32,8,183,228,72,106,18,207,229,172,4,255,34,46,154,128,29,28,120,140
2,149,18,136,18,227,152,99,12,1,88,162,44,22,32,64,102,59,147,128,18,152,0,221,32,32,138,195,20,0,165,155
2,148,18,152,59,228,184,67,159,25,88,18,172,158,32,64,231,27,159,145,50,141,18,215,153,150,26,194,144,0,161,19
2,148,50,152,247,165,184,66,14,9,88,18,140,158,36,64,231,27,147,145,146,8,18,215,9,20,154,202,144,8,33,147
130,0,98,153,116,128,168,64,126,17,82,18,140,138,116,72,106,41,19,145,130,188,6,209,4,56,154,192,149,8,49,128
54,137,64,138,92,129,74,96,7,0,209,10,98,192,32,80,88,168,23,98,74,3,8,189,184,128,137,248,52,11,50,128
130,199,36,152,148,129,140,231,20,5,80,135,32,12,50,65,76,11,147,133,246,40,6,223,40,2,158,193,21,12,188,204
34,195,98,136,84,145,140,229,4,4,80,135,40,140,54,64,76,11,147,197,198,42,4,221,48,0,138,201,21,12,252,204
2,20,146,152,55,166,184,66,28,9,90,50,12,190,32,72,231,59,147,145,50,152,0,215,9,54,154,194,148,76,33,3
35,72,99,202,68,145,139,240,68,0,84,194,48,204,181,164,76,56,18,207,193,162,36,253,0,8,138,160,87,191,112,188
2,131,34,136,148,128,140,103,4,5,88,135,32,10,50,64,76,3,147,133,210,136,4,213,40,32,138,193,21,12,180,64
35,200,99,78,20,147,134,228,68,64,112,66,32,72,181,228,72,96,18,79,197,168,36,189,32,40,130,128,95,159,120,140
54,0,98,236,70,2,202,64,5,128,243,130,75,206,53,64,126,185,23,163,136,179,0,204,146,232,138,128,117,174,112,128
114,72,82,140,70,2,104,68,41,0,242,2,47,10,33,80,106,169,23,224,8,179,0,200,144,224,138,128,33,16,98,136
3,131,34,140,20,147,172,101,68,68,82,199,40,40,182,192,76,35,19,197,213,184,4,221,32,40,138,192,29,12,184,220
2,151,32,136,151,193,156,231,6,69,88,167,44,46,50,64,76,19,147,133,82,8,20,213,40,0,138,195,29,12,188,91
0,193,0,140,4,129,132,101,4,0,80,2,32,8,48,64,72,0,2,1,82,40,0,149,32,32,138,64,20,8,176,8
3,193,0,136,20,129,140,165,4,64,80,199,32,8,50,64,72,2,19,197,198,8,4,157,40,32,142,192,28,12,184,92
2,135,32,140,20,129,140,167,6,5,88,167,32,44,50,64,76,35,147,133,214,8,4,221,40,38,158,193,20,12,180,88
3,143,34,136,148,129,142,231,4,68,88,135,32,44,50,64,76,35,147,197,214,136,4,253,32,32,142,193,21,12,180,88
34,203,97,200,20,209,143,229,68,68,84,163,32,12,182,228,72,2,147,205,199,40,36,189,34,8,142,195,23,156,212,252
2,193,32,136,132,129,140,37,4,64,80,131,0,12,50,64,72,2,19,133,208,8,4,213,32,32,138,192,20,12,176,88
3,145,48,136,151,213,188,101,76,65,64,7,44,30,54,224,238,19,147,133,215,8,52,213,41,24,142,66,29,12,185,94
2,131,32,136,148,129,140,231,4,5,88,131,40,14,50,64,76,3,147,197,210,8,0,253,32,32,142,193,20,12,180,72
2,135,0,136,150,129,156,167,4,4,88,167,40,14,50,64,76,19,147,133,82,8,0,213,32,32,142,193,20,12,180,88
2,131,32,136,148,129,140,101,4,68,16,135,0,12,50,64,76,3,147,133,210,8,0,213,40,0,142,192,28,12,180,80
34,193,104,200,215,209,156,229,5,5,116,163,40,15,36,4,74,155,147,208,82,10,32,245,42,0,142,235,55,136,244,138
2,133,34,137,148,170,168,35,12,65,90,131,160,46,50,64,108,35,19,133,144,152,69,221,44,52,138,192,20,12,176,80
130,52,144,144,19,229,184,66,30,27,16,178,12,150,96,73,167,25,147,145,34,68,18,210,9,22,154,226,148,64,33,147
2,48,144,145,233,237,176,74,30,59,0,16,140,190,64,8,133,27,147,17,18,92,210,210,13,22,26,110,144,64,3,147
3,73,99,12,4,18,142,164,68,192,80,198,112,64,181,228,72,96,18,111,197,160,36,169,32,40,143,128,29,60,112,108
3,193,32,136,148,129,140,165,68,64,80,135,32,12,50,64,72,2,19,133,214,8,4,149,32,32,142,192,20,12,176,92
2,135,0,141,20,163,136,47,4,36,90,2,96,40,32,64,80,34,19,32,80,152,1,157,40,4,139,196,20,8,48,8
2,135,0,136,144,193,12,167,4,5,88,167,0,44,50,64,77,2,131,133,82,8,4,149,40,32,142,193,20,76,148,88
246,0,102,196,4,18,233,80,197,144,151,18,64,9,188,111,104,132,63,168,168,231,37,200,18,40,194,132,103,168,112,36
2,149,34,136,23,197,152,99,4,1,72,131,44,30,32,64,200,59,147,129,18,136,16,221,41,4,138,67,21,12,181,218
2,129,0,140,132,129,12,37,4,0,80,2,32,42,48,64,72,2,19,129,80,8,0,149,32,32,142,192,20,8,176,8
24,72,106,237,68,2,109,52,100,0,118,2,49,3,177,64,104,228,23,200,200,176,32,13,102,233,162,0,103,184,112,168
3,193,2,140,4,147,140,39,68,64,90,70,32,40,176,224,72,34,18,197,197,168,4,157,32,32,142,128,29,28,184,12
35,200,99,78,84,145,170,228,68,64,112,66,40,8,181,228,104,169,18,203,199,170,36,253,34,40,138,128,93,31,120,172
131,0,99,217,4,146,169,96,84,66,86,82,128,8,180,229,104,8,18,137,161,188,101,223,4,42,154,192,87,140,112,164
26,192,98,236,70,128,236,244,69,0,82,2,57,11,176,64,110,129,23,193,200,130,4,189,98,233,170,128,55,152,112,8
2,129,0,136,149,197,8,231,134,13,72,3,0,190,50,64,192,11,147,149,18,8,16,213,41,36,154,227,144,12,180,66
50,0,106,172,84,3,200,80,5,0,208,2,19,138,48,64,120,136,23,161,136,178,0,157,144,225,170,168,53,136,112,136
2,52,144,153,50,171,56,10,30,51,18,178,140,22,64,72,55,27,147,16,50,92,65,210,12,22,26,230,148,76,5,17
162,2,34,136,68,3,136,64,84,4,81,18,0,136,52,9,88,41,19,161,128,178,4,200,16,8,202,137,85,44,116,128
34,200,2,136,77,133,134,228,140,8,208,2,36,154,32,64,200,0,19,195,66,43,2,253,49,16,138,186,16,24,48,139
3,137,35,140,22,144,173,229,68,65,80,66,40,10,182,228,110,35,18,205,215,136,36,253,32,40,138,192,21,12,177,108
132,40,130,158,5,134,10,64,22,130,65,18,32,194,33,72,72,104,19,194,32,196,146,170,1,38,155,0,144,41,48,2
35,72,107,204,20,130,235,112,68,64,86,2,48,8,181,100,72,32,18,203,129,168,36,253,0,40,162,128,21,137,112,172
2,65,32,138,132,0,140,77,4,0,80,2,64,10,56,64,88,2,19,129,208,0,0,208,32,32,142,128,20,26,176,0
40,8,106,109,68,147,224,80,69,0,116,2,51,9,181,0,104,168,23,137,136,178,100,204,70,233,160,0,119,136,112,136
3,199,0,140,20,144,140,39,68,65,88,199,32,40,50,64,72,34,19,197,197,136,4,157,32,36,142,128,28,12,184,28
35,201,2,138,84,145,142,229,68,64,80,71,32,8,50,192,72,42,19,199,199,42,12,253,32,0,142,192,29,30,184,140
3,199,0,140,132,128,140,231,4,68,88,199,32,40,50,64,72,2,19,197,212,8,4,157,32,32,142,192,28,28,184,92
0,8,3,142,4,0,139,144,4,0,80,66,48,1,177,64,72,96,19,203,1,160,32,41,0,32,170,0,21,187,48,40
2,195,2,136,20,129,12,101,4,5,80,135,32,6,50,64,68,11,131,197,82,136,0,157,32,32,138,193,20,12,180,72
2,131,0,136,148,129,12,101,4,5,80,135,0,8,50,64,72,3,147,133,214,8,4,149,32,32,138,192,28,12,184,72
3,193,0,140,148,129,140,165,4,69,80,135,32,40,50,64,64,34,19,197,212,8,4,157,40,32,142,192,28,12,184,88
2,131,32,136,148,129,140,101,4,5,80,135,0,14,50,64,76,3,147,149,210,8,0,213,40,0,142,193,20,12,180,72
2,149,16,136,147,225,152,66,6,1,72,163,12,182,32,64,231,27,147,145,18,8,16,213,9,6,154,67,148,68,37,18
2,193,32,136,148,129,140,165,4,64,80,3,0,8,48,64,72,2,19,133,208,8,4,149,32,32,142,192,20,28,176,72
2,193,0,140,132,129,132,37,4,0,80,2,32,8,48,64,72,2,19,1,80,40,0,149,32,32,142,192,20,24,176,8
2,131,0,136,148,129,140,33,4,68,80,135,0,12,50,64,76,3,147,133,82,8,0,149,40,32,138,193,20,12,180,80
2,135,32,136,150,193,152,99,4,5,88,163,0,46,50,64,76,19,147,133,18,8,4,213,40,0,138,193,21,12,180,82
3,195,32,140,4,129,140,37,68,68,80,135,32,8,50,64,72,0,19,5,212,8,4,149,32,0,142,192,28,28,152,76
3,195,0,136,132,129,140,37,4,4,80,135,32,8,50,64,72,2,19,133,214,8,0,149,32,0,142,192,28,12,152,72
3,193,0,136,4,129,4,37,4,64,80,135,32,8,50,64,72,2,19,5,212,8,4,149,32,32,138,192,28,28,152,24
2,135,32,136,148,129,140,167,6,5,88,135,32,174,50,64,76,3,131,133,86,8,4,213,40,4,142,193,20,12,180,72
2,135,32,136,148,129,156,231,6,5,88,167,40,142,50,64,77,27,147,149,210,10,4,215,40,4,158,233,20,12,180,216
5,8,99,78,4,0,131,16,68,192,85,66,112,64,181,100,72,96,18,74,129,160,44,40,0,40,163,0,85,171,112,100
2,148,18,152,243,165,184,67,174,25,88,48,140,154,32,64,231,27,2,144,18,9,18,215,13,20,26,202,144,0,161,131
2,131,0,136,148,193,12,33,4,4,80,131,0,46,32,64,72,19,131,144,18,8,0,149,40,0,138,193,20,12,180,64
66,0,18,136,106,136,184,64,172,16,80,0,140,130,32,66,230,57,27,128,66,1,130,193,20,48,10,138,20,0,33,129
34,32,98,200,68,129,232,80,69,33,244,2,8,139,116,72,120,136,23,152,138,179,0,208,22,12,138,172,55,136,112,128
36,32,98,200,92,145,194,72,199,0,241,2,0,200,181,64,120,168,6,176,138,35,38,220,18,12,131,40,85,139,112,128
2,131,0,136,132,129,12,37,4,4,80,163,32,14,48,64,68,19,147,133,80,8,0,213,32,32,138,193,20,12,180,88
35,200,99,204,70,147,173,228,68,64,112,198,56,12,182,100,108,57,19,205,197,186,36,253,32,40,138,128,87,156,116,252
2,149,18,141,23,226,56,103,12,1,90,162,44,54,32,64,98,51,147,160,18,152,1,223,33,38,154,195,20,0,165,11
3,201,99,140,22,145,172,101,76,64,80,66,40,8,180,228,110,43,19,197,199,168,4,221,32,40,138,128,93,28,249,140
130,131,0,136,132,128,12,37,4,4,80,151,32,14,50,64,68,3,147,133,80,8,0,213,32,32,138,193,20,12,180,88
50,233,2,170,84,129,138,228,134,0,208,10,35,136,48,64,72,232,23,195,74,139,128,189,176,192,138,184,20,11,50,136
3,139,2,137,20,131,172,229,4,68,82,135,32,10,50,64,104,43,19,197,214,184,4,253,32,0,138,192,29,12,184,216
3,139,0,140,148,128,14,167,4,4,88,135,32,34,50,64,64,66,3,197,212,8,4,253,40,32,142,192,28,12,184,28
2,0,0,136,4,129,128,32,4,0,80,2,0,8,48,64,72,0,19,1,0,32,0,149,0,32,138,192,21,8,48,0
2,0,8,136,4,129,8,0,4,0,80,2,0,8,48,64,64,0,19,129,0,0,0,149,0,32,138,128,20,8,48,0
3,193,0,136,132,144,140,165,68,64,80,71,32,10,178,224,72,2,18,133,197,8,4,149,32,32,142,192,28,12,184,12
4,205,4,130,140,1,14,165,132,1,153,2,64,104,40,66,88,66,10,66,80,9,8,164,40,0,142,80,20,90,144,0
3,193,1,140,4,145,140,165,68,64,80,66,32,8,176,228,72,2,18,137,197,40,36,157,32,32,142,128,29,28,184,12
