33,8,106,76,68,147,139,80,68,64,116,2,48,73,181,100,88,224,19,107,128,162,36,189,66,40,160,128,87,185,112,172
34,195,96,200,148,129,140,229,4,4,80,131,32,14,52,64,76,19,147,133,210,8,0,213,32,32,142,193,21,12,180,200
2,149,18,136,151,164,180,99,12,9,74,2,44,58,32,64,228,3,19,129,82,136,16,213,41,52,138,66,16,68,161,3
37,0,99,78,68,131,227,112,69,64,117,66,112,72,181,100,88,168,2,235,193,178,36,156,0,40,130,0,85,170,112,164
0,133,2,141,180,172,32,35,44,9,90,0,172,32,32,64,192,34,2,0,18,152,0,215,45,54,18,64,16,72,177,1
0,0,0,128,4,0,8,0,4,0,16,2,0,8,32,64,64,0,2,0,0,0,0,128,0,0,138,0,20,8,16,0
35,200,96,204,4,145,135,244,68,0,116,2,32,8,180,228,72,0,18,73,193,40,36,189,34,40,130,128,87,156,208,172
0,201,0,138,132,129,6,165,4,0,80,2,96,96,56,64,64,66,2,193,80,8,8,181,40,32,134,64,20,26,176,8
2,129,0,140,4,128,140,37,4,64,80,131,32,44,50,64,64,2,19,133,80,136,0,157,32,32,138,192,20,12,176,72
60,65,104,64,196,18,71,216,68,32,52,2,83,65,185,96,88,196,23,106,136,32,41,0,98,201,165,132,119,185,112,32
2,193,32,140,5,129,12,37,4,64,64,3,32,8,50,64,72,2,19,5,80,8,16,157,33,32,138,64,20,12,144,72
131,205,0,140,132,128,6,167,20,6,24,151,32,40,50,64,65,66,3,197,244,8,4,191,40,36,142,128,28,92,152,12
0,193,0,140,132,129,4,37,4,0,80,2,32,0,48,64,64,2,2,129,80,8,0,157,32,32,142,64,20,8,176,8
32,32,2,129,68,9,160,64,4,48,240,2,0,8,112,1,104,136,2,145,0,178,0,192,20,0,138,36,5,8,50,128
55,0,99,64,68,18,233,72,65,224,245,66,64,8,188,38,120,140,22,169,141,179,36,200,18,8,130,132,71,174,112,228
2,148,16,152,147,225,152,66,30,1,72,179,12,62,32,64,239,19,147,145,50,8,16,215,9,6,154,195,148,76,37,82
54,16,114,224,70,2,248,112,45,0,243,162,75,15,44,16,126,145,134,161,136,179,4,204,146,200,130,134,103,170,102,145
3,193,106,200,4,145,173,245,68,64,84,130,56,15,182,100,110,3,19,201,194,168,36,253,96,40,174,128,55,152,241,232
2,150,18,137,178,224,56,3,46,1,90,163,140,174,32,64,103,27,147,145,18,152,0,215,12,52,154,195,148,4,165,83
2,139,0,140,148,129,142,167,6,5,88,135,32,10,50,64,76,3,147,197,214,8,4,245,40,32,142,193,20,12,184,88
41,72,98,78,68,147,207,240,69,64,116,134,33,76,183,36,72,232,19,79,196,170,36,189,114,105,160,128,127,191,112,236
3,201,2,140,20,147,140,101,68,64,80,199,32,8,182,224,72,40,18,229,213,168,4,157,32,40,138,192,29,12,184,156
1,200,99,79,4,131,231,244,69,64,116,66,48,200,181,100,104,40,18,202,195,184,36,253,36,40,130,0,87,155,112,172
2,149,18,152,147,228,56,35,44,1,74,179,44,54,32,64,231,19,147,144,50,136,16,215,41,38,154,195,148,64,165,19
32,72,122,204,70,131,251,112,68,0,116,2,49,201,181,96,126,168,19,232,192,178,36,221,66,41,162,136,117,186,112,161
35,72,106,206,84,147,202,112,68,64,86,2,49,137,183,96,72,40,19,207,128,170,36,189,98,41,162,128,119,139,112,204
40,201,104,204,84,131,202,244,68,64,116,2,49,137,53,96,72,160,23,201,200,170,4,189,98,109,160,128,119,136,112,136
36,8,106,78,68,147,235,112,69,0,117,2,112,73,181,100,88,168,6,234,200,178,36,221,82,41,160,0,119,171,112,160
2,149,18,136,147,196,56,103,12,9,74,2,44,22,32,64,230,19,147,128,82,136,16,221,41,36,138,194,16,0,161,11
2,129,2,136,145,193,156,103,4,5,88,163,32,14,32,64,72,19,147,128,82,8,0,221,41,0,138,195,20,12,164,90
2,195,0,136,132,129,140,101,4,4,80,135,0,6,48,64,72,2,131,133,82,8,0,213,32,0,138,192,20,28,180,64
1,192,1,136,4,145,0,228,68,64,80,71,32,0,178,224,72,0,18,71,213,8,4,157,32,32,138,64,28,28,184,12
2,133,2,136,148,160,8,35,4,1,88,135,8,38,32,64,70,19,147,132,18,8,0,213,40,32,138,192,20,12,161,80
2,193,32,136,149,209,140,229,4,64,16,131,0,12,50,96,72,2,19,197,208,8,52,149,40,0,142,193,20,12,176,94
2,131,0,136,148,129,132,37,4,5,16,135,0,32,34,64,64,2,131,4,80,8,0,149,40,32,142,193,20,12,148,64
2,192,32,136,20,129,140,229,4,5,80,131,0,0,50,64,64,8,19,5,194,8,4,149,32,0,138,224,20,12,144,72
2,129,0,136,145,133,8,101,4,64,64,131,40,14,48,64,64,19,147,133,82,8,16,213,33,32,138,64,16,12,144,90
130,16,16,152,54,133,56,66,30,11,80,50,12,146,32,72,239,25,147,144,34,4,0,215,8,22,154,194,148,8,33,3
32,141,106,206,84,147,198,97,69,0,125,2,96,105,180,100,88,34,2,42,144,170,44,191,34,46,130,0,85,234,112,172
2,131,0,136,20,129,8,99,4,4,88,135,32,14,50,64,76,3,131,133,82,8,0,149,40,0,138,193,20,12,180,64
32,141,98,218,148,129,174,231,84,1,120,2,104,104,52,64,89,35,19,225,242,168,12,255,42,46,142,68,85,10,224,136
34,133,98,204,84,179,192,123,69,1,125,2,96,105,180,68,88,34,23,169,152,186,32,159,66,46,130,192,119,170,112,128
56,133,98,237,212,130,232,115,69,1,126,2,3,41,52,64,120,138,23,41,152,186,5,157,122,239,178,192,247,136,240,136
2,131,32,136,148,129,12,37,4,4,80,135,0,8,50,64,72,2,19,133,212,8,4,149,40,0,142,192,28,12,152,64
3,195,0,140,4,129,140,37,4,68,80,135,32,8,50,64,72,0,19,133,212,40,4,149,32,32,142,192,28,12,152,92
3,141,0,138,148,129,142,166,68,64,88,71,96,104,58,64,88,98,19,71,215,40,12,189,40,0,143,192,28,30,152,12
3,195,0,140,4,129,140,229,4,64,80,199,32,8,50,64,72,2,19,133,196,8,4,157,32,32,142,192,28,12,184,28
40,192,72,136,68,129,140,228,4,0,80,2,48,8,52,0,72,0,19,193,66,42,0,189,32,9,170,128,21,24,112,136
32,192,0,168,84,129,132,228,4,0,80,2,33,128,32,64,72,8,19,64,66,10,0,181,48,193,170,104,53,24,176,136
0,129,2,140,148,128,36,33,4,0,82,70,32,32,48,64,96,34,2,129,81,152,0,221,32,32,138,64,28,8,184,8
40,0,74,236,68,2,192,80,4,128,118,2,83,9,32,64,88,132,6,40,8,178,0,136,66,233,160,4,119,168,112,128
0,193,1,140,4,128,12,37,4,0,80,66,32,8,32,192,64,0,2,0,65,8,0,157,32,32,142,0,28,24,176,8
3,193,32,140,4,145,140,37,68,64,80,3,32,8,50,96,72,2,19,5,212,40,36,149,32,32,138,128,21,12,176,68
56,200,98,236,84,145,192,244,69,0,116,2,51,9,180,64,72,168,23,200,202,170,32,189,98,233,162,0,119,152,112,136
2,131,0,140,148,129,12,37,4,69,80,135,32,14,50,64,68,19,147,133,82,8,0,157,40,32,142,193,20,12,180,88
2,131,32,136,148,129,140,229,4,69,80,135,32,12,50,64,76,2,131,133,214,8,4,149,40,32,138,193,20,12,180,88
3,201,32,136,148,145,142,229,68,64,80,71,32,8,50,64,72,34,19,197,214,40,4,189,40,0,142,192,29,28,248,12
2,131,0,136,150,193,156,231,4,5,88,163,40,14,50,64,78,19,147,133,82,8,0,221,40,0,142,193,20,12,181,89
34,200,97,206,84,145,143,244,68,0,116,66,32,72,181,36,72,40,18,203,195,170,36,189,34,8,128,128,87,155,112,172
35,201,99,140,20,145,134,228,68,64,80,71,32,8,182,160,72,32,18,69,197,168,36,189,32,40,138,128,93,28,248,220
2,149,16,136,147,225,184,99,14,1,72,162,44,190,32,64,102,19,147,145,18,8,16,213,41,36,138,195,148,0,165,155
40,8,106,76,68,19,194,80,69,128,116,2,51,9,181,32,88,168,23,107,136,178,36,140,82,233,160,128,119,171,112,128
35,200,99,12,68,145,174,228,68,64,112,70,32,8,183,228,72,96,18,207,197,168,36,189,34,40,138,128,93,28,120,204
2,148,2,152,147,225,184,99,22,65,72,179,44,190,32,64,239,59,147,145,50,136,16,223,9,38,154,195,148,12,181,211
35,72,99,76,68,146,203,112,69,0,116,66,48,64,181,228,88,224,18,234,193,162,36,253,34,40,130,128,87,187,112,172
50,0,66,160,20,2,200,64,45,0,210,2,11,10,52,64,122,140,31,161,8,179,0,200,144,232,138,148,37,8,112,0
2,149,32,136,147,192,152,39,6,65,88,167,44,62,34,64,78,19,147,129,22,8,20,221,41,36,138,195,20,4,181,94
3,193,32,140,4,145,140,37,68,68,80,7,32,8,50,96,72,0,19,5,196,40,36,157,32,32,142,128,29,12,144,76
2,128,150,153,102,129,184,64,174,17,82,2,140,130,96,72,110,9,19,144,2,156,2,209,4,16,154,192,148,0,33,129
2,195,96,200,150,193,156,231,4,5,88,163,40,14,52,64,76,19,147,129,82,8,0,213,32,32,142,195,21,12,180,203
2,149,58,136,151,132,188,39,12,1,72,2,44,58,32,64,230,19,147,129,82,136,16,213,33,52,138,66,16,76,161,3
33,0,106,76,68,3,227,112,68,0,119,2,81,73,189,32,120,168,2,234,192,178,36,12,82,41,162,0,117,170,112,160
0,133,26,141,181,164,176,35,44,9,90,0,172,42,32,64,224,3,2,1,82,184,0,223,37,54,18,66,16,72,161,1
2,148,146,152,55,165,184,66,30,9,88,50,140,158,96,72,229,27,147,17,18,140,18,215,9,20,26,202,144,12,33,131
7,8,99,206,4,16,131,0,68,64,86,66,96,72,181,228,72,96,18,203,129,160,36,168,0,40,138,128,87,175,112,44
35,195,0,136,84,129,12,229,6,4,80,135,32,136,50,64,72,9,147,197,214,10,4,189,32,0,142,232,28,28,184,216
2,128,146,153,53,173,184,66,158,27,80,16,140,154,96,72,231,11,19,17,18,188,2,211,13,20,26,202,144,8,33,131
37,0,106,76,4,2,195,16,68,128,87,2,80,65,181,100,88,36,18,170,128,160,36,136,64,40,163,0,85,170,112,160
2,48,146,152,49,165,184,66,30,27,80,16,140,154,32,72,229,27,147,16,18,140,18,211,9,22,26,202,144,64,33,131
3,195,0,140,148,128,140,165,6,5,80,135,32,168,50,64,64,2,131,133,214,8,4,213,40,36,142,192,28,12,184,8
0,0,0,136,4,0,0,0,4,0,0,2,0,0,48,64,64,0,2,129,0,0,16,128,0,32,138,0,20,8,16,0
2,149,4,136,151,225,152,99,132,17,72,131,12,30,32,65,74,27,147,145,18,8,16,213,9,0,138,99,149,12,164,146
3,195,0,136,132,129,12,165,4,4,80,135,32,42,50,64,64,3,147,197,212,8,4,157,32,32,142,192,28,28,176,88
60,8,98,238,68,2,74,80,69,0,119,2,113,75,177,64,88,160,23,234,136,162,0,136,82,233,162,128,63,171,120,128
35,200,96,204,4,145,135,244,68,0,116,2,32,9,180,228,72,0,18,75,195,40,36,189,34,40,130,128,87,152,80,172
0,201,0,138,132,129,6,165,4,0,88,2,96,96,56,64,80,66,2,195,80,8,8,189,40,32,134,64,20,26,176,8
2,129,32,140,20,129,140,37,4,64,80,131,32,44,50,64,72,2,19,133,210,136,0,157,32,32,138,192,20,12,176,72
3,193,0,142,20,145,140,237,68,64,80,71,96,72,186,224,88,2,19,229,199,40,4,221,32,32,138,192,29,14,184,140
3,133,32,140,20,131,136,47,68,64,90,131,32,12,50,64,88,34,19,37,212,168,5,157,40,36,138,192,20,12,48,88
3,192,33,140,4,145,140,37,68,64,80,194,32,8,178,224,64,0,19,133,197,8,36,157,32,32,138,128,28,12,56,76
45,65,105,72,132,18,199,153,68,0,52,2,81,97,189,100,88,68,18,234,193,32,45,8,98,40,165,132,119,187,208,32
3,192,33,140,4,16,140,37,68,64,80,66,32,8,176,224,64,32,19,197,197,0,4,153,32,32,138,128,28,28,176,44
2,149,2,136,151,224,186,99,6,1,74,162,12,158,32,64,110,27,147,145,18,136,16,245,9,36,154,195,148,1,165,18
3,133,34,141,20,163,168,35,4,69,90,151,32,44,50,64,64,34,19,165,180,152,69,159,0,38,154,192,28,12,48,88
2,129,32,140,21,133,140,39,4,64,72,131,32,12,50,64,72,2,19,133,80,8,20,157,33,32,138,65,20,12,176,72
3,205,0,156,148,129,142,167,20,6,88,151,32,40,50,64,73,66,3,197,244,8,4,191,40,38,158,128,28,92,152,12
0,193,0,140,148,129,4,165,4,0,80,66,32,0,48,64,64,2,2,129,80,40,0,157,40,32,142,0,28,8,184,8
2,33,18,137,228,128,168,64,172,1,80,2,172,138,96,72,106,43,19,144,2,178,2,192,4,16,138,200,20,8,33,128
56,16,98,236,69,70,192,64,69,0,240,2,35,24,53,0,248,168,2,33,8,178,16,140,19,233,130,2,117,8,112,130
3,129,32,140,4,129,140,33,4,68,80,135,32,40,50,64,72,2,19,133,212,136,4,221,32,32,138,128,28,12,176,92
50,74,34,138,76,129,138,224,132,4,208,135,32,136,51,64,72,168,23,199,138,3,0,253,144,0,138,153,21,31,52,200
176,4,98,236,68,2,192,66,85,2,240,18,3,136,53,1,120,168,6,161,168,183,0,206,18,238,146,0,117,40,112,136
10,131,10,168,18,129,57,49,4,5,84,163,61,7,34,64,102,51,147,133,82,136,0,221,96,97,170,193,52,128,181,121
3,200,32,136,4,129,138,228,4,68,80,135,32,8,50,64,72,0,19,71,198,40,4,189,32,32,138,128,29,12,24,220
41,72,98,204,4,16,205,244,68,64,84,2,48,9,181,228,72,96,18,201,192,160,36,253,98,40,166,0,119,156,112,168
3,193,32,136,20,129,140,165,4,65,80,135,32,12,50,64,72,0,19,69,214,8,4,157,40,0,142,192,20,12,144,88
2,32,2,129,68,137,168,64,4,48,80,2,136,8,112,8,104,8,19,145,2,176,0,192,4,0,138,160,69,8,49,128
55,0,99,206,68,18,202,64,69,192,241,66,64,72,191,160,88,228,23,239,141,179,44,200,18,40,139,132,109,175,120,196
19,195,34,140,20,128,76,37,5,68,210,135,41,14,50,64,106,163,31,197,220,137,4,221,176,224,138,128,60,12,176,88
3,201,37,204,12,145,141,229,196,64,208,66,32,8,180,96,72,34,26,193,197,169,38,253,32,40,202,128,21,28,240,204
130,4,0,152,4,1,136,0,20,2,80,18,8,10,32,64,73,1,19,128,32,4,0,210,0,2,154,128,20,8,48,0
67,201,7,140,12,128,140,165,132,64,210,195,32,12,48,192,72,34,59,69,199,169,6,189,48,32,206,136,28,28,184,24
2,145,0,152,147,193,24,99,22,69,72,179,12,158,34,64,75,27,147,145,18,8,16,215,41,4,154,227,148,12,181,82
0,201,0,136,20,129,132,229,4,1,80,2,32,136,32,64,72,42,2,64,82,40,0,189,40,0,134,96,20,24,176,136
2,135,32,136,150,193,156,103,6,69,88,163,8,46,50,64,77,19,147,133,82,8,4,213,40,4,142,195,20,12,180,82
2,201,2,140,148,129,140,229,4,0,80,2,40,10,48,64,72,35,19,193,82,136,0,253,32,0,142,192,21,8,176,136
3,193,5,156,12,145,12,37,196,80,80,70,32,8,176,225,64,34,50,69,197,8,38,157,32,34,222,128,28,12,176,76
2,149,32,136,147,225,152,99,6,69,72,179,12,62,32,64,207,19,147,145,18,8,16,215,9,6,154,195,148,76,165,82
2,141,18,140,146,128,44,103,4,1,90,2,44,34,48,64,110,35,19,129,82,136,16,221,32,36,138,192,20,0,161,8
35,201,98,142,20,145,142,229,68,64,80,135,32,12,54,96,76,43,19,199,212,168,36,253,32,40,142,128,21,14,240,220
35,201,98,140,84,145,142,229,68,64,84,135,32,72,190,96,88,42,19,207,215,170,36,253,34,8,142,192,93,28,248,220
2,149,34,140,150,128,190,103,4,65,90,163,44,46,50,64,110,51,147,197,210,136,0,253,32,36,138,194,21,12,181,89
35,201,99,204,84,147,206,237,69,64,84,198,32,8,182,228,72,32,18,237,197,170,36,253,34,40,134,128,95,156,248,204
34,0,112,128,108,1,184,64,200,16,16,10,140,138,116,2,238,129,19,129,128,35,130,192,4,24,138,168,21,8,49,129
57,72,99,79,84,147,235,244,69,64,116,66,49,9,181,164,104,224,22,234,201,186,100,189,118,104,160,128,119,159,112,236
2,143,0,140,148,128,12,167,4,5,88,131,32,38,34,64,72,98,131,132,80,8,4,189,40,32,142,193,20,92,180,72
2,159,2,136,147,224,58,231,28,77,90,183,44,190,34,64,231,59,147,145,50,136,0,255,41,38,154,195,148,4,165,219
57,72,106,76,102,18,235,112,69,192,118,2,121,9,183,100,126,224,23,238,129,176,36,172,86,105,160,128,119,185,112,225
54,0,114,232,70,131,248,96,173,0,243,138,11,142,45,16,126,177,151,163,136,179,0,204,146,232,138,128,101,170,34,145
0,0,131,157,20,138,161,33,28,129,83,18,224,232,48,64,88,44,34,1,48,188,65,207,4,54,146,64,4,40,48,8
130,154,2,152,19,193,184,103,30,5,80,179,44,142,34,64,239,59,147,145,50,136,2,215,9,6,154,195,149,12,37,219
35,137,99,204,20,147,172,103,68,64,90,66,32,8,180,224,72,34,18,129,213,184,36,157,32,40,138,192,21,12,240,108
3,128,34,128,97,132,184,64,44,89,80,135,140,142,114,73,238,9,23,149,134,17,2,192,20,16,154,238,21,4,49,209
2,144,122,217,70,240,184,2,126,17,82,178,172,158,244,104,103,25,147,145,146,188,39,209,12,14,154,195,149,0,37,151
3,193,106,200,148,145,237,245,69,64,84,2,48,8,180,100,104,42,18,205,211,168,36,221,34,40,138,192,21,136,240,236
58,200,64,232,20,129,206,228,5,0,240,2,35,136,52,0,72,168,23,195,74,43,0,189,178,200,136,184,53,152,112,136
162,16,192,153,80,163,184,66,23,1,114,179,8,14,36,72,109,153,147,148,50,158,65,214,12,46,154,192,181,8,96,144
2,151,2,137,146,160,184,99,44,5,90,167,44,46,34,64,102,51,147,132,22,152,0,221,44,38,154,194,20,68,165,17
3,201,64,142,4,145,142,228,68,64,80,71,32,8,182,224,72,98,18,199,197,40,12,189,32,40,142,128,29,30,248,12
58,201,96,236,68,145,206,244,69,64,84,131,49,141,183,32,72,232,23,207,202,42,36,189,98,73,168,136,119,156,112,248
162,160,224,145,116,169,232,66,31,83,80,151,136,12,118,72,107,139,23,149,178,188,64,210,12,30,154,224,181,12,80,208
66,32,128,136,92,163,8,74,22,161,209,26,0,200,112,64,89,12,59,49,50,31,131,159,24,6,155,252,148,8,16,0
2,151,34,136,146,160,184,99,14,5,90,167,140,174,34,64,103,27,147,149,18,152,4,213,12,52,154,195,148,4,165,83
2,139,0,136,148,129,142,167,6,5,88,135,32,138,50,64,76,3,147,197,214,8,4,245,40,32,142,193,20,12,188,88
59,72,98,76,68,147,206,112,69,64,116,2,35,72,183,36,88,232,22,111,204,162,36,189,114,105,128,136,119,191,112,204
2,157,18,136,19,225,56,231,14,1,72,162,44,54,32,64,235,51,147,128,18,136,16,255,41,38,154,195,20,0,165,154
2,148,18,152,53,164,184,199,30,9,90,2,172,154,32,64,229,59,19,17,2,152,18,215,9,52,26,66,144,0,33,139
3,201,2,140,20,147,140,101,68,64,80,199,32,8,182,224,72,40,18,197,213,170,4,157,32,40,138,192,29,12,184,156
2,28,50,152,23,229,184,66,14,1,72,2,44,158,32,64,230,59,147,145,2,136,18,221,1,36,154,75,148,12,37,155
33,200,99,79,20,131,231,244,69,64,118,66,48,128,181,100,104,40,18,202,195,184,36,253,36,40,130,0,87,155,112,172
32,128,82,137,70,128,232,97,45,1,240,2,12,10,52,64,110,137,23,129,80,186,0,197,20,40,138,8,85,8,227,136
61,0,75,236,68,18,99,112,68,128,119,66,83,65,177,96,120,164,6,234,137,178,36,12,82,233,161,0,127,171,120,160
2,149,18,152,147,228,56,35,60,1,74,2,44,182,32,64,231,19,179,128,18,152,16,215,9,38,26,194,144,0,165,19
3,72,99,204,70,131,175,112,76,64,80,66,120,72,181,100,126,32,18,235,193,178,36,253,48,40,138,128,87,186,113,236
33,201,97,204,68,145,142,228,68,64,112,66,32,8,180,228,72,42,18,203,199,168,36,189,32,8,130,0,93,28,112,236
43,72,106,206,84,147,202,80,68,64,116,2,49,137,183,96,72,168,19,207,132,184,36,189,98,105,160,128,119,143,112,236
2,149,18,136,147,224,60,103,4,1,74,163,44,54,32,64,102,51,147,129,82,136,16,223,41,38,154,195,20,4,165,26
56,73,98,236,84,147,202,112,69,0,116,2,49,9,181,96,72,168,23,203,200,170,36,189,114,237,160,128,119,142,112,136
2,150,114,216,114,225,184,66,30,5,120,179,12,158,36,64,239,27,147,145,178,140,4,215,10,6,154,195,149,4,37,147
35,201,67,140,84,145,134,228,68,64,80,70,32,8,182,224,72,40,18,71,199,168,36,189,32,40,138,192,93,28,248,140
40,201,106,236,84,129,203,244,68,0,116,2,49,105,180,64,72,160,19,233,192,170,36,189,98,173,162,128,117,152,112,168
2,135,2,136,146,193,152,99,4,5,88,163,44,6,32,64,78,51,131,128,82,136,0,221,40,32,138,195,20,12,165,26
56,205,74,172,84,129,198,246,4,0,120,2,51,105,49,64,72,234,6,194,74,170,0,189,242,233,162,8,119,152,112,136
3,193,32,140,4,129,140,37,4,68,80,135,32,12,50,64,72,2,19,5,213,8,4,149,32,32,138,192,28,12,152,92
56,0,74,172,84,3,192,96,5,0,240,10,19,138,49,80,120,168,6,161,8,179,0,140,208,225,162,0,117,168,114,128
3,195,34,140,20,129,140,101,4,69,80,135,32,8,50,64,72,34,19,133,214,136,4,157,32,32,138,192,28,12,184,216
0,128,2,153,100,137,168,64,174,17,82,2,172,138,96,72,98,41,2,144,2,176,2,209,4,48,154,72,20,8,33,128
3,193,3,140,20,144,174,165,68,65,82,66,40,168,180,228,104,43,50,197,215,136,4,253,32,44,142,128,29,12,184,44
3,205,3,140,20,144,172,103,68,65,90,70,32,40,180,228,72,34,18,205,215,168,36,221,32,46,158,128,29,28,184,12
3,131,0,136,132,129,140,37,4,4,80,135,32,10,50,64,72,2,19,133,212,8,4,149,32,32,138,192,28,12,184,92
32,72,106,78,68,131,235,112,69,0,117,2,112,73,181,100,88,168,23,234,200,162,36,221,82,40,162,0,119,171,112,160
3,195,0,140,148,129,12,165,4,5,80,135,32,8,50,64,64,2,19,197,214,8,4,149,40,32,142,192,28,12,184,88
33,200,99,204,84,145,194,228,69,64,112,66,32,8,180,164,72,40,18,75,199,170,36,189,32,8,130,0,87,152,112,172
3,131,0,140,20,129,140,37,4,68,80,135,32,14,50,64,76,3,147,133,214,8,4,149,40,32,142,192,28,12,184,92
2,149,18,136,147,196,56,103,12,9,74,2,44,22,32,64,230,19,147,128,82,136,16,221,41,36,138,194,16,0,161,11
130,199,0,140,132,129,140,167,4,6,88,131,32,44,50,64,77,19,147,197,80,8,0,151,40,32,142,193,21,28,180,88
2,133,2,136,149,193,156,103,4,5,88,163,32,14,32,64,72,19,147,129,82,8,0,221,41,0,138,195,20,12,180,90
2,195,0,136,132,129,140,101,4,4,80,135,0,10,50,64,72,2,147,133,80,8,0,213,32,0,142,192,20,28,180,80
1,192,1,136,4,145,134,228,68,64,80,71,32,8,176,224,72,0,18,71,199,40,4,189,32,32,138,64,28,29,184,12
2,131,32,136,148,129,28,229,4,69,80,167,32,46,50,64,76,3,131,197,214,8,4,157,40,0,142,193,20,12,148,88
33,200,96,200,4,145,134,228,68,64,80,2,32,8,180,96,72,32,19,65,196,40,36,189,34,8,138,0,85,28,112,140
2,133,2,136,150,160,24,35,4,1,88,135,8,38,32,64,70,19,147,132,82,8,0,213,40,32,138,192,20,12,160,80
2,193,32,136,149,209,140,229,68,64,16,131,0,60,50,64,72,2,19,197,210,8,36,149,41,0,142,193,21,12,180,94
2,129,32,136,147,133,12,39,4,65,72,131,8,46,50,64,204,19,147,133,208,8,16,213,41,0,142,192,20,4,165,82
2,131,0,136,148,193,12,39,6,5,88,163,0,38,34,64,64,2,131,148,82,8,0,149,40,36,142,193,20,12,180,64
2,145,0,136,151,193,148,101,4,1,80,34,0,24,48,64,200,18,147,145,82,40,16,149,41,0,142,67,21,8,180,2
2,131,0,128,132,128,12,33,4,4,16,2,0,8,48,64,64,2,3,1,82,8,0,149,40,0,142,193,20,8,148,0
2,194,0,136,20,129,140,229,6,4,80,131,32,4,50,64,76,8,147,133,86,8,0,149,32,0,138,192,20,12,180,200
2,181,144,136,181,165,144,66,14,9,8,0,140,184,96,0,193,10,19,17,18,40,16,148,9,20,10,98,144,72,17,131
34,194,96,136,4,129,140,229,4,4,80,135,32,8,50,64,72,1,147,133,192,40,4,149,32,0,138,192,29,28,244,216
2,145,32,136,151,225,152,35,4,1,88,34,12,62,48,64,206,19,147,129,16,8,16,213,9,32,138,195,21,12,181,19
2,133,0,136,145,133,8,99,4,73,72,3,8,14,48,64,204,19,147,149,18,8,16,213,9,0,138,64,16,12,144,82
2,205,2,156,20,161,142,167,4,3,90,2,32,42,48,64,72,98,19,129,64,136,0,191,32,38,158,128,28,120,184,8
3,195,0,140,4,145,140,101,4,68,80,135,32,8,50,64,72,0,147,133,196,40,4,149,32,32,138,192,29,28,184,92
2,20,16,152,55,229,24,2,30,11,88,50,12,150,32,72,231,17,147,144,2,4,0,215,9,6,154,194,148,72,33,19
2,205,162,156,20,128,42,166,4,65,90,135,40,174,50,64,104,107,51,197,130,136,6,239,32,36,154,128,20,4,48,88
56,0,98,232,68,3,232,88,69,0,118,2,81,9,184,64,120,128,23,40,136,178,1,136,66,201,162,132,119,136,112,128
3,141,162,142,20,176,170,34,68,65,90,135,40,174,178,96,104,107,51,197,134,136,38,239,0,36,154,136,29,14,48,76
3,141,226,222,20,144,142,99,68,0,88,2,96,104,180,96,72,98,18,193,196,168,36,253,34,46,130,128,21,42,112,140
2,144,16,152,19,225,152,66,22,1,72,162,12,22,32,72,75,25,147,145,2,12,18,215,9,6,154,99,148,8,53,146
34,141,64,200,84,131,206,239,7,0,120,2,32,106,52,0,89,170,19,224,82,170,0,159,40,12,143,228,21,10,112,136
3,72,2,154,86,128,170,66,22,69,88,135,40,142,51,64,110,41,147,197,134,139,134,255,16,36,138,136,28,7,57,216
34,141,106,222,84,147,202,97,69,0,125,2,96,104,180,100,88,34,19,9,144,170,44,157,34,46,130,128,85,170,112,164
2,135,0,136,20,129,8,99,4,4,88,135,32,14,50,64,76,3,131,133,82,8,0,149,32,0,138,193,20,12,180,64
34,141,98,218,20,131,174,239,84,0,120,2,104,104,52,64,89,35,19,225,226,168,12,255,42,46,142,196,85,8,112,136
19,145,114,76,199,212,188,101,109,72,116,34,40,28,180,96,238,179,150,129,212,187,52,221,51,56,2,202,119,0,225,175
34,1,98,204,84,179,192,123,69,1,125,2,64,233,180,100,88,32,19,169,144,170,36,221,66,46,130,192,119,138,112,132
56,129,98,233,212,146,232,115,69,1,126,2,1,41,180,96,120,138,23,57,154,186,37,157,126,237,178,192,119,136,240,136
66,202,6,142,26,128,56,96,174,68,80,135,44,198,50,64,102,41,187,197,66,9,2,253,16,32,138,136,20,6,37,89
3,193,0,140,4,144,140,165,68,64,80,199,32,8,50,64,64,2,19,197,197,8,4,149,32,32,142,128,28,28,184,28
33,9,99,201,148,187,160,67,68,65,122,66,128,8,180,228,104,42,18,157,149,184,101,220,44,44,130,64,221,12,120,196
1,13,35,9,20,179,130,99,68,96,90,70,32,8,181,224,72,42,18,37,149,184,101,157,44,12,138,64,93,12,120,140
2,131,32,136,148,129,12,101,4,4,80,135,0,8,50,64,72,2,19,133,214,8,4,149,40,0,142,193,28,12,152,64
2,135,0,136,148,225,152,99,4,5,24,163,0,14,50,64,72,19,147,149,18,8,0,149,8,0,138,193,148,12,180,64
2,131,32,136,20,129,12,37,4,4,80,135,32,10,50,64,72,3,19,133,208,8,4,149,32,32,138,192,28,12,184,88
3,72,33,140,4,145,130,164,68,64,80,70,32,8,177,224,72,96,18,71,197,32,36,189,32,32,138,128,29,29,120,76
2,135,0,136,148,225,8,99,6,5,88,163,8,38,48,64,76,19,131,149,18,8,0,213,8,0,138,193,148,12,180,80
3,200,33,140,4,17,142,164,68,64,80,66,32,8,181,228,72,96,18,207,197,40,36,189,32,40,142,128,29,28,248,76
3,201,0,140,4,145,142,165,68,64,80,199,32,8,178,224,72,32,18,197,199,136,4,189,32,32,142,128,29,28,184,28
3,200,33,140,4,145,134,164,68,64,80,66,32,8,183,224,72,96,18,69,197,32,36,189,32,40,138,128,29,28,120,12
3,201,0,140,20,145,140,229,68,64,80,199,32,8,50,224,72,32,18,197,199,136,4,189,32,32,138,128,29,28,184,28
40,200,64,168,84,129,142,228,4,0,80,2,33,8,48,0,72,136,19,195,66,42,0,189,48,73,170,168,21,28,80,136
2,193,33,200,6,129,140,101,68,0,80,66,40,10,52,192,110,3,19,129,211,40,4,213,32,40,138,192,21,12,177,8
3,193,0,140,4,129,140,37,4,64,80,199,32,8,50,64,72,0,19,5,196,8,4,157,32,32,138,128,28,28,184,92
40,192,0,168,84,129,140,228,4,0,80,2,49,130,32,64,72,8,19,192,66,10,0,189,48,193,170,72,53,24,48,136
1,129,2,140,148,128,164,37,4,64,82,66,32,8,50,64,104,34,2,129,85,184,0,221,32,32,138,64,28,8,184,8
130,0,22,153,38,128,184,0,190,27,80,18,140,138,96,73,231,9,51,145,34,84,2,209,4,16,90,138,20,0,33,129
56,0,74,236,68,2,192,88,4,128,118,2,83,73,32,64,88,164,6,40,8,178,0,136,82,233,160,4,119,170,112,128
130,16,150,153,33,164,56,2,190,27,82,48,140,150,96,73,231,25,51,16,34,212,2,210,5,22,90,202,144,0,33,131
3,193,32,140,4,129,12,165,68,68,80,199,32,8,50,64,64,0,19,133,212,8,4,149,32,32,138,192,28,12,184,92
1,72,1,140,4,0,13,132,4,0,80,66,48,2,161,100,64,96,2,72,65,160,32,57,32,32,170,0,20,24,48,40
2,193,32,140,4,128,140,37,4,0,80,194,32,8,48,192,64,2,19,1,208,40,4,149,32,32,138,128,28,12,176,0
3,193,33,140,4,145,140,37,68,64,80,67,32,8,48,96,72,2,19,5,212,40,36,149,32,32,138,128,21,12,176,68
3,193,32,204,4,145,140,37,68,64,80,2,32,8,182,96,72,0,19,1,213,40,36,149,32,8,138,128,21,28,208,76
54,0,98,202,84,131,202,104,197,0,241,2,98,200,61,0,88,168,23,99,136,163,12,157,18,8,130,152,117,171,112,128
2,150,18,136,18,160,184,99,4,5,90,179,44,14,32,64,110,51,147,129,50,152,0,223,0,38,154,195,20,12,165,81
56,200,98,236,84,145,194,116,68,0,116,2,51,9,180,64,72,40,23,200,202,168,36,189,98,233,162,0,119,152,112,136
3,193,35,140,20,129,173,117,68,64,82,66,48,0,180,100,72,32,19,141,195,168,36,221,32,40,138,192,21,12,240,236
3,195,32,140,20,129,140,37,4,68,80,135,32,12,50,64,76,35,147,133,214,136,4,157,32,32,138,192,28,12,184,88
2,195,32,136,148,129,140,229,4,69,80,135,32,12,50,64,76,2,131,197,214,8,4,213,40,32,138,193,20,12,180,88
3,201,32,136,20,145,142,229,68,64,80,71,32,8,178,96,72,34,19,69,214,40,4,189,32,0,142,192,29,28,248,12
2,131,32,136,150,129,140,231,4,5,88,131,40,14,50,64,76,19,147,133,82,136,0,221,40,0,142,193,20,12,181,88
35,201,99,12,20,145,134,228,68,64,80,70,32,8,182,164,72,40,18,79,197,168,36,189,34,8,138,128,93,28,120,204
41,8,106,76,68,19,235,80,69,128,116,2,49,9,181,32,88,168,23,106,136,178,36,140,82,41,160,128,119,187,112,160
35,200,99,76,84,145,142,228,68,64,112,66,32,8,183,228,72,104,18,207,199,170,36,253,32,40,130,128,95,29,120,236
2,193,0,140,20,129,140,37,4,0,80,2,32,8,32,64,72,2,19,128,80,8,0,149,32,32,138,192,20,8,176,8
2,135,34,136,150,225,184,99,4,69,88,163,40,46,50,64,110,51,147,133,18,136,4,221,40,36,138,195,21,12,180,219
2,32,82,129,102,136,184,64,172,25,112,2,140,138,32,64,238,9,2,144,2,48,0,208,20,16,10,234,20,0,35,129
44,8,106,78,68,146,235,112,68,128,116,2,113,65,181,100,120,232,18,234,129,178,36,236,82,41,160,128,119,187,112,160
50,0,98,224,20,2,72,64,1,0,242,2,11,10,60,64,122,141,23,161,136,179,0,200,144,232,138,132,37,168,112,0
3,193,32,136,132,129,140,37,4,68,80,135,32,12,50,64,72,2,19,133,212,8,4,157,32,32,142,192,20,12,176,92
2,129,32,136,151,193,152,103,4,65,88,163,44,46,50,64,78,19,147,129,86,8,4,213,40,36,138,195,21,12,181,95
2,128,150,153,102,129,184,64,174,17,80,2,140,138,96,73,110,9,19,144,2,152,2,209,4,16,154,192,148,0,33,129
34,195,96,136,148,129,140,229,4,4,80,163,40,14,54,64,76,19,147,197,210,8,4,221,32,32,142,193,21,12,180,200
2,149,18,136,151,164,188,103,12,9,74,2,172,58,32,64,228,19,19,129,82,152,16,221,41,52,138,66,16,68,161,11
35,72,99,206,68,147,163,112,68,64,113,66,112,72,181,228,120,40,18,235,193,178,44,253,32,40,130,128,87,175,112,228
3,195,32,136,4,129,140,37,4,68,80,135,32,8,50,64,72,2,19,133,212,8,4,149,32,32,138,192,28,12,184,92
2,149,26,136,151,165,181,35,44,9,74,2,188,58,32,64,228,19,19,1,82,184,16,221,37,52,10,66,16,72,161,11
2,180,146,152,117,165,184,66,30,27,80,50,140,158,96,72,229,27,147,145,18,12,18,211,13,20,26,234,144,12,33,131
35,201,0,136,84,129,142,229,68,64,80,199,32,136,50,64,72,10,19,197,198,42,4,189,32,0,142,232,29,28,184,156
2,149,18,136,147,193,180,103,12,1,72,130,44,30,32,64,234,19,131,129,82,136,16,213,41,0,138,67,21,8,165,154
2,176,146,153,117,165,184,66,30,27,88,16,140,154,96,72,229,27,147,17,18,28,2,211,13,20,26,202,144,8,33,131
3,195,32,136,148,145,140,231,6,5,88,199,32,8,50,64,76,43,147,197,214,8,4,253,40,0,142,192,29,12,184,204
2,48,146,152,115,229,176,66,30,27,80,16,140,158,96,72,229,27,147,17,18,12,18,211,9,22,26,234,144,64,33,131
3,131,0,136,132,129,140,101,4,4,80,135,32,10,50,64,72,3,147,133,214,8,4,149,32,32,138,192,28,12,184,88
3,203,0,140,20,145,140,165,70,65,80,199,32,8,50,192,72,2,18,197,199,8,4,189,40,32,142,192,28,28,184,28
4,0,0,130,4,0,130,0,4,0,17,2,64,66,40,64,64,0,2,2,0,32,8,128,0,0,130,0,20,10,48,0
2,131,32,136,148,129,140,103,6,5,88,135,32,14,50,64,76,3,131,133,214,8,4,213,40,32,138,193,21,12,188,92
3,201,33,140,4,17,142,164,68,64,80,199,32,40,183,228,72,98,18,207,197,40,36,189,32,40,142,128,93,28,184,92
3,201,0,140,132,145,140,165,4,64,80,135,32,40,50,64,72,2,19,69,212,40,4,157,32,32,142,128,29,28,184,92
2,129,4,152,149,193,152,99,132,85,80,131,8,14,34,65,76,19,147,145,114,8,18,213,41,0,138,67,21,12,180,210
40,10,98,206,4,18,235,80,69,4,119,2,113,73,181,100,72,224,19,202,128,160,36,169,66,233,162,128,55,187,112,168
2,195,32,140,148,129,12,39,4,5,88,135,32,14,50,64,68,35,147,133,214,136,0,221,32,32,138,193,20,12,180,88
0,201,0,142,132,129,6,165,4,0,88,2,96,96,56,64,80,66,2,227,80,8,8,189,40,32,134,64,20,26,176,8
3,129,32,140,148,128,140,101,4,68,80,135,40,14,50,64,72,3,19,133,214,8,4,213,32,32,138,192,29,12,176,88
2,135,32,137,20,129,8,35,4,69,88,135,160,46,50,64,68,3,147,133,210,24,65,221,44,48,138,192,28,12,180,88
2,193,32,140,20,129,140,101,4,65,80,131,32,12,50,64,72,2,19,133,210,136,0,157,32,32,138,192,20,12,176,72
3,193,2,140,20,145,140,237,68,64,80,199,96,72,186,224,88,3,19,229,199,168,4,221,32,32,138,128,29,12,184,156
3,133,34,141,20,163,136,39,68,64,90,131,32,12,50,64,88,34,19,165,212,184,5,159,32,36,138,192,20,12,48,88
3,128,32,140,4,145,136,32,68,64,80,199,32,8,178,224,64,0,19,133,197,8,4,149,0,32,138,192,28,12,56,92
2,193,0,136,4,129,140,37,4,0,80,2,0,8,48,64,72,0,19,1,80,40,0,149,32,32,138,192,20,8,144,8
45,65,97,72,132,18,207,185,69,192,116,66,80,96,189,100,88,64,18,234,209,32,45,136,32,8,165,4,119,251,240,36
24,0,106,225,4,2,104,80,96,160,82,2,83,11,48,64,120,132,21,161,136,176,1,0,194,233,162,132,37,160,112,128
2,148,18,136,19,228,186,70,14,1,72,2,12,158,32,64,231,27,147,145,18,136,16,247,9,36,154,67,148,1,37,146
3,132,34,137,20,162,168,35,4,69,90,151,32,46,50,64,64,34,19,133,180,152,69,223,4,38,154,192,28,12,48,88
2,129,32,140,21,193,140,39,4,64,72,131,32,12,50,64,72,2,19,133,82,8,20,157,33,32,138,65,20,12,176,74
3,205,0,156,148,129,142,167,84,7,88,135,32,40,50,65,73,66,3,197,244,8,4,191,40,38,222,192,28,28,152,28
0,193,0,140,4,129,4,165,4,0,80,66,32,0,48,192,72,2,2,1,66,40,0,157,32,32,142,0,28,24,184,8
56,0,106,108,69,150,224,112,68,8,117,2,115,89,53,32,216,168,23,41,136,178,32,141,67,233,160,128,119,170,112,131
2,129,32,137,148,131,140,237,4,32,80,2,0,8,48,64,88,2,19,161,208,56,1,149,40,0,142,196,20,8,176,8
3,129,34,140,132,144,140,37,68,64,80,135,32,40,178,96,72,34,19,133,213,136,36,221,32,32,138,192,29,12,184,76
48,4,66,140,68,34,232,66,5,2,248,2,42,8,52,0,120,168,6,160,8,183,0,206,16,44,146,0,85,72,114,136
50,74,98,172,68,129,202,228,5,4,208,135,33,8,51,64,76,169,151,199,200,163,0,189,176,64,138,185,53,29,116,200
3,192,99,204,4,144,141,245,68,64,84,66,32,8,180,228,72,0,19,201,193,168,36,221,32,40,142,128,23,156,240,236
2,147,0,136,144,193,152,97,4,5,80,167,0,14,34,64,76,27,147,145,82,8,0,149,40,0,138,227,21,12,180,210
7,205,0,138,132,49,142,175,68,66,88,199,64,104,185,224,89,66,19,231,213,0,12,170,40,4,143,128,156,126,184,4
2,193,40,136,148,129,140,165,4,65,64,131,32,14,50,64,76,19,19,133,82,8,16,149,40,32,142,64,20,12,176,88
52,8,66,172,68,131,202,64,5,128,240,10,35,72,53,0,88,168,23,227,8,163,0,136,18,200,139,24,117,43,112,128
43,74,104,140,4,16,206,180,69,68,84,135,57,13,183,68,76,96,147,207,196,160,36,169,98,105,170,128,55,189,116,88
83,201,2,172,20,128,76,37,5,68,210,199,41,14,50,64,108,163,31,133,206,139,4,221,176,96,138,128,60,12,184,88
0,32,2,129,68,137,168,64,12,49,80,2,136,138,96,8,104,8,2,16,2,176,1,192,4,0,154,96,21,8,49,128
3,201,103,204,12,145,141,100,196,64,208,2,48,8,180,101,72,32,58,201,197,41,38,253,32,40,202,128,21,28,112,236
130,0,0,136,132,129,12,65,4,0,80,18,0,10,48,64,72,0,19,129,0,4,0,146,32,32,138,128,20,8,176,0
67,201,7,140,12,144,140,165,196,64,210,195,32,140,48,224,72,34,59,197,199,169,6,253,48,32,206,136,28,28,184,28
2,145,0,152,147,193,24,99,22,85,72,179,12,158,34,64,201,27,147,145,18,8,18,213,41,4,154,227,148,12,181,210
0,201,0,136,20,129,134,229,4,0,80,2,32,136,48,64,72,42,2,65,82,40,0,189,40,0,134,64,21,24,176,136
2,135,32,136,150,193,156,103,6,69,88,163,8,46,50,64,77,19,147,149,82,8,4,213,40,4,142,195,149,12,180,82
2,201,2,136,148,129,140,229,4,0,80,2,40,10,48,64,72,43,19,193,82,136,0,253,32,32,142,192,21,8,176,136
3,201,37,156,12,128,140,165,196,80,80,70,32,8,180,101,64,34,50,77,229,200,38,157,32,42,222,128,28,28,176,108
2,149,32,136,147,225,152,99,6,69,72,163,12,46,34,64,79,19,147,145,18,8,0,215,41,4,138,195,148,76,181,82
2,141,18,140,146,128,44,103,4,1,90,2,44,42,48,64,110,51,19,129,82,136,16,221,32,32,138,192,20,0,161,8
35,201,98,136,84,147,142,229,68,64,84,135,32,76,182,96,88,42,18,237,199,168,36,253,34,8,142,192,93,156,248,220
2,159,34,140,150,128,190,103,4,65,90,167,44,46,50,64,110,51,147,197,210,136,4,253,32,36,138,194,21,12,181,89
3,203,98,136,148,147,142,229,4,68,80,135,40,76,182,64,76,35,147,197,214,168,36,253,32,32,142,193,29,12,184,220
43,72,99,79,84,147,239,244,69,64,116,66,48,8,181,228,104,168,22,234,201,186,36,253,34,8,128,128,119,158,120,236
2,143,32,140,144,129,12,167,4,5,88,131,32,36,50,64,72,2,131,5,82,8,4,189,40,36,142,193,20,76,180,72
2,32,54,152,108,5,184,64,136,24,48,2,140,138,116,11,142,25,19,1,130,99,130,192,20,24,202,170,20,8,33,129
2,159,2,136,146,192,186,231,12,69,90,167,44,62,34,64,231,59,147,129,114,136,0,255,40,36,154,195,148,4,165,91
54,0,114,234,70,131,250,80,37,128,241,138,75,143,52,16,126,185,151,163,136,179,0,204,146,233,138,136,103,170,34,145
0,0,131,157,20,138,161,33,28,129,83,82,224,226,32,68,88,44,34,0,33,188,65,207,4,54,146,64,4,8,48,168
11,72,99,205,6,147,239,117,77,64,82,198,120,76,181,228,126,32,18,239,197,176,36,237,36,40,138,128,95,190,112,252
2,0,35,129,100,128,168,64,172,65,82,131,140,142,56,72,238,9,27,149,146,145,2,192,20,48,154,192,4,4,33,208
35,129,99,204,20,144,172,101,68,64,114,66,32,8,180,228,72,34,18,9,209,184,36,157,32,40,130,128,85,12,240,44
3,16,34,129,103,4,184,64,45,89,80,39,12,158,118,73,238,137,23,149,134,19,130,208,20,24,154,238,20,4,49,215
2,144,122,217,70,240,184,66,126,17,82,50,140,154,116,104,239,25,179,145,146,156,39,208,4,0,154,198,149,4,37,135
2,193,106,204,148,129,237,117,68,64,84,2,48,9,180,100,106,42,19,200,210,168,36,253,98,40,162,192,55,136,240,172
58,201,96,232,84,129,206,244,5,0,80,130,33,141,180,64,72,168,23,195,202,170,4,189,114,201,170,136,55,156,240,136
162,0,194,153,82,163,184,66,23,33,114,147,8,14,36,72,111,153,147,148,50,158,65,214,28,14,154,196,149,8,32,144
3,151,2,136,146,160,184,39,44,5,90,167,44,46,50,64,102,35,147,133,22,152,0,221,44,36,138,192,28,4,169,81
3,201,0,142,4,145,142,165,68,64,80,199,32,40,182,224,72,98,18,199,197,40,12,189,32,40,142,128,29,30,248,28
53,1,99,204,84,147,195,112,69,64,241,66,112,200,181,164,120,168,22,235,141,179,36,220,48,40,130,8,87,47,112,164
162,32,224,177,68,169,232,66,31,113,80,151,136,12,118,73,107,137,23,149,138,252,65,208,6,16,154,224,181,140,112,208
66,32,128,136,92,35,8,74,22,161,208,26,0,136,112,64,89,12,59,49,50,23,193,159,24,6,155,252,148,8,16,128
2,134,18,153,18,224,56,98,60,5,90,179,140,190,32,64,103,27,147,145,18,152,0,215,12,54,154,195,148,4,37,67
2,143,0,136,148,129,142,231,6,5,88,135,32,138,50,64,76,11,147,197,214,8,4,253,40,32,142,193,20,12,180,88
59,72,98,76,68,147,207,112,69,64,116,131,33,76,183,100,72,232,23,239,204,162,36,189,114,105,162,128,127,189,112,236
163,32,224,161,68,9,224,80,105,115,112,31,139,8,86,59,104,136,119,21,140,118,198,192,22,88,210,172,101,140,82,196
2,157,18,136,19,225,48,231,14,1,72,162,44,54,32,64,231,27,147,144,18,136,16,223,41,36,26,67,148,0,37,154
2,156,18,152,19,229,176,70,14,1,72,2,44,158,32,64,231,59,147,145,2,136,18,223,9,52,26,67,144,8,37,155
3,201,2,140,20,147,174,101,68,64,80,199,32,8,182,224,72,40,18,197,197,184,4,189,32,40,138,192,29,12,184,156
2,129,66,137,68,128,232,97,13,16,112,2,168,138,48,64,110,169,19,129,82,58,66,209,20,32,154,200,21,8,163,136
1,72,99,79,68,131,231,240,68,0,116,66,48,193,181,100,120,40,18,202,193,184,36,253,32,40,162,0,87,186,112,172
0,193,0,136,148,129,132,101,4,0,80,2,32,8,48,64,72,2,19,1,80,40,0,149,32,32,142,0,20,24,144,8
61,0,75,236,68,18,99,80,68,128,119,66,83,65,177,96,120,164,6,234,137,178,36,12,82,233,161,0,127,171,120,160
35,201,97,206,68,145,142,228,68,64,80,66,32,8,180,228,72,42,18,207,199,40,36,189,34,8,142,128,93,158,120,172
2,149,18,136,147,224,184,39,12,1,74,163,44,54,32,64,230,19,147,129,18,136,16,215,41,38,154,195,148,4,165,19
56,0,106,237,70,3,248,80,69,0,116,130,25,15,177,64,126,185,151,168,136,178,4,140,82,233,162,128,119,168,112,153
59,72,106,206,84,147,234,80,69,64,119,2,49,201,183,96,120,168,23,207,140,178,36,189,66,105,160,128,119,143,112,204
56,9,98,238,84,147,202,112,69,0,112,2,35,73,53,96,72,168,23,67,136,186,36,189,82,237,162,128,119,175,112,136
35,201,64,136,20,145,142,229,68,64,80,71,32,8,182,224,72,42,18,199,199,168,4,189,32,8,142,192,93,28,248,140
2,151,98,136,82,161,184,98,12,5,88,163,44,14,36,64,111,27,147,145,146,138,0,215,8,4,138,203,21,4,37,217
40,201,106,236,84,131,203,244,68,0,116,2,49,41,177,64,72,224,23,201,200,170,0,189,98,237,162,128,119,184,112,136
56,205,74,172,20,129,70,246,4,0,120,2,51,105,49,64,72,234,6,194,74,170,0,189,242,237,160,8,119,152,112,136
3,201,35,140,20,144,172,229,68,64,80,195,40,140,180,224,110,43,19,197,199,136,36,253,32,40,138,200,29,12,177,252
2,41,6,153,20,139,168,64,12,1,82,2,160,136,48,64,104,40,51,17,18,184,65,157,4,48,154,192,4,8,16,136
3,193,32,140,4,145,140,101,68,68,80,135,32,12,178,96,72,0,19,5,213,40,36,149,32,32,142,128,29,12,152,76
56,0,74,168,20,3,224,64,4,0,242,2,19,138,49,64,120,168,6,161,8,179,0,204,208,225,170,16,53,8,114,136
3,195,0,136,20,129,140,101,4,5,80,135,32,10,50,64,76,35,147,133,214,8,4,221,32,0,138,192,29,12,176,88
0,128,2,153,84,137,168,64,174,17,80,2,172,138,96,64,98,41,2,144,2,48,2,209,4,16,154,72,20,8,33,128
3,201,3,140,20,144,172,103,68,65,90,70,32,40,178,228,72,34,18,197,215,168,36,253,32,36,142,128,29,28,184,12
3,193,0,140,132,129,140,37,4,68,80,199,32,8,50,64,72,2,19,133,212,8,4,149,32,32,142,192,28,12,184,92
32,8,99,78,68,131,203,112,69,0,117,2,48,73,181,100,88,168,19,234,192,162,36,253,82,40,162,0,119,171,112,160
2,195,32,140,148,129,12,165,4,69,80,135,32,42,50,64,64,3,147,197,214,8,4,157,40,32,142,192,28,12,176,88
33,200,99,204,84,145,130,228,68,64,112,66,32,8,180,164,72,40,18,75,199,170,36,189,32,8,130,0,87,24,112,172
2,149,18,136,147,228,56,103,12,9,74,2,44,54,32,64,230,19,147,128,18,136,16,221,41,36,138,194,16,0,161,11
3,195,32,140,20,129,140,37,4,68,80,135,32,8,50,64,72,3,19,133,214,8,4,149,40,32,138,192,28,12,184,92
3,195,32,140,132,129,12,165,4,4,80,135,32,46,50,64,64,3,19,133,212,8,4,213,32,32,142,192,20,28,176,88
2,199,32,136,148,193,12,167,4,4,88,131,40,46,50,64,79,19,147,133,80,8,0,215,40,32,142,193,20,28,180,88
2,133,2,136,151,193,156,103,4,5,88,163,40,22,32,64,72,19,147,128,82,8,0,221,41,0,138,195,20,12,180,90
2,199,0,136,132,129,140,229,4,4,80,131,8,46,48,64,76,3,147,133,80,8,0,213,40,32,142,193,20,28,180,64
1,192,1,136,4,145,134,228,68,64,80,71,32,8,176,224,72,0,18,71,199,40,4,181,32,0,138,64,28,28,152,140
2,195,0,136,132,129,140,101,4,4,80,135,0,6,34,64,72,2,131,133,82,8,0,213,32,0,138,193,20,28,180,64
2,195,32,136,148,129,12,229,4,69,80,135,32,14,50,64,76,3,131,197,214,8,4,157,40,0,142,193,20,12,148,88
2,131,0,136,132,129,12,37,4,68,80,135,32,10,50,64,68,2,3,133,80,8,0,149,32,32,138,192,28,12,176,88
2,129,2,136,150,128,24,35,4,1,88,135,8,46,32,64,70,19,147,132,82,8,0,213,40,32,138,192,20,12,160,80
1,200,32,200,4,129,132,229,68,64,80,2,32,8,52,96,72,0,19,65,196,40,4,189,32,8,138,0,21,28,240,204
2,193,32,136,149,209,140,229,68,64,16,163,0,60,54,96,72,2,147,197,210,40,36,149,40,0,142,193,21,28,180,206
2,129,32,136,147,133,12,39,4,65,72,131,8,62,50,64,204,19,147,133,80,8,16,213,41,0,142,194,20,4,177,90
2,193,32,136,4,129,12,101,68,0,80,2,32,8,48,64,72,2,19,129,208,8,0,149,32,32,138,192,20,8,176,8
2,131,0,136,148,193,28,39,6,5,88,163,0,46,34,64,64,18,131,144,18,8,0,149,40,4,142,193,148,12,180,66
2,145,16,136,151,193,148,101,4,0,80,34,0,24,32,64,202,18,147,145,82,40,0,149,41,0,142,67,21,8,180,2
2,131,0,136,132,128,12,37,4,4,16,3,0,8,48,64,64,2,131,1,82,8,0,149,40,0,142,193,20,8,148,0
2,194,32,136,20,145,140,229,4,4,80,135,32,8,50,64,72,8,19,69,194,8,4,189,32,0,138,224,28,28,184,204
2,180,144,136,181,173,144,2,14,9,24,0,140,186,96,64,193,10,19,17,18,8,16,148,13,20,10,226,144,8,17,131
2,149,18,136,151,228,184,35,12,1,88,2,12,62,32,64,230,19,147,129,18,136,16,213,41,32,138,194,20,12,177,3
2,36,0,152,48,165,152,66,14,9,24,16,136,134,112,8,205,27,19,145,18,12,64,215,9,20,154,224,144,8,33,128
3,205,2,156,148,160,142,167,4,2,88,70,32,40,48,64,72,98,19,129,100,136,0,191,32,38,158,128,28,88,184,8
2,147,32,136,149,225,152,35,4,69,72,135,0,46,50,64,76,19,147,129,18,8,16,213,41,32,138,67,20,12,180,80
2,141,162,156,20,128,42,38,4,1,90,135,40,174,50,64,100,107,51,197,130,152,2,239,32,36,154,128,20,12,48,88
44,0,98,204,68,18,195,80,69,0,117,2,80,73,189,100,88,32,19,171,129,162,36,136,66,40,130,128,119,170,112,160
3,140,34,142,20,128,170,226,70,65,90,135,40,142,50,96,104,107,51,197,134,136,6,255,0,36,138,136,28,15,48,92
3,141,99,222,20,145,138,98,68,65,90,66,96,232,180,224,72,98,50,193,132,168,36,253,32,46,138,128,21,14,112,204
2,16,16,152,15,133,176,64,142,25,16,2,12,158,96,8,236,25,147,144,2,0,18,208,9,16,154,106,16,8,33,131
34,141,66,200,84,131,202,111,5,32,120,2,32,104,52,0,89,170,19,160,96,186,0,159,40,14,143,224,21,8,112,136
2,135,32,136,20,129,8,99,4,4,88,135,32,10,50,64,76,3,131,133,210,8,4,149,32,0,138,193,20,12,180,64
32,204,98,154,148,129,174,231,84,1,120,2,104,104,52,64,89,35,2,225,242,168,8,255,40,46,150,64,85,8,240,136
3,145,114,76,247,158,252,103,109,73,120,34,40,24,180,96,238,187,22,129,212,185,32,221,50,56,2,194,85,12,225,143
2,136,34,156,20,147,170,234,86,64,80,2,104,104,52,96,125,33,51,161,226,172,36,223,0,46,138,192,21,12,49,76
34,1,106,204,84,178,232,123,69,1,127,2,64,233,180,100,88,40,19,169,146,186,37,221,66,44,130,192,119,142,112,164
3,1,99,201,84,178,233,82,69,65,94,130,0,140,182,228,120,12,19,157,147,184,37,212,10,44,138,196,151,140,112,228
2,201,38,158,20,130,46,167,20,1,82,18,32,42,48,65,96,98,51,193,240,152,0,255,32,38,222,192,20,8,176,8
56,129,98,233,212,131,232,115,69,1,254,2,3,41,52,64,120,138,23,152,152,186,65,157,62,238,146,64,247,136,240,136
3,72,97,76,4,0,131,48,68,192,80,66,48,64,181,100,72,96,18,75,193,160,36,173,0,40,138,128,85,189,112,108
66,202,2,142,90,128,58,224,172,84,80,135,44,198,51,64,102,57,187,197,66,11,2,253,16,32,138,136,20,6,37,217
34,153,50,136,95,197,186,100,141,8,80,10,44,158,36,0,238,59,147,193,194,11,18,253,49,24,10,170,17,12,33,155
3,201,0,140,4,145,142,165,68,64,80,199,32,8,178,192,64,64,18,197,197,8,4,189,32,32,142,128,28,28,184,28
33,9,99,73,20,155,161,99,68,64,122,66,128,8,180,228,120,42,18,41,145,184,101,156,36,44,2,64,87,140,240,228
130,48,144,152,75,133,144,64,30,27,0,18,12,158,96,8,237,25,179,144,2,70,146,208,9,16,218,42,144,8,33,147
2,52,144,152,19,229,152,66,22,3,72,18,12,158,96,72,237,25,147,145,34,4,16,214,9,4,154,99,144,8,37,146
2,131,32,136,20,129,140,101,4,4,80,135,32,10,50,64,72,3,147,133,212,8,4,149,32,0,138,192,20,12,176,72
2,135,32,136,148,225,136,99,6,5,88,163,8,46,50,64,76,19,131,149,18,8,0,149,8,0,138,195,148,12,180,80
3,193,0,140,4,144,140,165,4,64,80,199,32,8,50,192,72,0,19,133,197,40,4,157,32,32,142,128,29,28,184,92
3,193,32,140,4,144,140,165,68,64,80,199,32,8,178,224,72,2,19,197,197,8,4,221,32,32,142,128,29,28,184,92
3,135,0,136,20,129,140,39,4,5,88,135,32,40,50,64,76,2,147,133,214,8,4,221,40,32,138,192,20,12,184,72
2,135,32,136,148,129,136,99,4,5,88,135,0,12,50,64,76,3,147,149,210,8,4,149,40,32,138,193,20,12,180,80
3,131,0,136,148,129,140,101,4,5,80,135,32,10,50,64,76,2,131,133,214,8,4,221,32,32,138,193,29,12,184,72
2,129,35,136,22,128,188,101,4,64,80,195,40,14,48,224,110,3,19,133,210,8,4,213,32,32,138,192,21,12,185,13
40,200,72,168,84,129,142,244,4,0,80,2,49,8,52,64,72,40,19,195,66,42,0,189,96,73,170,128,21,24,112,136
2,16,144,152,19,225,144,66,22,3,0,51,12,158,96,72,207,25,147,145,2,4,18,211,9,6,154,107,144,8,37,147
2,135,32,136,150,225,152,99,6,5,88,163,8,142,50,64,78,27,147,149,18,8,0,213,40,4,138,195,149,12,181,211
56,200,0,168,84,129,70,228,4,0,80,2,35,128,32,64,72,8,23,66,74,42,0,189,176,193,170,104,53,24,48,136
1,193,3,140,20,145,164,37,4,64,82,66,32,8,160,224,104,34,2,0,87,168,0,221,32,32,138,64,28,8,184,12
2,20,18,152,51,229,184,66,30,11,88,178,12,190,32,72,231,27,147,145,34,140,18,215,9,22,26,195,148,68,37,147
56,0,106,229,68,2,232,80,69,128,118,2,19,9,176,64,88,132,23,168,136,178,1,136,66,233,160,132,103,168,112,128
2,135,32,136,150,193,156,103,6,5,88,163,8,44,50,64,77,19,147,149,86,8,4,213,40,4,142,195,149,12,180,83
1,72,3,140,4,0,13,4,4,128,80,66,48,0,177,228,64,96,18,73,65,128,32,169,32,32,170,128,20,24,48,40
2,193,1,140,4,128,140,37,4,0,80,66,32,8,48,192,72,2,19,1,209,40,4,149,32,32,138,128,28,12,176,8
3,193,33,140,4,145,140,37,68,64,80,67,32,8,48,96,72,0,19,5,196,40,36,149,32,32,138,128,21,28,176,76
35,72,99,140,4,144,142,228,68,64,80,199,32,12,183,228,72,96,19,207,197,168,36,253,32,40,138,128,29,60,120,92
3,193,33,204,4,145,140,37,68,64,80,2,32,8,182,96,72,0,19,1,213,40,36,149,32,8,142,128,21,28,208,76
54,8,98,234,84,131,202,64,69,0,241,2,99,201,53,0,88,168,23,99,136,163,12,189,18,200,129,184,119,187,112,128
2,134,18,152,22,160,184,98,28,7,90,179,44,46,32,64,111,51,147,145,50,156,0,215,0,38,154,195,148,68,37,3
3,200,33,140,4,16,131,164,68,64,80,66,32,8,182,228,72,96,18,73,197,32,36,185,32,40,138,128,85,28,112,108
3,129,35,140,20,145,173,117,68,64,82,198,32,4,180,228,104,34,19,141,211,136,36,221,32,40,138,192,23,12,176,236
3,133,2,140,16,144,40,103,4,65,90,199,40,34,50,64,102,35,147,133,87,136,4,221,32,32,138,192,28,4,185,28
3,203,32,136,148,129,140,229,68,68,80,135,32,8,50,64,72,3,19,197,214,40,4,253,40,0,142,192,29,28,184,76
3,195,34,136,20,129,140,229,4,68,80,135,40,8,50,64,76,3,19,197,214,136,4,253,32,32,142,192,29,12,184,220
2,131,32,136,150,129,140,103,4,69,88,135,40,14,50,64,76,43,147,133,214,136,4,221,40,0,142,193,21,12,181,216
2,149,18,136,147,224,184,99,12,1,90,178,12,62,32,64,111,19,147,145,18,136,16,215,41,38,154,195,148,0,165,19
35,201,98,140,20,145,142,228,68,64,80,199,32,8,182,224,72,32,18,69,199,168,4,189,32,40,138,128,93,28,248,220
60,8,106,236,68,19,226,80,69,128,119,2,115,9,181,0,120,168,23,107,136,178,36,140,82,233,160,128,119,171,112,128
35,200,99,12,68,145,174,228,68,64,80,70,32,8,183,228,72,32,18,207,197,168,36,253,34,40,138,128,93,28,120,204
2,193,0,136,4,129,140,37,4,0,80,2,32,10,48,64,72,2,19,129,80,8,0,149,32,32,138,192,20,8,176,8
2,151,34,136,146,225,184,99,4,69,88,163,44,46,34,64,111,59,147,145,18,136,4,221,40,38,154,195,21,12,181,83
2,32,82,129,102,136,184,64,172,17,112,2,140,138,32,64,238,9,2,144,2,48,0,209,20,16,10,234,20,0,33,129
18,0,66,128,20,0,232,64,45,0,242,2,14,10,52,64,106,137,31,177,8,179,0,192,144,136,138,196,37,8,113,0
3,195,32,136,4,129,140,37,4,68,80,135,32,12,50,64,72,2,19,133,212,8,4,157,32,32,142,192,21,12,176,92
2,128,148,153,70,129,184,64,174,17,82,2,140,138,96,72,110,9,19,144,2,144,2,209,4,16,154,192,149,0,33,129
34,195,96,140,148,129,140,229,4,4,80,163,40,12,54,64,76,19,147,197,210,8,4,221,32,32,142,193,21,12,180,200
37,8,99,206,68,131,171,112,68,64,117,66,112,72,181,100,120,40,18,235,193,178,36,221,0,40,162,0,87,171,112,228
3,192,0,140,4,145,140,165,68,64,80,199,32,8,178,224,72,0,18,197,197,40,4,157,32,32,138,128,29,28,184,92
130,48,146,152,117,165,184,66,158,27,80,50,140,158,112,72,231,27,19,17,34,76,2,211,13,20,154,234,144,8,33,131
130,176,146,152,53,165,184,66,30,27,80,48,140,154,96,72,199,27,19,17,18,28,2,211,5,20,26,234,144,8,33,129
3,195,32,136,148,145,140,231,6,5,88,135,32,10,50,64,76,11,147,197,214,8,4,221,40,0,142,192,21,12,184,204
66,0,16,136,108,8,184,64,136,16,16,8,140,138,112,2,134,1,95,1,2,35,130,208,4,16,138,184,20,8,1,129
130,48,146,152,97,165,184,66,158,27,80,48,140,158,96,72,197,27,147,17,2,12,18,211,9,22,26,234,144,0,33,131
3,195,0,140,20,145,140,165,70,65,80,199,32,136,50,192,72,2,18,197,199,8,4,189,40,32,142,192,28,28,184,28
0,64,8,136,132,0,133,5,4,0,16,2,16,8,48,64,72,0,19,129,0,0,0,0,96,32,174,0,20,24,144,0
2,131,32,136,148,145,140,229,6,5,80,135,32,8,50,64,76,3,147,133,214,8,4,213,40,32,138,193,29,12,184,92
3,201,33,140,4,17,142,164,68,64,80,199,32,40,182,228,72,98,18,197,197,168,36,189,32,40,142,128,29,28,176,92
2,131,32,136,144,129,140,39,4,4,88,135,32,46,50,64,76,3,147,133,214,8,4,213,40,32,142,193,20,12,180,64
3,195,0,140,20,145,140,101,68,64,80,199,32,40,182,192,72,34,19,197,215,8,4,189,32,40,142,128,29,28,184,92
3,131,0,140,148,129,140,229,4,4,80,135,32,42,50,64,76,3,147,133,214,8,4,157,40,32,142,192,28,12,184,88
2,133,36,152,159,225,152,99,134,85,72,163,8,14,48,1,72,19,147,145,18,8,18,213,41,0,138,67,149,12,180,210
51,0,67,172,68,2,200,64,5,128,243,66,73,10,60,224,120,133,23,161,9,147,0,200,144,232,138,132,61,170,120,4
3,195,34,142,20,129,140,37,4,69,89,135,96,8,50,64,72,35,19,133,214,136,4,157,32,32,138,192,28,14,184,92
0,137,0,138,148,129,134,165,4,0,88,2,96,96,56,64,88,34,2,97,80,40,8,189,40,32,142,68,20,10,176,8
3,193,32,140,4,145,140,101,68,64,80,6,32,8,182,96,72,2,19,133,214,40,36,221,32,40,138,128,21,12,240,76
2,129,32,140,20,129,140,101,4,64,80,131,32,12,50,64,72,2,19,133,210,136,0,157,32,32,138,192,20,12,176,72
3,193,33,140,4,145,140,109,68,64,80,70,32,72,188,228,88,2,18,237,199,40,37,221,32,8,138,128,29,12,248,140
3,128,33,140,4,145,136,32,68,64,80,70,32,8,176,224,72,0,19,133,197,8,36,157,0,32,138,128,28,12,56,76
2,193,0,136,4,129,140,37,4,0,80,2,32,8,48,64,72,0,19,1,80,40,0,149,32,32,138,192,20,8,176,8
7,205,193,130,148,16,142,160,70,192,24,70,96,104,183,228,73,98,18,111,213,40,44,169,40,14,143,128,157,127,120,4
130,135,32,152,148,225,140,103,20,71,88,179,0,44,50,64,77,19,131,133,114,8,0,151,40,0,142,193,148,76,148,80
3,133,34,137,20,178,168,35,4,69,90,151,168,40,50,64,104,34,19,133,150,152,5,223,4,38,154,192,28,12,184,84
3,207,0,156,148,129,142,167,86,5,88,135,32,40,50,64,73,66,19,197,246,8,12,191,40,38,222,192,29,28,152,28
0,193,0,140,4,129,4,37,4,0,80,66,32,0,32,192,64,2,2,0,67,40,0,157,32,32,142,0,28,24,184,8
2,129,32,137,148,131,140,237,4,32,80,2,0,40,48,64,88,2,19,161,208,56,65,149,44,0,142,196,20,8,176,8
0,2,82,137,100,128,168,64,172,4,112,3,172,138,32,64,106,41,130,144,2,163,2,192,4,16,138,73,21,8,101,128
3,129,34,140,132,144,140,37,68,68,80,7,32,8,178,96,72,34,19,133,213,136,36,221,32,32,138,192,29,12,184,76
3,133,35,136,181,148,172,99,76,73,90,66,136,62,182,228,238,3,19,141,215,168,36,213,33,56,138,194,21,12,185,101
178,4,98,236,68,34,200,66,85,2,240,18,35,8,53,8,120,168,6,161,168,183,0,206,18,238,210,128,117,232,112,128
58,202,96,172,68,129,206,228,5,4,208,131,41,13,53,64,76,160,151,195,200,170,4,253,50,73,138,129,55,157,116,200
3,200,32,140,20,145,138,100,68,68,80,135,32,8,182,96,72,32,19,69,198,40,36,189,32,40,138,128,29,12,120,220
3,200,98,204,4,16,141,245,68,64,84,66,32,8,180,228,72,32,19,201,193,168,36,253,34,40,142,128,23,156,112,172
7,207,0,136,132,48,142,175,4,66,88,199,64,104,187,192,93,67,19,231,213,0,12,250,40,36,143,132,156,126,184,28
3,193,40,136,20,129,140,165,4,1,64,131,32,12,48,64,72,3,19,197,214,8,4,157,40,0,142,192,21,12,176,72
42,202,98,204,4,145,207,244,69,68,84,131,33,13,183,100,76,96,147,205,192,40,36,253,98,105,170,129,55,156,116,248
2,32,18,145,70,137,168,64,14,49,80,2,140,138,112,8,42,9,19,145,2,176,0,208,4,0,154,224,21,8,17,128
83,201,35,140,12,144,140,101,132,64,208,199,40,10,50,224,108,161,31,197,205,11,6,253,176,32,138,152,29,12,56,92
82,16,18,128,67,196,184,64,172,24,146,34,140,146,96,66,166,17,219,144,2,1,146,192,149,16,10,138,0,0,33,131
130,69,0,136,132,1,140,67,4,2,88,18,0,10,48,64,72,2,19,129,96,4,0,210,32,32,142,128,20,72,176,0
3,201,7,140,12,128,140,229,196,64,210,66,32,136,176,229,72,34,59,197,197,41,6,253,48,32,206,136,29,28,176,12
2,177,16,136,219,229,176,66,142,25,88,35,12,150,96,0,197,27,147,145,18,10,18,213,25,20,154,235,144,4,37,147
2,201,32,140,20,129,142,229,4,0,80,2,32,8,48,64,72,43,19,193,210,168,0,189,32,0,142,192,21,28,176,136
3,201,39,156,12,128,140,37,196,64,80,66,48,128,180,229,72,34,50,73,193,168,38,189,32,42,222,128,20,24,240,108
2,149,32,136,147,225,152,103,6,69,72,163,12,46,34,64,79,19,147,145,18,8,0,213,41,36,142,195,148,76,181,82
2,141,2,140,150,128,172,103,4,1,90,130,44,46,48,64,110,51,19,193,82,136,16,253,32,36,138,192,20,0,177,24
35,201,98,136,84,147,142,229,68,64,80,135,32,72,182,96,88,42,19,229,215,170,36,253,34,8,142,192,93,28,248,220
2,159,34,136,150,128,190,231,4,69,88,167,40,46,50,64,110,51,147,197,210,136,4,253,40,36,138,194,21,12,181,217
57,72,98,78,85,151,235,244,69,0,116,10,51,201,181,164,120,168,18,234,201,178,52,189,115,73,128,0,119,155,112,172
2,135,0,140,177,225,28,167,6,5,72,163,32,38,34,64,73,19,131,148,82,8,4,159,40,52,142,193,148,76,180,74
130,48,146,152,109,133,184,64,154,24,80,50,140,158,96,11,238,25,147,145,34,71,130,208,5,16,90,170,16,8,33,131
130,159,2,152,147,224,186,231,28,77,90,183,44,190,34,64,231,59,147,129,50,136,0,255,41,38,154,195,148,4,165,219
54,0,114,234,70,131,250,80,37,128,241,130,75,79,60,16,126,185,151,163,136,179,0,200,146,233,138,136,103,171,98,145
0,0,131,157,20,138,161,35,30,129,83,82,244,225,32,68,112,44,34,8,49,188,64,207,4,38,178,64,4,8,48,32
3,73,99,143,4,146,174,117,76,64,82,198,104,72,182,228,126,32,18,207,197,184,36,253,36,40,138,128,31,190,249,252
35,193,99,204,20,144,173,103,68,64,90,66,32,8,180,228,72,34,18,137,211,184,36,157,32,40,130,192,85,12,240,44
2,16,120,217,70,128,184,66,94,81,80,50,140,154,244,104,238,25,51,145,146,156,103,209,20,0,154,194,149,8,37,135
2,16,90,137,82,163,184,74,30,1,114,178,28,142,36,72,126,25,34,145,18,190,1,214,4,47,186,196,213,8,33,145
50,201,98,232,84,129,206,244,7,0,208,2,35,137,52,64,72,168,23,195,202,42,0,189,50,201,170,136,55,152,240,136
3,199,32,136,148,129,140,167,4,4,88,135,32,40,50,64,76,3,147,197,212,8,4,213,32,32,142,193,28,12,184,76
3,133,3,140,150,144,188,103,12,65,90,199,44,46,178,224,110,3,19,133,215,152,4,221,40,32,138,192,29,12,185,92
3,203,0,140,148,145,142,229,68,64,80,199,32,40,182,192,72,66,19,199,213,40,4,189,32,40,142,192,29,28,248,28
162,32,224,209,68,137,232,80,31,117,112,151,136,143,118,9,111,24,151,149,130,252,66,192,14,24,218,224,183,140,80,208
3,176,176,152,125,181,176,66,159,91,16,23,140,156,118,40,141,27,151,21,151,46,50,211,11,30,26,234,216,12,41,199
2,164,128,152,92,163,8,74,22,161,209,26,64,202,104,64,89,12,19,48,34,23,129,159,24,6,155,252,148,8,48,128
2,139,0,136,148,129,142,231,6,5,88,135,32,138,50,64,76,3,147,197,214,8,4,253,40,32,142,193,20,12,188,92
2,150,18,153,50,224,56,66,62,5,90,179,140,150,32,64,231,27,147,145,18,152,0,215,12,22,154,195,148,4,37,211
59,72,98,76,68,147,206,112,69,64,116,131,33,76,183,100,72,232,23,239,204,170,36,189,114,105,162,128,119,189,112,204
2,149,18,136,19,225,56,103,14,1,72,162,44,54,32,64,239,51,147,144,18,136,16,255,41,38,26,67,20,0,37,154
121,32,102,160,76,9,224,80,97,240,240,139,11,12,86,59,104,132,87,165,140,50,197,192,22,105,208,172,103,172,114,196
2,32,18,128,103,133,184,64,172,9,80,2,140,146,96,72,238,57,2,144,2,19,0,192,21,16,138,234,16,0,33,131
2,144,18,152,53,165,176,71,30,9,88,0,172,154,32,64,231,59,19,17,2,156,18,215,5,20,26,202,144,8,33,139
121,0,102,96,76,24,96,80,97,240,178,10,11,8,150,59,104,132,70,165,141,51,101,192,22,233,194,20,103,172,114,196
3,219,3,140,6,145,142,229,68,64,80,231,32,8,178,196,76,34,18,197,197,136,4,253,32,32,142,130,29,28,184,29
34,128,66,137,68,128,232,96,13,1,112,2,8,10,52,65,110,137,23,129,82,58,64,209,20,40,138,200,85,8,96,128
33,72,107,78,68,131,231,112,68,0,116,2,48,193,181,100,122,40,18,234,193,176,36,253,96,40,162,0,119,155,112,168
2,193,0,140,148,129,140,229,4,0,80,2,32,8,48,64,72,2,19,129,80,40,0,149,40,32,142,192,20,8,176,8
61,0,75,237,4,18,74,80,69,128,247,66,83,11,177,240,120,132,4,168,137,179,37,140,210,233,160,4,103,170,120,160
35,201,97,206,68,145,142,228,68,64,80,66,32,8,180,224,72,34,18,207,199,40,36,189,34,8,142,128,93,30,120,140
2,149,18,136,147,224,184,39,12,1,74,163,44,182,32,64,231,19,147,128,18,136,16,215,41,38,154,195,148,4,165,19
58,0,98,225,6,130,248,80,5,0,242,131,11,15,52,64,110,185,151,165,136,176,0,140,146,249,138,128,39,140,116,208
56,8,82,236,86,131,90,88,5,0,240,2,59,203,33,80,122,169,6,226,72,147,0,157,210,233,162,136,55,136,96,136
3,201,99,140,20,144,141,101,68,64,80,199,40,140,180,228,76,41,19,205,199,138,36,221,32,40,138,136,21,28,48,252
56,201,106,236,84,131,203,116,4,0,116,2,49,9,177,64,72,224,23,233,200,170,4,189,98,237,162,128,119,152,112,136
130,144,50,217,19,196,184,67,126,1,96,18,44,154,36,72,231,57,147,145,50,188,18,215,13,14,26,67,209,0,161,130
2,1,6,137,52,139,168,64,140,1,82,2,160,136,48,64,104,40,59,145,18,184,65,213,4,48,154,192,20,8,49,136
3,195,0,136,148,129,140,101,4,4,80,135,32,10,50,64,76,35,147,133,214,8,4,221,32,32,138,192,29,12,184,216
56,205,74,172,84,129,70,246,5,0,124,2,51,105,49,64,72,234,6,200,74,170,0,189,242,233,160,40,119,152,112,136
3,193,32,140,148,145,140,101,4,68,80,135,32,12,50,64,72,2,19,133,212,8,36,157,32,32,138,192,28,12,184,92
0,32,18,137,116,137,168,64,174,1,80,2,172,138,104,64,106,9,10,144,2,48,2,209,4,20,154,104,20,8,33,128
3,193,2,140,20,144,172,103,68,65,90,70,32,40,182,228,72,34,18,133,213,168,36,221,32,44,142,128,29,28,248,12
3,195,32,140,132,129,140,37,4,68,80,135,32,42,50,64,72,3,19,133,212,8,4,213,32,32,142,192,28,28,184,92
33,8,99,78,68,131,235,112,69,0,117,2,112,73,181,100,88,168,19,234,193,162,36,221,82,40,162,128,119,171,112,160
2,195,32,140,148,129,12,167,4,69,88,135,32,42,50,64,64,3,147,197,214,8,4,221,40,32,142,192,28,12,176,88
35,201,99,204,84,145,134,228,68,64,112,66,32,8,180,164,72,40,18,67,199,170,36,189,34,8,138,128,93,28,120,140
3,200,33,140,4,145,140,229,68,64,80,198,32,8,182,224,72,32,18,197,197,40,36,189,32,40,138,128,29,28,120,76
2,149,18,136,147,228,56,99,12,9,74,2,44,50,32,64,230,51,19,128,18,136,16,221,41,52,138,194,16,0,161,11
2,131,32,136,148,193,140,103,4,5,88,163,32,12,50,64,72,35,147,133,82,136,4,221,40,32,138,193,21,12,180,202
3,195,32,140,132,129,12,165,4,4,80,135,32,42,50,64,64,3,19,133,212,8,4,213,32,32,142,192,28,12,176,88
35,201,0,136,20,145,134,229,68,0,80,71,32,8,178,192,72,42,18,69,198,40,4,189,32,0,142,192,93,28,216,140
3,195,0,140,132,129,12,37,4,68,80,135,32,10,50,64,64,2,3,133,212,8,0,149,32,32,142,192,28,12,184,80
2,195,0,136,148,129,140,229,4,4,80,135,0,2,50,64,76,2,131,133,82,8,0,213,32,0,142,193,20,28,180,64
2,195,32,136,149,129,28,229,4,69,64,135,32,14,50,64,76,19,131,197,86,8,20,221,40,0,142,195,20,12,180,88
3,192,32,140,4,145,140,229,68,64,80,2,32,8,182,96,72,0,19,193,196,40,36,157,32,40,142,128,21,28,240,204
2,193,32,136,149,209,140,229,68,64,80,163,32,12,54,32,72,2,147,197,214,40,36,181,40,0,142,193,21,28,180,206
2,193,0,136,4,129,132,101,4,0,80,2,32,8,48,64,72,34,19,129,82,40,0,157,32,32,138,192,21,8,176,8
2,131,0,136,148,129,140,101,6,5,80,135,32,8,50,64,76,2,131,133,86,8,4,149,40,32,142,193,20,12,148,72
2,145,16,136,151,193,148,103,12,1,72,34,4,24,32,64,200,19,147,17,82,40,16,149,41,16,142,67,21,8,181,2
2,133,16,136,151,225,144,2,6,1,8,2,0,52,32,64,201,18,131,145,18,40,16,148,9,4,138,67,148,72,20,18
2,195,32,136,20,129,12,229,4,4,80,131,32,14,50,64,72,3,147,133,66,8,0,149,32,0,138,225,20,12,180,200
2,181,144,137,181,173,176,2,14,9,8,0,140,184,96,64,129,11,19,17,18,40,16,212,13,20,26,98,144,8,17,131
2,149,18,136,151,196,184,35,12,1,88,2,12,62,32,64,238,19,147,129,82,8,16,213,41,32,138,195,20,8,177,3
3,205,2,140,20,128,142,167,4,0,90,70,32,42,50,64,72,98,19,129,68,136,0,189,32,38,158,128,28,88,184,8
2,145,32,136,149,197,156,97,4,68,64,135,32,46,50,64,76,3,147,133,80,8,20,213,33,0,138,65,20,12,180,82
2,16,22,152,111,132,184,64,142,24,80,34,140,158,96,75,198,25,179,129,2,67,2,208,4,16,218,170,20,4,49,147
34,141,66,200,84,131,138,111,4,160,120,2,32,8,52,0,88,170,19,160,80,186,0,159,56,12,139,224,85,8,112,136
3,141,34,142,20,144,170,98,70,65,90,195,40,206,182,96,104,43,51,197,134,136,38,255,0,44,138,136,21,15,48,76
32,141,98,158,84,131,174,239,84,2,120,2,104,104,52,64,89,34,2,225,226,168,8,255,40,46,142,64,85,8,112,136
19,145,114,200,119,148,252,119,77,73,120,34,44,60,182,96,238,187,150,129,214,186,36,221,51,56,10,194,85,12,225,143
3,8,38,156,22,147,184,106,86,64,82,131,40,142,182,96,126,41,51,133,132,156,37,221,0,46,154,192,21,12,49,76
39,1,98,201,20,179,169,82,68,65,95,2,0,136,182,228,120,40,19,189,147,184,37,212,2,44,138,192,151,142,112,228
2,204,34,158,20,128,174,166,20,1,82,2,96,232,48,64,105,98,51,193,242,152,0,255,32,38,222,192,20,8,176,8
2,74,34,140,74,129,56,64,142,68,80,135,44,206,51,64,102,41,187,197,198,3,6,221,16,32,138,138,20,6,53,217
37,0,106,68,4,2,235,16,68,128,119,2,81,1,177,96,88,36,18,42,129,176,36,8,64,41,163,128,101,170,112,32
50,153,50,204,95,197,154,100,141,0,208,35,44,158,36,0,238,185,147,193,66,43,18,253,49,32,138,171,21,12,53,155
35,13,99,73,20,155,160,99,76,64,122,66,160,8,180,228,120,40,18,45,149,184,37,220,36,44,130,192,95,140,240,228
2,48,128,152,19,225,144,66,22,1,72,179,12,158,96,8,75,27,147,145,2,12,18,210,9,4,154,99,148,76,52,210
3,131,32,136,148,129,140,101,4,4,80,135,32,8,50,64,72,2,147,133,214,8,4,149,40,0,138,192,28,12,184,76
2,131,32,136,20,129,140,101,4,4,80,135,32,14,50,64,76,3,147,133,214,8,0,213,40,0,138,193,20,12,180,72
3,143,32,138,20,129,138,230,6,5,88,135,96,104,50,64,93,99,147,229,214,8,12,189,40,6,143,193,29,14,56,76
2,135,0,136,146,225,152,99,6,5,88,163,8,46,34,64,77,27,131,145,18,8,0,213,8,4,138,195,148,76,180,211
3,193,32,140,148,144,140,165,4,64,80,199,32,40,50,64,76,2,19,133,212,8,4,221,32,32,142,128,29,28,184,92
3,131,0,136,148,129,140,37,4,4,80,135,32,8,50,64,76,3,147,133,214,8,4,213,40,32,142,192,28,12,184,88
35,72,99,204,4,2,175,80,68,192,82,66,112,64,181,100,88,32,18,235,193,176,36,204,32,40,138,128,23,184,112,108
2,131,32,136,148,129,140,35,4,5,88,135,0,44,50,64,76,3,147,149,210,8,4,149,40,32,138,193,20,12,180,80
3,195,0,136,20,129,140,229,4,4,80,199,32,10,50,64,72,2,19,133,214,136,4,221,32,32,138,192,29,12,184,24
2,193,33,136,22,129,140,101,4,64,80,195,40,12,52,224,78,19,19,133,211,8,36,221,32,40,138,192,21,12,177,236
2,148,0,136,19,225,152,66,6,5,88,163,8,174,32,64,79,27,131,145,18,8,0,215,8,4,154,227,148,76,37,82
56,200,0,168,20,129,78,244,6,0,80,2,51,130,32,64,72,40,23,194,74,42,0,189,224,193,170,72,53,152,48,136
1,129,2,140,148,144,164,101,4,64,82,71,32,32,50,224,104,34,2,133,85,152,4,221,32,32,138,64,28,12,184,12
56,0,106,229,68,18,232,80,69,128,118,2,83,9,176,64,88,132,23,168,136,178,33,136,66,233,160,132,103,168,112,128
2,148,18,152,147,229,184,67,30,3,72,51,12,190,32,72,231,27,147,145,50,136,16,215,9,6,154,195,148,68,165,19
2,149,32,136,147,225,152,99,6,69,88,163,12,174,34,64,79,27,147,145,18,8,0,213,9,4,154,195,148,76,181,211
28,0,74,225,4,10,104,16,32,160,215,2,83,3,56,64,120,132,29,168,8,145,1,0,194,233,163,132,38,162,112,0
3,193,1,140,4,128,140,37,4,0,80,66,32,8,48,192,72,0,19,1,197,168,0,157,32,32,138,128,28,28,176,8
3,193,33,140,4,145,140,37,68,64,80,67,32,8,48,224,72,2,19,5,213,40,4,157,32,32,138,128,21,12,176,12
43,72,107,76,68,18,207,208,68,192,86,198,112,76,183,100,72,96,19,239,197,160,36,236,98,41,170,128,95,191,112,252
3,193,33,140,4,145,140,37,68,64,80,66,32,8,182,96,72,0,19,1,197,40,36,157,32,40,142,128,21,28,240,76
62,72,98,206,68,145,202,240,69,0,116,2,35,73,181,36,72,232,23,203,200,162,44,189,66,201,130,136,119,191,112,140
3,133,3,136,148,128,172,99,4,64,90,199,40,14,48,196,108,35,19,133,215,136,4,221,32,32,138,192,29,12,184,92
3,200,33,140,4,16,142,36,68,64,80,70,32,8,183,228,72,96,19,205,197,160,36,189,32,40,138,128,21,28,56,108
3,193,35,204,20,129,173,117,68,64,84,2,48,1,182,100,104,32,19,205,195,168,36,221,32,40,170,128,55,136,240,236
