50,32,64,161,84,8,200,64,41,32,176,10,11,10,84,16,106,137,23,145,10,50,192,192,150,200,130,168,37,8,114,128
50,32,96,160,68,9,232,80,65,32,112,10,11,10,20,16,106,137,23,145,138,178,0,196,150,200,128,228,101,136,114,128
0,193,9,140,4,0,4,165,4,0,80,66,32,0,32,64,72,34,19,0,65,8,0,29,32,32,142,0,20,24,176,8
2,129,32,140,4,128,140,33,68,64,80,2,32,40,48,64,72,2,19,1,208,40,0,157,32,32,138,128,20,12,176,72
2,34,144,145,18,225,56,74,30,55,26,179,140,142,64,72,39,27,163,145,18,92,1,210,12,6,154,231,148,68,5,211
3,193,1,140,132,144,14,165,0,64,16,199,32,14,50,192,64,67,147,197,213,8,12,181,40,32,142,192,28,28,152,92
2,193,32,140,5,133,132,37,68,0,64,2,32,8,48,64,72,0,19,1,192,40,16,149,33,32,138,0,21,12,144,2
54,16,82,172,3,66,24,72,133,0,193,162,78,222,40,80,126,177,151,160,8,131,16,204,145,224,138,155,49,34,37,2
0,129,0,140,132,133,12,33,4,8,80,2,0,8,32,64,64,2,2,0,80,8,0,149,32,48,138,64,20,8,176,0
160,128,98,201,20,147,160,64,86,97,114,82,0,8,180,160,104,8,18,17,131,188,5,150,12,12,18,64,221,12,120,132
2,160,0,152,147,193,152,71,22,5,16,179,8,158,96,64,75,27,147,145,50,12,0,215,40,6,158,227,148,12,165,82
3,205,0,140,132,145,142,167,68,64,88,71,32,40,50,224,72,98,19,71,213,40,4,191,32,4,142,192,29,28,152,12
2,129,32,136,148,129,12,33,4,0,80,131,32,14,48,64,64,3,19,133,210,8,16,213,32,32,138,192,20,12,176,80
3,193,32,136,132,129,140,37,4,68,80,135,32,12,50,64,76,3,19,133,214,8,4,149,32,32,142,192,20,12,176,84
86,106,146,132,122,192,186,64,170,132,146,171,44,214,97,18,38,245,221,210,0,3,130,232,152,0,11,171,5,35,39,131
1,73,3,140,4,16,38,36,100,64,82,66,32,2,161,228,104,96,2,192,197,152,4,237,32,32,130,0,28,16,48,12
161,12,235,92,68,162,135,114,84,130,117,82,112,233,181,36,88,40,18,171,225,182,38,142,64,46,226,136,85,232,112,164
32,200,8,172,4,129,199,244,4,0,116,2,49,1,48,64,72,96,2,203,66,170,0,61,96,169,170,0,53,152,112,168
60,72,106,76,68,146,203,240,68,0,116,2,113,75,181,96,92,224,23,234,136,162,36,109,82,169,162,128,119,187,112,168
42,149,114,76,243,180,152,119,43,73,92,163,44,191,180,116,166,27,149,133,146,10,32,213,59,125,154,202,55,196,163,223
2,151,18,136,178,225,184,99,14,1,88,163,12,62,32,64,231,19,147,145,18,8,0,213,40,36,138,195,148,0,165,83
38,106,162,154,84,131,170,192,22,197,80,135,0,204,115,8,92,105,147,215,134,166,14,234,8,4,139,233,149,63,52,212
35,200,97,12,68,145,142,228,68,64,80,70,32,8,183,228,72,96,18,207,197,168,36,189,32,40,138,128,95,157,120,204
61,8,98,110,68,155,194,80,69,128,245,2,99,72,181,32,120,232,6,235,140,178,108,168,146,249,160,0,119,187,114,132
60,16,114,76,102,18,91,80,69,128,245,34,107,73,181,84,126,168,23,234,136,163,32,140,82,249,129,10,119,171,112,161
4,201,132,154,148,131,6,233,22,145,16,2,96,224,121,73,89,106,34,211,114,72,10,189,40,6,207,68,148,121,144,128
49,2,98,140,4,26,192,64,101,100,242,143,11,8,182,16,120,132,6,165,140,179,101,204,146,232,130,16,125,140,114,212
60,8,106,237,68,27,106,80,69,128,118,2,83,73,177,64,120,236,23,106,136,178,36,136,82,233,161,0,119,187,112,128
60,72,106,108,68,131,195,112,68,128,117,2,83,73,177,80,120,168,23,234,136,178,0,12,114,233,160,0,119,187,112,128
50,8,82,236,70,2,200,64,1,0,240,2,43,10,53,80,110,185,23,161,8,179,0,204,146,232,138,128,101,40,98,136
3,76,35,140,4,145,142,230,68,64,88,70,32,8,181,228,72,98,18,207,197,168,36,253,34,40,138,128,93,29,120,140
0,8,6,157,36,136,32,0,174,9,82,0,160,128,32,72,192,40,34,0,2,152,66,209,4,48,146,0,20,8,17,136
3,200,99,204,20,128,175,52,68,0,86,66,48,0,180,228,104,32,18,200,193,184,36,253,32,40,130,128,87,152,112,44
0,193,0,140,132,129,4,37,4,0,80,2,32,0,48,64,64,2,2,129,80,8,0,149,40,32,142,64,20,24,176,8
3,193,0,140,4,129,12,37,4,64,80,7,32,8,50,64,64,2,19,5,212,8,4,157,32,32,142,128,28,12,152,12
2,135,0,136,146,193,28,39,4,5,88,163,44,38,32,64,102,19,147,129,82,8,0,213,40,32,138,193,20,4,181,25
3,199,32,136,132,129,12,231,4,6,88,135,32,8,50,64,73,2,19,197,212,8,4,149,32,32,142,192,28,92,144,92
36,0,66,136,76,3,138,72,0,160,240,10,0,8,116,2,72,128,2,99,0,35,0,128,16,8,138,60,85,41,114,128
50,64,98,228,68,2,200,204,65,160,242,10,3,8,61,0,120,196,21,225,136,179,5,200,50,232,132,132,101,185,114,136
82,209,16,128,236,5,156,101,137,8,144,42,12,26,52,0,206,129,31,129,80,11,0,193,184,24,142,250,21,24,177,1
3,129,0,136,180,129,156,37,12,65,80,199,132,8,50,64,198,3,19,21,215,8,4,213,40,16,142,192,28,12,153,85
10,193,98,204,6,144,236,117,69,0,86,2,40,9,180,68,110,35,19,137,208,168,36,221,98,40,138,128,55,136,241,8
50,200,98,140,76,128,140,228,128,0,208,139,32,12,49,80,72,160,23,197,200,43,0,253,48,32,138,152,85,28,114,152
2,135,0,136,148,129,12,39,6,5,88,163,0,46,50,64,76,3,131,149,82,8,0,213,40,4,142,193,20,12,180,64
96,8,98,94,76,144,130,96,196,0,113,10,32,200,181,97,72,168,2,99,128,35,38,153,18,40,194,8,85,43,112,132
2,33,16,152,173,165,56,65,142,25,80,2,140,146,96,73,196,27,19,16,18,8,2,208,9,16,154,234,144,8,161,131
2,131,32,136,148,129,12,101,4,5,80,135,0,10,50,64,76,3,131,133,210,8,0,149,40,0,138,193,20,12,148,72
2,149,0,136,147,225,24,98,4,1,72,163,12,22,32,64,71,19,147,145,18,8,16,213,9,0,138,195,148,8,37,18
3,193,0,140,4,129,140,165,68,64,80,135,32,8,50,64,64,2,19,5,212,8,4,157,32,32,142,192,28,12,152,92
2,149,16,136,147,225,24,34,6,1,72,163,12,54,32,64,103,19,147,145,18,8,16,213,9,36,138,195,148,68,37,19
2,131,0,140,132,129,12,37,4,68,80,135,0,44,50,64,64,2,19,5,80,8,0,149,32,32,142,192,20,12,180,80
2,197,43,204,20,128,141,55,68,65,92,2,48,41,176,100,72,34,19,137,209,168,36,221,32,44,138,128,23,136,240,104
130,144,146,152,33,165,184,66,30,27,80,16,140,146,32,73,229,9,51,144,34,196,2,211,9,22,154,202,144,0,33,131
1,192,0,140,4,17,12,165,68,64,80,6,32,8,178,224,64,0,2,65,197,8,36,157,32,32,142,0,20,28,152,76
3,192,1,140,4,128,12,164,68,64,80,67,32,8,48,224,64,0,19,69,197,40,4,189,32,32,138,128,28,28,184,12
135,205,32,158,132,32,142,167,20,70,88,151,32,104,51,65,65,98,19,199,244,12,12,191,32,38,222,128,156,125,152,88
60,88,82,238,71,194,82,80,5,128,247,162,123,93,161,64,122,240,134,226,8,178,0,168,82,233,32,1,119,187,116,147
55,104,2,142,92,129,10,72,132,64,209,207,104,202,51,64,120,168,95,231,207,3,14,253,144,32,138,184,29,63,59,148
59,74,98,236,68,18,206,112,65,192,244,135,107,73,183,64,92,224,23,239,205,178,4,140,114,233,160,128,127,191,120,128
35,201,97,78,84,145,203,112,69,64,116,194,96,76,183,100,72,160,22,207,205,162,44,253,34,8,138,128,119,175,112,236
3,200,97,206,4,145,134,228,68,0,80,66,96,8,181,228,72,32,18,75,197,40,44,189,32,40,138,128,87,31,80,172
2,149,0,136,151,225,152,67,6,1,72,163,8,62,32,64,111,19,147,145,18,8,16,213,9,4,138,195,148,12,181,18
3,193,0,140,4,145,140,165,68,64,80,71,32,8,50,96,64,2,18,69,213,8,4,157,32,0,142,192,28,28,152,12
2,149,16,136,147,225,152,67,14,1,72,163,12,190,32,64,239,27,147,145,18,8,16,215,41,4,154,195,148,68,165,19
2,131,32,142,20,129,8,37,4,5,89,135,96,40,50,64,64,2,19,133,208,8,0,149,32,32,138,192,28,14,176,88
2,176,144,152,147,229,144,66,30,9,88,51,12,190,96,72,231,27,147,145,18,12,18,215,9,22,26,227,144,12,37,211
2,176,146,152,105,133,184,64,142,25,80,32,140,158,96,8,134,25,147,17,2,72,130,208,9,16,26,234,144,0,1,131
2,16,150,152,35,165,56,66,62,25,64,177,140,150,96,72,167,25,179,145,2,204,2,209,9,18,90,202,144,4,33,211
60,0,106,96,68,18,233,88,65,160,117,2,83,9,188,48,120,140,23,168,136,178,36,136,86,201,160,132,103,170,114,128
2,0,2,137,68,128,168,64,140,16,80,2,136,130,32,64,104,9,10,144,2,16,64,192,4,32,138,128,21,8,49,128
2,0,6,153,4,128,168,64,172,17,82,2,136,138,112,75,104,41,59,145,2,144,2,192,4,32,154,192,148,8,49,128
3,200,5,140,4,145,138,228,68,64,80,70,32,8,180,225,72,32,18,71,199,40,4,189,32,40,138,128,29,28,56,12
2,7,0,128,133,96,28,7,4,6,8,179,0,46,32,64,65,19,131,129,48,8,0,130,33,6,158,129,148,92,180,82
2,129,41,140,4,129,140,33,68,64,80,66,32,40,48,64,72,2,19,1,208,40,0,157,32,32,138,128,20,8,176,72
39,73,106,78,4,18,207,240,68,192,92,6,112,104,183,100,88,98,18,239,197,160,44,168,96,40,167,128,125,251,112,108
34,64,98,204,4,16,206,180,69,0,84,2,32,8,180,100,72,64,19,72,128,32,36,249,34,40,130,128,55,153,112,12
131,193,32,156,20,144,140,165,84,80,80,71,32,40,178,193,72,2,19,133,245,40,4,157,40,32,142,192,28,12,184,92
60,72,96,238,68,16,202,212,69,0,117,2,35,9,53,64,72,192,23,75,136,34,40,185,34,233,128,0,119,187,112,136
8,200,104,202,4,145,143,180,68,64,84,2,113,9,181,100,72,64,19,75,192,40,44,185,98,9,174,128,119,159,208,108
2,34,144,145,18,225,184,10,30,55,26,179,140,142,64,72,55,27,163,145,18,88,1,210,12,6,154,231,148,68,5,211
131,193,32,140,132,145,140,165,84,64,80,19,32,40,182,96,72,2,19,5,245,40,36,157,32,40,142,128,21,28,184,76
3,193,1,134,148,128,142,165,0,64,16,199,32,44,50,192,68,67,147,199,213,8,12,181,40,0,142,192,28,30,152,92
134,48,146,146,3,194,56,64,190,151,67,179,12,222,104,74,119,57,179,145,2,212,154,192,1,6,219,199,132,4,37,210
2,129,32,136,149,133,132,97,68,0,0,2,0,8,48,64,200,2,19,1,208,40,16,149,41,0,138,64,17,12,144,2
130,134,32,154,16,131,10,169,22,21,81,151,96,110,58,65,85,33,147,165,242,8,8,223,40,38,139,197,20,14,52,64
2,5,80,161,52,169,232,2,15,1,120,2,143,11,52,0,203,11,23,144,26,184,64,212,142,221,146,224,247,200,65,129
2,133,0,136,148,161,136,35,4,1,88,2,128,40,48,64,72,2,19,1,18,8,0,149,8,48,138,192,20,8,176,0
2,20,144,152,19,229,16,66,22,3,8,18,12,150,96,72,79,25,147,145,18,12,16,210,9,6,154,99,144,8,37,146
2,135,32,138,132,129,14,39,4,4,89,135,0,46,50,64,68,3,131,199,208,8,8,181,40,32,142,193,20,14,180,80
22,16,18,174,3,198,26,64,133,0,225,2,78,222,45,80,254,185,151,163,8,3,16,204,145,224,138,27,49,42,37,3
2,131,0,136,148,193,140,99,4,5,88,131,0,46,50,64,76,19,147,129,82,8,0,213,40,0,138,193,20,12,180,64
2,10,0,154,20,193,138,64,22,4,81,131,32,204,49,64,88,56,147,209,2,0,10,189,0,4,138,201,20,15,52,128
3,193,32,140,4,145,142,165,68,64,80,199,32,8,54,64,72,0,18,197,197,40,4,189,32,40,142,128,29,28,184,92
163,0,34,137,84,147,160,64,86,1,112,82,0,136,54,160,120,8,19,17,135,182,5,150,4,12,154,192,221,12,120,132
2,177,144,152,147,193,176,67,30,17,0,50,12,158,96,72,231,27,147,145,18,72,18,209,9,4,158,107,144,4,165,146
3,205,0,140,148,145,142,167,68,64,88,199,32,40,50,192,72,98,19,69,245,40,4,191,40,4,142,192,29,28,184,28
2,193,32,136,148,129,12,37,4,0,80,131,32,14,48,64,64,3,19,133,210,8,16,213,32,32,138,192,20,12,176,88
2,135,32,136,148,129,140,103,4,5,88,135,0,40,50,64,76,3,147,213,214,8,4,213,40,0,142,193,28,12,184,80
131,193,32,136,132,129,140,167,4,68,88,151,32,12,50,64,76,3,19,133,214,8,4,157,32,32,142,192,20,28,176,92
2,131,32,136,148,129,140,103,4,5,88,135,32,12,50,64,76,3,147,133,214,8,4,213,40,0,138,193,21,12,180,72
131,197,32,136,132,129,140,231,4,70,88,151,32,44,50,64,72,2,19,133,244,8,4,151,40,32,142,192,29,28,176,92
3,133,3,140,20,147,136,99,68,64,90,70,96,40,48,224,88,34,19,161,213,168,4,221,32,32,138,128,29,10,176,140
34,139,0,138,84,193,142,101,4,68,81,167,40,14,32,64,76,59,131,199,66,10,8,253,56,0,138,233,21,14,180,216
131,199,0,156,148,129,140,167,20,71,80,151,32,40,50,65,73,2,19,133,246,12,4,159,40,38,158,192,29,12,184,92
2,135,32,136,147,225,152,67,6,69,88,163,8,174,34,64,79,19,147,145,18,8,0,213,8,4,154,195,148,76,181,82
41,233,99,65,212,19,238,245,69,224,116,66,16,8,149,164,88,172,18,248,197,186,101,156,46,8,165,228,111,188,250,172
39,47,34,136,212,179,174,239,70,196,88,135,104,236,183,128,89,107,147,181,246,170,12,254,40,4,143,193,157,126,188,220
86,42,146,132,106,192,186,64,170,132,147,163,44,134,97,18,38,245,237,210,0,1,130,232,144,128,11,171,5,35,39,131
92,0,90,225,2,2,104,24,33,160,118,2,91,3,136,80,54,132,21,168,8,144,1,136,210,233,33,132,39,162,96,0
2,150,146,153,178,224,60,71,62,19,82,178,172,150,32,73,231,59,147,144,50,156,2,211,4,54,26,195,148,80,165,155
2,135,32,136,148,129,156,231,4,5,88,167,40,46,50,64,76,35,147,133,214,8,4,221,40,36,138,193,20,12,188,88
6,174,34,152,150,163,186,99,22,197,88,167,104,236,55,0,127,43,147,181,182,136,4,222,40,6,159,193,149,44,61,220
7,8,135,158,4,178,170,96,148,194,83,199,104,232,181,233,124,109,51,135,165,212,134,200,0,46,219,136,157,45,56,148
2,154,150,154,147,196,184,198,30,29,82,163,44,190,97,72,231,123,147,209,18,216,10,241,41,22,222,195,148,84,165,219
2,129,2,140,148,128,172,37,4,1,80,199,40,10,50,64,110,3,19,133,210,8,4,221,32,32,138,192,28,4,185,8
56,72,72,174,4,129,71,244,4,0,116,2,51,1,49,64,72,224,6,202,72,168,0,61,226,169,162,0,53,187,112,168
3,193,2,140,132,145,172,101,68,64,82,199,32,8,182,224,104,35,19,197,213,152,4,221,32,40,138,128,29,12,184,28
60,72,106,76,68,146,203,240,68,0,116,2,113,75,177,96,92,224,23,234,200,162,36,173,114,169,162,128,119,187,112,168
32,200,104,236,84,129,135,244,68,0,116,2,49,9,48,64,72,40,19,203,194,40,0,61,96,169,170,128,117,152,112,168
60,72,66,238,68,131,74,112,5,128,241,10,99,75,53,80,88,232,23,227,8,163,8,189,146,233,160,152,55,191,112,128
40,161,88,225,244,137,120,117,43,33,116,10,191,11,80,16,46,171,23,152,82,56,64,213,110,221,36,224,103,128,194,137
42,149,114,204,243,148,156,119,43,73,92,163,44,191,180,100,166,27,149,133,146,10,32,213,59,125,154,202,55,196,163,223
56,132,106,229,214,186,232,51,113,3,126,18,57,41,180,96,107,174,23,137,144,184,37,199,70,239,178,192,231,200,240,136
35,201,105,200,20,129,143,229,68,64,80,2,48,8,180,96,72,2,19,73,194,40,36,189,96,8,142,128,85,152,240,236
3,201,3,142,134,144,174,229,68,64,80,199,40,8,182,228,110,35,18,199,197,136,4,253,32,40,142,128,29,30,185,28
2,151,18,136,178,225,56,99,14,1,88,163,12,62,32,64,231,27,147,145,18,8,0,213,8,52,10,195,148,0,165,19
166,106,162,158,78,193,154,196,150,196,80,163,40,142,115,8,76,105,147,215,134,142,6,224,16,4,158,169,149,61,52,216
35,200,33,140,4,145,142,228,68,64,80,70,32,8,183,228,72,96,18,79,197,168,36,189,32,40,138,128,93,28,120,220
61,72,98,110,68,155,194,112,69,128,245,2,107,72,181,32,122,232,6,235,204,178,108,172,146,233,160,24,119,187,114,132
56,0,98,109,68,18,225,80,69,0,118,2,27,9,181,4,120,140,6,168,136,178,32,140,82,233,160,0,119,168,112,160
58,0,98,225,6,18,232,80,65,160,114,2,11,9,28,32,122,133,21,161,136,176,37,192,146,201,162,132,103,172,112,128
2,142,18,152,50,225,58,194,30,5,88,163,44,174,34,64,231,59,131,145,18,136,0,247,8,36,154,195,148,69,37,219
60,8,114,76,102,18,219,112,65,128,245,10,107,201,181,84,126,168,23,234,200,163,32,204,82,249,129,26,119,171,112,161
82,112,2,140,10,3,152,72,132,160,144,171,8,142,33,64,94,177,255,231,72,3,130,220,144,0,139,188,20,46,48,17
3,72,99,204,4,18,171,0,68,64,82,66,32,72,181,228,104,96,18,239,197,160,36,237,0,40,138,128,31,189,112,236
114,18,98,172,78,3,88,104,5,68,240,175,11,12,53,16,124,145,223,167,136,163,4,140,144,224,138,154,117,46,54,80
6,161,134,156,28,131,136,104,134,176,16,2,96,202,121,2,92,109,123,241,66,67,139,221,8,0,207,172,20,42,48,136
6,169,132,148,156,131,136,233,150,145,16,2,96,232,121,3,89,104,51,209,98,104,10,188,40,2,207,236,149,56,16,128
2,48,144,152,75,197,176,64,158,25,64,19,12,158,96,9,229,25,179,145,2,70,18,209,25,16,90,235,144,8,37,147
50,2,98,164,4,26,200,64,69,68,242,135,11,12,55,0,124,132,151,165,140,179,101,140,146,232,130,145,101,140,118,84
3,201,3,140,4,144,142,164,68,64,82,199,96,72,182,228,72,96,18,207,197,168,4,253,32,40,142,128,29,60,248,28
3,72,99,204,4,18,143,112,68,64,86,66,112,0,181,228,88,96,18,239,193,176,36,253,32,40,162,128,23,187,112,236
48,64,66,136,84,3,234,68,5,0,240,2,10,138,49,64,104,136,14,225,72,179,0,200,176,128,138,56,21,25,114,128
60,64,106,236,68,19,74,80,69,128,118,2,83,73,177,64,120,236,23,106,136,178,32,136,82,233,160,0,119,187,112,128
56,64,98,232,84,2,206,80,69,128,240,2,11,9,53,80,120,168,23,227,200,179,0,140,178,233,160,132,119,187,114,128
3,193,32,140,4,129,140,37,68,64,80,135,32,8,50,64,72,0,19,133,197,40,4,157,32,32,142,128,28,28,184,92
60,72,106,110,68,131,239,112,68,128,119,2,83,73,177,96,120,168,23,234,136,178,32,12,114,169,160,0,119,187,112,160
50,8,82,140,70,130,232,64,169,128,242,130,44,14,53,80,110,177,151,161,8,147,0,204,148,184,138,128,37,0,34,136
50,8,2,142,92,129,138,96,132,0,209,10,34,200,49,0,88,168,31,99,72,35,10,189,144,0,139,184,21,43,112,128
3,205,2,140,20,145,142,231,68,64,88,199,32,8,182,224,72,34,18,197,197,168,4,255,32,40,138,128,29,28,248,156
62,72,98,238,20,131,202,112,5,0,241,130,99,77,53,64,92,176,23,227,136,163,12,189,18,233,162,144,55,175,112,128
50,8,66,174,28,129,74,224,133,0,240,2,99,202,53,80,88,161,23,227,72,171,8,189,144,232,138,152,53,11,112,136
32,8,106,206,4,129,131,80,68,0,116,2,48,0,181,100,72,96,18,74,128,160,36,189,64,40,130,0,85,187,112,172
33,72,99,78,84,145,199,244,69,64,116,66,48,72,181,164,72,96,18,74,193,168,36,189,34,8,128,0,87,155,112,172
2,148,16,136,19,225,24,98,6,1,72,178,8,22,32,64,99,19,147,144,18,8,16,215,8,38,154,195,148,8,37,18
3,193,3,140,20,144,172,101,68,64,82,194,40,136,180,228,110,43,19,205,199,136,36,221,32,40,138,128,29,28,177,172
0,8,6,153,36,136,32,0,174,9,82,0,172,128,32,72,194,40,34,0,2,152,66,209,4,48,18,0,20,8,17,136
3,195,32,136,132,129,12,37,4,68,80,135,0,12,50,64,68,2,147,133,212,8,4,149,40,32,142,192,28,12,184,80
2,193,0,140,132,128,12,165,4,0,80,2,32,2,48,64,64,2,19,129,80,8,0,213,32,32,142,192,20,8,176,8
3,193,67,140,20,146,172,101,68,64,82,70,32,8,180,228,72,34,18,197,197,168,36,221,32,40,138,128,29,12,248,12
2,193,32,140,132,129,140,37,4,0,80,2,32,8,48,64,64,2,19,129,208,8,4,157,32,32,142,192,20,12,176,8
3,193,0,140,4,129,12,37,4,64,80,7,32,8,50,64,64,2,19,5,212,8,4,157,32,32,142,128,28,12,152,12
2,151,0,136,146,193,60,39,4,1,88,163,44,38,32,64,102,19,147,128,82,8,0,213,40,36,138,195,20,4,165,27
3,200,33,140,4,145,134,164,68,64,80,70,32,8,183,224,72,64,18,69,197,32,36,189,32,40,138,128,29,28,120,76
3,193,32,140,4,129,140,37,4,64,80,135,32,12,50,96,64,2,19,5,212,8,4,157,32,32,138,192,20,12,176,92
2,135,2,136,146,192,60,39,4,5,88,163,40,38,32,64,102,19,131,129,82,136,0,213,40,32,138,195,20,4,165,27
3,143,32,140,148,128,142,167,4,5,88,135,32,44,50,64,76,35,147,197,212,8,4,253,32,36,142,128,20,28,176,88
3,201,32,136,4,129,140,229,68,64,80,199,32,8,50,64,72,2,19,197,199,8,4,253,32,0,142,192,29,28,184,92
2,131,32,136,148,129,140,33,4,4,80,135,0,44,50,64,76,2,147,133,208,8,4,149,40,32,138,193,20,12,180,64
3,193,33,140,4,145,140,165,68,64,80,71,32,8,178,224,72,0,19,197,197,40,4,149,32,32,142,192,29,28,184,76
2,135,32,136,148,129,12,231,4,4,88,135,0,8,50,64,72,3,147,133,210,8,4,149,40,0,142,192,28,12,184,72
3,192,32,140,4,145,140,229,68,64,80,71,32,8,50,64,72,0,19,69,197,40,4,149,32,32,138,128,29,28,152,76
3,193,32,140,148,128,140,37,4,68,80,135,32,12,50,64,64,2,19,133,214,8,4,157,32,32,142,192,20,12,176,88
3,193,0,136,20,129,140,165,4,64,80,199,32,8,50,64,72,0,19,133,212,8,4,157,32,32,138,192,28,28,184,92
2,131,4,152,148,193,136,35,4,21,80,163,0,46,50,65,72,19,163,145,50,8,2,149,40,2,218,193,148,12,180,64
3,12,1,142,20,48,138,34,68,66,88,70,32,40,181,228,72,98,18,79,133,36,4,175,0,44,138,128,29,127,120,12
2,129,2,140,20,129,140,101,4,0,82,2,40,10,48,64,72,35,19,129,82,136,0,221,32,32,138,192,20,8,176,8
2,131,0,136,148,129,12,37,4,4,80,135,0,14,50,64,68,3,131,133,80,8,0,149,32,32,142,193,20,12,180,80
2,129,34,140,22,129,188,97,4,0,80,130,40,14,48,64,110,35,19,129,210,136,0,221,32,32,138,192,20,12,177,8
4,0,6,137,76,1,168,64,4,16,209,2,8,10,96,75,104,9,2,146,2,179,3,192,20,0,138,12,20,11,48,128
40,5,106,205,212,34,225,50,100,1,126,2,17,41,180,64,104,134,2,184,144,184,37,0,78,169,162,64,229,200,112,128
52,64,66,136,68,3,202,72,1,128,240,10,2,72,61,0,120,136,6,97,8,163,0,136,176,8,131,60,85,57,114,128
54,64,98,100,68,18,204,92,65,128,246,2,67,9,181,96,120,196,21,105,200,178,37,136,50,232,133,132,103,188,240,132
2,129,0,136,148,129,12,37,4,64,80,131,0,46,50,64,68,19,147,133,80,8,0,213,40,32,142,192,20,12,176,80
34,0,98,204,68,3,200,80,69,0,117,2,72,73,181,80,88,168,23,170,136,178,4,220,18,40,128,136,119,170,112,128
2,129,80,224,180,32,76,49,13,1,16,2,141,42,52,64,202,131,23,145,24,40,0,196,170,216,142,192,180,200,240,1
0,0,8,140,4,1,137,0,4,0,80,2,48,8,48,64,72,32,19,129,0,32,0,153,64,32,170,0,21,8,48,32
134,205,0,138,132,32,142,165,4,2,89,18,64,106,49,64,65,66,19,195,112,8,8,183,32,32,142,128,20,91,176,8
6,133,32,158,20,146,138,169,86,193,25,135,96,108,58,96,81,98,19,165,178,64,44,159,40,38,143,196,148,46,48,84
3,131,0,136,180,145,188,37,12,65,80,199,140,8,50,192,198,3,19,21,215,8,4,213,44,16,142,192,28,12,153,85
2,193,0,136,132,129,140,37,4,0,80,2,0,2,32,64,72,2,2,128,80,8,0,149,32,32,142,192,20,8,176,0
2,232,2,140,76,129,142,228,134,0,80,2,32,136,113,64,72,104,19,193,66,43,18,189,48,0,138,40,20,24,48,136
130,112,16,152,19,193,16,196,22,1,0,179,8,150,96,72,75,25,147,145,34,12,18,247,9,6,158,99,148,28,164,18
3,193,32,140,20,145,140,37,68,65,80,135,32,8,50,64,72,34,19,197,198,40,4,157,32,32,138,192,28,12,184,92
3,129,32,137,180,145,172,37,76,65,82,199,140,40,182,224,64,2,19,133,213,24,68,213,44,56,142,192,28,12,153,84
2,135,0,136,148,193,8,35,6,5,88,163,8,174,48,64,77,19,131,145,18,8,0,213,40,36,138,193,20,12,180,64
32,72,121,205,100,141,231,244,76,8,116,2,176,9,181,100,72,96,2,74,193,176,36,253,100,56,162,0,85,153,81,169
160,0,98,92,76,145,128,64,196,0,113,10,32,200,53,89,88,168,34,35,128,178,38,153,18,40,192,8,85,170,112,128
130,216,16,152,7,197,152,196,158,19,64,19,12,158,97,73,201,25,147,209,34,68,18,241,1,2,218,107,148,29,37,154
11,210,106,140,6,144,141,53,68,68,84,167,57,14,182,100,110,32,147,141,197,136,36,221,98,41,170,129,55,156,180,124
2,149,0,136,146,225,24,98,6,5,72,163,8,38,32,64,79,19,147,144,18,8,0,213,8,4,138,195,148,76,52,18
3,193,0,140,4,129,140,229,68,64,80,199,32,8,50,192,72,2,18,197,197,8,4,189,32,32,142,128,28,28,184,28
33,72,97,205,4,136,163,20,68,64,86,66,176,1,181,100,72,96,2,74,193,176,101,189,4,56,162,0,85,185,112,168
2,49,20,152,173,133,188,65,142,25,80,2,140,154,96,72,204,27,19,17,82,10,2,208,9,16,154,234,16,8,161,131
130,48,148,152,107,133,176,64,142,26,16,16,140,154,96,11,132,25,179,16,2,71,146,208,1,16,90,170,16,8,1,131
2,145,144,136,223,165,184,67,142,25,88,2,12,190,96,72,237,27,147,145,18,11,18,209,25,20,154,234,144,72,161,131
3,193,0,142,4,145,142,237,68,64,81,199,96,72,58,224,88,0,18,39,197,40,12,157,32,32,138,128,29,30,152,92
2,131,32,136,148,129,12,101,4,5,80,135,0,8,50,64,76,3,131,133,210,8,4,149,40,32,138,193,20,12,148,64
2,131,0,136,148,193,8,97,4,5,80,163,0,14,50,64,76,19,131,145,82,8,0,213,40,0,138,193,20,12,180,64
2,135,0,136,150,193,152,35,4,5,88,163,8,14,32,64,72,19,147,145,82,8,0,213,8,32,138,195,20,12,180,82
3,193,0,140,132,145,140,165,4,64,80,199,32,8,50,192,72,2,19,197,215,40,4,149,32,32,142,192,29,28,184,76
2,149,0,136,147,225,24,99,4,1,72,163,12,22,32,64,66,19,147,145,18,8,16,213,9,4,138,195,148,8,165,18
3,193,0,140,4,145,142,165,68,64,80,71,32,8,178,224,72,34,18,69,197,40,4,189,32,32,142,128,29,28,152,12
130,48,144,152,19,133,56,64,30,11,16,50,12,150,96,72,231,25,147,144,2,4,18,210,1,20,26,162,144,8,33,131
2,149,16,136,147,225,24,34,6,1,72,163,12,54,32,64,71,19,147,145,18,8,16,213,9,36,138,195,148,68,37,83
3,195,32,140,132,129,140,37,4,68,80,135,32,40,50,64,72,2,19,133,212,8,4,149,32,32,142,192,28,12,184,92
2,131,32,136,132,129,12,37,4,68,80,135,0,12,50,64,68,2,147,133,208,8,4,149,40,32,142,192,28,12,176,80
2,131,0,136,132,129,12,37,4,68,80,135,0,14,50,64,68,3,147,133,80,8,0,149,40,32,142,192,20,12,180,80
2,135,0,136,132,129,12,39,4,4,88,135,0,38,50,64,68,3,147,133,80,8,0,149,40,32,138,193,20,12,180,80
3,137,0,140,148,147,140,37,68,64,80,199,32,40,50,96,64,34,18,197,213,8,4,157,32,32,142,128,28,12,184,28
130,0,148,152,40,129,184,64,158,27,80,16,140,146,96,75,167,25,51,16,2,68,130,208,4,16,90,170,144,0,33,129
3,72,106,206,6,131,139,112,68,0,84,130,112,76,181,100,94,48,19,235,193,160,36,253,96,40,170,128,53,138,113,184
162,0,66,157,68,129,168,64,20,0,80,2,168,136,48,65,104,169,19,129,66,178,64,193,20,48,138,136,85,8,112,136
2,147,2,136,210,160,184,99,4,5,88,167,44,134,50,64,110,27,147,149,18,138,4,213,16,32,138,201,28,4,169,208
34,197,106,204,20,128,205,119,68,65,92,2,48,41,176,100,72,34,19,137,209,168,36,221,98,44,170,192,119,136,240,232
130,144,146,152,49,165,184,66,30,27,80,18,12,146,32,72,229,11,51,144,34,140,18,215,9,22,154,194,144,0,33,131
0,129,0,140,132,128,4,37,0,0,16,2,32,2,32,64,72,2,2,0,80,8,0,149,32,32,134,64,20,8,176,0
3,141,99,204,20,144,141,39,68,64,92,66,48,32,180,100,72,34,18,137,211,168,36,221,32,44,138,128,21,136,240,44
33,72,104,79,68,3,199,248,69,0,116,2,112,73,181,36,88,96,18,106,193,178,108,189,102,40,160,0,87,187,112,168
3,192,0,140,4,145,140,165,68,64,80,6,32,8,178,224,72,0,18,65,197,8,36,157,32,32,142,128,20,28,152,76
2,128,0,136,4,129,128,32,4,0,80,2,0,8,48,64,72,0,19,1,0,32,0,149,0,32,138,192,20,8,48,0
40,72,106,77,100,14,231,112,69,136,118,2,115,73,181,96,88,224,6,106,192,176,32,45,103,169,32,0,119,187,112,169
1,200,33,140,4,129,135,164,68,64,80,66,32,8,180,228,72,64,18,71,193,40,36,189,32,40,138,0,21,29,112,108
130,198,32,152,132,161,140,231,20,6,88,151,32,42,50,65,69,3,147,133,240,12,4,183,40,6,158,192,20,92,180,88
3,201,1,140,4,0,14,164,68,192,80,70,32,8,177,228,64,96,18,199,197,0,4,249,32,32,142,128,28,60,184,12
135,206,32,158,148,130,142,166,20,70,88,151,96,106,51,65,65,98,19,199,244,204,12,191,32,38,222,128,156,125,184,88
60,72,82,238,6,194,82,80,5,128,247,162,91,93,37,80,126,241,135,226,8,179,0,172,242,233,32,131,119,187,100,3
54,74,66,174,6,131,90,112,133,132,241,171,107,207,37,80,126,249,135,231,72,163,0,236,178,233,128,153,119,191,100,65
3,200,134,158,20,144,170,32,214,192,83,71,96,200,179,225,88,104,50,71,231,248,14,189,8,34,203,128,13,47,120,12
23,104,2,142,28,145,138,72,132,64,209,207,40,200,179,192,120,160,95,231,207,3,14,253,176,32,138,184,29,63,59,148
63,72,98,172,4,131,78,112,5,68,240,135,107,202,55,16,122,233,23,231,204,163,4,172,178,233,130,152,125,191,120,212
130,202,0,152,4,193,26,228,22,6,80,183,32,14,49,73,76,48,131,195,98,4,10,255,0,6,218,131,20,29,52,216
2,4,2,136,20,162,168,2,20,3,90,18,32,42,48,64,73,34,19,145,48,140,0,206,8,38,154,192,148,72,48,0
59,72,98,236,68,18,202,112,5,192,241,199,75,72,183,192,124,173,23,239,205,179,4,140,178,233,128,128,127,191,120,132
35,104,99,204,76,145,203,88,197,128,240,74,48,192,181,228,72,168,18,234,193,35,38,156,16,40,131,184,87,171,112,172
82,149,18,168,165,132,92,35,13,8,216,34,12,62,48,64,196,131,31,129,88,11,0,215,185,208,138,202,20,8,177,3
114,213,96,172,135,64,28,167,5,64,216,131,41,14,50,64,76,147,157,197,88,11,20,245,177,96,142,145,52,92,180,94
2,114,144,129,186,193,144,196,142,21,16,167,140,150,96,8,134,25,163,80,2,0,130,240,12,20,30,235,148,25,133,219
2,133,32,138,150,145,174,37,76,64,89,131,76,44,52,96,102,19,19,199,208,8,44,245,32,40,142,192,21,14,177,68
48,8,98,238,68,152,234,112,97,0,118,10,43,9,180,48,106,168,23,234,200,178,100,237,22,248,128,0,119,139,114,132
51,0,99,204,68,11,233,80,197,160,212,74,16,137,181,100,120,172,31,169,201,179,36,200,82,40,162,184,119,168,112,164
32,73,106,78,92,129,207,112,69,0,116,10,113,201,181,0,88,168,23,106,200,163,8,189,114,9,161,168,117,170,114,168
35,201,97,206,84,145,202,240,69,64,112,194,32,76,183,228,72,170,19,207,197,170,44,253,34,40,138,128,119,143,112,236
2,149,18,152,243,164,184,67,172,1,74,163,44,150,32,64,230,59,147,148,18,152,18,213,13,4,154,194,148,4,165,211
33,201,99,204,84,129,143,228,68,0,112,66,32,136,180,228,72,42,19,203,195,170,36,253,48,8,138,40,85,24,240,172
3,193,0,140,132,145,140,165,68,64,80,71,32,8,50,96,64,2,18,5,213,8,4,149,32,0,142,192,28,28,152,76
2,149,0,136,151,225,152,99,6,5,72,163,12,62,32,64,111,27,147,145,18,8,16,213,41,4,138,195,148,4,181,18
2,133,0,136,146,225,156,103,6,69,88,163,12,46,32,64,78,19,147,145,18,8,0,213,40,4,142,195,148,12,181,82
2,135,32,136,146,193,156,103,6,69,88,163,40,46,50,64,78,19,147,149,82,8,4,213,40,0,142,195,148,12,180,91
2,131,32,142,20,129,8,33,4,5,89,135,96,104,58,64,64,2,147,133,208,8,0,149,32,32,138,192,28,14,176,88
2,135,32,136,148,193,156,99,6,69,88,167,32,44,50,64,76,19,131,133,86,8,4,221,40,0,142,195,21,12,180,90
66,32,80,128,124,137,248,64,139,0,48,8,140,138,84,0,134,9,23,17,2,2,192,208,132,24,138,250,20,0,3,129
2,16,146,152,43,133,56,64,142,25,80,33,140,150,96,74,166,25,187,144,2,65,2,209,5,16,26,234,144,4,33,211
2,2,2,137,76,129,168,64,140,20,208,2,136,130,32,65,104,8,10,144,2,146,64,192,4,0,138,136,21,8,49,128
2,0,6,145,4,128,168,0,174,17,82,2,140,138,112,75,98,9,59,145,2,16,2,193,4,16,154,200,20,8,49,128
3,200,37,156,4,145,138,96,84,64,80,66,32,8,181,229,72,32,18,75,165,160,36,189,0,42,202,128,21,29,112,108
130,23,0,138,131,96,20,7,4,6,73,179,0,38,32,64,65,19,131,131,48,8,8,194,33,4,142,131,148,94,180,82
2,129,41,140,4,129,140,33,68,0,80,66,32,40,48,64,72,2,19,1,208,40,0,157,32,32,138,128,21,8,176,72
39,77,107,14,4,18,207,240,68,192,94,70,112,104,183,100,88,96,19,239,193,160,44,233,96,40,175,128,95,254,112,108
35,192,96,204,4,144,204,181,69,0,84,2,32,8,180,100,72,64,19,201,192,32,36,245,34,40,138,128,23,152,240,44
131,193,32,156,20,145,140,37,84,80,80,71,32,40,182,225,72,2,19,197,245,44,36,157,32,40,206,192,29,12,184,92
56,200,96,206,68,144,206,212,69,0,116,2,33,9,181,100,72,192,23,74,200,32,44,189,98,105,132,0,119,155,112,136
11,193,96,202,132,145,143,181,68,64,20,2,48,8,180,100,72,66,19,75,193,40,44,189,104,8,174,192,87,158,208,108
2,34,128,145,18,225,184,74,30,55,24,179,140,142,104,72,55,27,179,145,2,148,3,210,12,4,154,231,148,68,37,211
131,193,32,140,132,145,140,229,84,64,80,3,32,40,182,96,72,2,19,69,229,40,36,159,32,40,142,128,21,28,176,76
3,201,1,138,148,129,142,167,4,65,24,199,32,44,50,192,68,67,19,199,213,8,12,181,40,0,142,192,28,30,152,92
6,2,130,145,18,226,184,66,62,183,83,179,12,142,104,72,127,25,179,145,2,148,1,194,12,6,155,199,132,68,53,210
54,34,98,136,76,193,138,72,132,196,145,171,64,204,59,0,88,169,223,167,136,35,14,156,144,0,139,189,85,47,20,192
3,200,121,204,36,133,175,244,76,72,84,2,176,29,181,100,110,112,19,202,193,40,32,253,96,24,174,128,21,152,113,169
2,133,32,136,148,165,136,99,4,9,88,2,0,40,48,64,201,2,19,145,146,40,0,149,9,48,138,192,16,76,176,0
6,130,36,154,20,131,136,104,22,21,81,135,96,204,58,65,93,40,147,181,162,4,14,223,8,6,203,197,20,12,52,64
3,199,0,138,148,129,142,165,4,68,89,135,96,104,58,64,88,67,3,199,212,8,12,181,40,32,142,192,28,30,184,84
2,133,80,168,180,169,216,66,143,9,56,0,141,26,52,0,143,27,23,17,18,41,0,213,136,220,10,234,212,136,1,129
130,32,128,153,4,129,136,72,22,51,16,18,0,136,112,8,73,8,2,17,34,36,67,146,8,6,154,236,148,8,16,128
2,151,0,136,151,225,152,35,6,5,88,163,12,46,32,64,75,19,147,145,18,8,0,213,8,4,138,195,148,76,181,82
2,131,32,136,148,129,140,99,4,5,88,135,0,12,50,64,76,3,147,149,210,8,4,213,40,0,138,193,20,12,180,64
3,195,32,136,148,129,140,167,4,68,88,135,32,42,50,64,76,3,19,133,212,8,4,213,32,32,142,192,28,12,184,92
2,52,144,128,125,165,184,66,138,9,24,32,140,158,96,0,135,27,23,17,2,11,130,208,137,20,26,234,144,64,35,131
2,8,0,138,29,193,138,64,134,4,81,163,32,204,49,64,88,56,147,195,2,34,10,253,16,0,138,233,20,15,52,130
163,0,98,201,84,147,160,64,84,65,114,82,0,136,180,160,120,8,19,17,135,188,69,150,4,12,146,192,221,8,120,132
3,205,0,156,20,145,142,231,20,65,88,199,32,40,50,64,72,34,19,197,246,8,4,191,40,38,158,192,29,12,184,92
130,177,128,152,147,193,152,71,30,21,0,179,12,158,96,72,75,27,147,145,50,72,2,215,9,4,158,227,148,12,165,210
2,193,0,136,148,193,140,101,4,0,80,2,32,8,48,64,72,2,19,129,80,40,0,149,32,32,138,193,21,12,176,8
3,133,33,136,182,145,184,99,76,65,88,199,136,44,182,96,110,3,19,149,151,8,36,213,40,24,138,194,29,12,177,85
2,193,32,136,148,129,12,101,4,0,80,131,32,14,48,64,64,3,19,133,210,8,16,221,32,32,138,192,20,12,176,88
2,135,32,136,146,161,152,103,6,5,88,163,12,46,50,64,79,3,131,149,18,8,0,213,40,4,142,195,148,76,180,66
0,193,106,233,84,131,229,117,68,0,118,2,49,9,176,64,104,42,2,137,194,186,0,93,100,169,170,64,117,136,241,168
131,197,32,136,132,129,140,167,4,68,88,151,32,12,50,64,76,3,19,133,214,8,4,159,32,32,142,192,20,28,176,92
3,133,3,140,20,179,136,99,4,64,90,70,96,40,48,224,88,34,19,165,213,184,4,221,32,32,138,128,29,14,184,12
2,135,32,136,150,225,152,99,6,69,88,163,8,174,50,64,79,27,147,149,18,8,0,213,40,4,138,225,149,12,181,82
35,193,66,138,84,147,138,236,68,64,81,79,96,200,190,0,88,136,18,103,199,162,12,157,48,8,136,232,93,14,248,132
131,198,0,156,20,129,140,167,20,71,80,151,32,8,50,65,73,3,19,133,246,12,4,223,40,38,158,192,29,12,184,92
2,135,32,136,150,161,156,103,6,5,88,163,40,46,50,64,76,3,147,149,22,8,4,213,40,0,138,193,20,12,180,216
39,15,98,136,212,243,142,239,68,196,88,167,96,236,183,128,89,107,147,181,214,170,36,254,40,4,143,225,149,126,124,220
3,76,131,158,4,178,174,226,84,66,82,70,96,232,181,237,73,107,50,199,229,172,38,235,32,46,222,128,157,125,120,28
2,20,18,153,178,160,60,71,30,11,88,183,172,166,32,73,231,59,147,144,50,140,0,223,36,54,154,195,148,84,165,217
86,42,146,132,10,128,186,64,168,132,147,163,44,206,97,2,38,253,239,211,0,3,130,232,144,128,139,171,5,39,39,193
194,0,20,145,106,8,56,0,168,48,16,144,140,134,64,75,166,17,255,129,2,65,130,192,132,48,74,186,4,0,1,17
2,142,98,136,20,179,170,107,22,196,88,167,40,236,51,0,123,43,147,181,180,136,4,222,40,6,143,193,157,108,61,220
3,135,34,140,148,145,140,103,4,4,88,135,32,40,50,64,76,35,147,133,214,136,4,221,32,32,138,193,29,12,184,92
2,154,150,154,147,197,184,198,30,29,80,163,44,254,33,72,231,123,179,145,50,200,26,253,41,22,158,195,148,84,165,219
60,72,74,174,4,130,74,112,4,0,213,2,115,67,33,64,88,224,4,234,72,160,8,61,242,225,162,0,55,187,112,8
3,193,2,140,4,145,172,37,68,64,82,199,32,8,182,224,104,35,19,197,197,152,4,221,32,40,138,128,29,28,248,28
60,72,106,108,68,146,203,240,68,0,116,2,113,75,177,96,88,232,23,234,200,162,36,172,114,233,162,136,119,187,112,168
56,4,234,237,84,50,233,115,84,131,126,18,17,41,180,96,121,174,23,168,184,186,37,142,70,239,178,192,231,232,240,160
62,72,66,238,68,131,74,112,5,128,241,10,35,75,49,80,88,232,23,227,8,163,8,188,146,233,160,152,55,191,112,128
40,161,88,225,244,137,120,119,43,33,124,10,57,11,80,16,46,171,23,152,82,184,64,85,110,205,164,224,103,136,194,137
11,149,114,204,242,180,184,115,43,73,124,163,44,191,182,100,166,27,149,133,146,8,32,213,42,125,170,202,151,132,161,223
34,201,105,200,20,129,143,244,68,64,80,66,48,8,180,96,72,0,19,201,194,40,36,189,96,8,170,128,21,152,112,232
3,201,99,142,6,144,174,229,68,64,80,198,104,8,182,228,110,35,18,207,197,168,4,253,32,40,142,128,29,30,185,28
2,151,18,136,178,225,56,99,14,1,88,163,12,190,32,64,231,27,147,145,18,136,0,213,40,52,26,195,148,0,165,19
162,105,162,156,79,193,156,196,130,84,208,163,40,142,119,8,78,251,147,193,66,11,134,241,48,0,158,171,21,28,53,218
35,200,33,140,20,145,142,228,68,64,80,199,32,8,182,228,72,32,18,207,197,168,36,189,32,40,138,128,93,28,120,220
61,72,98,110,100,155,194,112,69,128,245,2,107,72,181,32,120,232,6,235,204,178,44,172,210,233,160,24,119,187,112,132
57,0,98,77,68,18,225,88,69,0,119,2,83,73,189,228,120,172,22,170,137,178,36,140,66,233,160,0,119,170,112,160
2,142,18,152,50,225,58,66,30,13,88,163,44,174,34,64,231,59,147,145,18,136,2,255,8,36,154,195,148,69,37,91
3,137,0,142,20,145,142,105,68,64,81,199,96,72,50,224,88,34,18,231,197,40,12,189,32,32,138,128,29,46,184,28
56,0,96,225,70,2,104,80,33,32,246,130,27,15,20,80,126,133,21,168,136,176,1,128,214,233,162,132,39,136,112,0
6,169,132,156,28,131,136,233,150,176,80,2,96,202,121,67,89,104,115,209,66,200,10,220,8,2,207,236,148,40,48,136
39,8,99,78,68,2,235,80,68,192,119,66,112,72,181,100,88,100,18,239,129,176,44,232,0,40,171,128,103,187,112,228
51,2,98,129,4,26,232,64,109,68,242,143,14,8,54,64,106,129,31,165,140,179,37,204,150,56,138,144,77,12,114,212
2,193,0,140,4,129,12,37,4,0,80,2,32,10,48,64,64,2,19,129,80,8,0,221,32,32,138,192,20,8,176,8
35,72,99,206,4,18,207,112,69,192,86,66,112,0,181,100,88,100,18,239,193,176,37,253,32,40,170,128,127,187,112,236
50,64,66,232,84,2,206,68,1,0,240,2,10,10,53,64,120,136,23,225,72,179,0,204,176,136,130,184,117,24,114,136
3,195,66,140,28,144,172,229,132,65,82,199,40,136,182,192,108,43,179,197,199,136,6,253,32,44,154,200,29,28,248,92
60,0,98,236,68,3,74,80,69,128,246,10,83,9,177,64,120,164,6,234,136,179,4,136,210,233,160,0,103,187,112,128
32,32,82,192,116,136,232,80,169,17,48,2,136,139,244,25,234,169,23,144,2,50,2,192,14,24,130,104,215,136,114,128
3,193,32,140,4,129,140,37,4,68,80,135,32,12,50,64,72,2,19,133,212,8,4,157,32,32,142,128,28,12,184,92
48,0,98,200,92,3,192,96,197,0,241,10,2,136,53,0,88,160,23,33,136,163,4,220,18,8,130,88,85,42,112,128
61,73,106,78,68,131,239,112,68,128,117,2,113,73,181,100,120,168,22,234,200,178,36,140,98,169,162,128,119,187,112,160
2,8,66,136,100,128,232,64,169,0,240,130,140,142,33,66,238,177,31,160,8,131,0,200,148,48,138,128,5,0,35,128
2,135,38,152,154,225,152,103,148,5,88,163,44,14,50,65,78,27,147,129,18,136,2,221,40,6,154,195,21,12,181,218
50,8,2,142,92,129,138,96,132,0,209,10,34,200,49,64,88,168,31,227,72,35,10,189,144,0,139,184,21,43,48,128
62,72,98,238,84,131,202,112,5,0,241,130,99,77,53,64,88,168,23,227,136,162,12,189,50,233,162,136,55,175,112,136
130,16,178,153,67,196,184,66,158,83,64,18,12,158,96,72,231,57,147,145,34,156,18,211,5,16,154,67,148,4,37,146
35,73,99,204,4,147,134,246,68,64,120,66,32,8,181,228,72,98,18,203,197,168,36,189,32,40,130,128,95,157,120,172
3,192,1,140,4,144,140,229,68,64,80,66,32,8,48,224,72,0,18,197,197,168,4,157,32,32,138,128,29,28,184,12
35,200,99,76,20,145,134,244,68,64,112,66,32,8,181,228,72,96,18,75,199,168,36,189,34,40,130,128,95,156,120,172
130,199,32,136,148,129,140,231,20,69,88,135,32,12,50,64,76,3,147,133,246,8,4,223,40,0,142,193,21,12,188,92
3,193,99,140,20,144,172,229,68,64,82,194,40,136,180,228,110,43,18,205,199,152,36,221,32,40,138,128,29,28,241,172
0,8,6,153,36,136,32,0,190,9,82,0,172,128,32,72,194,40,34,0,2,152,66,209,4,48,18,64,16,8,17,136
0,193,0,140,132,128,4,165,4,0,80,2,32,2,32,64,64,2,2,128,80,8,0,149,32,32,142,64,20,8,176,8
3,201,99,76,20,146,173,101,68,64,82,66,32,8,180,228,104,32,18,205,197,184,36,253,32,40,138,128,95,140,240,172
3,193,0,140,4,129,12,37,4,64,80,7,32,8,50,64,64,2,19,5,212,8,4,157,32,32,138,128,28,12,152,12
35,201,97,136,20,145,142,228,68,64,80,70,32,8,182,160,72,34,18,69,199,40,36,189,32,8,142,192,93,28,216,140
3,129,32,140,132,129,140,37,4,64,80,135,32,14,50,64,64,2,19,133,212,8,4,149,32,32,138,192,20,12,176,92
3,195,0,136,148,129,140,229,4,68,80,135,32,8,50,64,76,3,147,197,214,8,4,253,40,32,142,192,29,28,184,88
3,143,32,140,148,128,142,167,4,68,88,135,32,46,50,64,76,35,147,197,212,8,4,253,32,36,142,128,21,28,184,92
3,193,32,140,132,145,140,165,68,64,80,71,32,8,178,224,72,2,19,133,197,40,4,157,32,32,142,128,29,28,184,76
3,199,0,136,148,129,140,231,4,64,88,199,32,8,50,64,72,2,19,197,212,40,4,181,32,32,142,192,29,28,184,28
3,193,0,140,4,129,140,101,4,68,80,135,32,8,50,64,72,2,19,133,196,8,4,149,32,32,142,192,28,12,184,92
3,195,0,136,132,129,140,101,4,68,80,135,32,12,50,64,76,3,19,133,214,8,4,149,32,0,142,192,28,12,184,92
3,193,32,140,21,149,140,165,68,64,80,135,32,12,50,96,72,2,19,197,214,40,52,157,33,32,142,192,21,12,176,92
3,200,33,142,4,144,142,228,68,64,80,70,32,8,181,228,72,96,18,207,197,40,36,189,32,40,138,128,29,31,120,92
8,192,40,140,4,1,13,53,4,0,84,2,48,9,48,64,64,0,19,9,192,8,0,21,96,33,170,128,20,24,144,8
2,193,0,140,132,129,140,37,4,0,80,66,32,40,48,192,72,2,19,129,80,8,0,157,32,48,142,192,28,24,184,8
3,195,32,140,20,129,140,37,4,4,80,135,32,8,50,64,72,2,19,133,212,8,4,149,32,0,138,192,28,12,184,76
3,204,0,140,4,145,142,230,68,66,88,199,32,40,179,192,73,98,18,199,229,44,4,191,32,38,158,128,29,92,56,28
3,76,128,156,20,176,138,166,84,66,80,199,32,40,179,192,72,96,18,199,165,12,4,191,0,38,154,128,29,125,56,28
2,193,0,140,21,133,140,101,4,0,80,2,32,8,48,64,72,34,19,129,82,168,16,221,33,0,138,64,21,8,176,136
3,195,0,136,132,129,140,101,4,68,80,135,32,8,50,64,72,2,19,133,212,8,4,149,32,32,142,192,28,12,184,92
2,129,34,140,20,129,140,101,4,0,80,130,40,14,48,64,110,35,19,129,210,136,0,221,32,32,138,192,21,12,177,8
4,0,6,136,76,1,168,72,132,16,209,2,8,138,104,67,104,9,10,178,2,51,1,192,20,0,138,12,20,11,49,128
32,200,98,76,84,129,130,228,68,0,112,2,32,8,52,32,72,40,19,67,194,170,4,189,50,40,130,8,85,9,114,140
134,141,32,138,132,97,142,167,4,2,73,18,64,104,48,64,73,66,19,67,112,8,24,183,32,32,142,1,20,91,144,0
135,141,160,156,20,130,138,171,86,195,25,23,96,104,58,96,89,98,19,37,244,72,12,159,40,6,143,196,148,44,16,68
52,64,66,204,76,3,202,72,1,128,240,10,66,8,53,0,88,128,6,225,8,163,0,200,48,8,131,28,85,57,112,128
0,5,234,193,212,50,233,18,68,1,126,2,17,41,180,96,105,134,19,184,144,184,37,196,78,45,162,196,165,200,112,160
60,65,98,109,196,18,204,121,69,192,118,2,67,9,181,100,120,164,23,169,200,178,37,136,34,233,161,132,103,190,240,0
2,193,32,140,148,129,12,37,4,64,80,131,0,12,50,64,72,3,19,133,208,8,4,149,40,32,142,192,20,12,176,88
3,195,34,136,20,145,172,229,68,68,80,135,40,8,182,64,76,3,147,133,212,8,36,221,32,32,138,192,29,12,185,220
102,40,114,208,108,8,250,64,233,152,49,8,140,202,117,19,174,105,87,99,128,98,138,224,20,24,75,170,69,43,67,129
2,0,22,128,6,0,168,0,140,16,146,2,12,10,48,66,98,1,59,129,0,129,2,192,0,32,202,128,20,0,49,0
134,141,0,138,132,32,142,165,20,3,89,18,96,106,56,64,65,66,19,195,112,8,8,183,40,36,142,192,148,90,176,8
2,193,0,136,132,129,140,37,4,0,80,2,32,10,48,64,72,2,19,129,80,8,0,149,32,32,142,192,20,24,176,8
7,128,164,158,20,130,138,168,22,209,81,135,96,236,58,64,81,96,51,181,150,64,14,189,8,38,139,196,148,47,48,84
3,193,0,136,180,145,188,165,76,73,80,199,140,8,182,224,198,3,19,5,215,8,4,213,44,56,142,194,28,12,185,93
34,232,2,140,76,129,142,228,132,0,208,2,32,138,48,64,72,40,19,195,66,43,18,189,48,0,138,40,21,24,48,136
3,195,32,136,20,128,140,37,6,5,80,135,32,8,50,64,76,34,147,133,214,8,4,221,32,32,138,192,29,12,184,76
2,128,0,136,20,129,136,32,4,0,80,2,0,10,48,64,72,0,19,129,0,0,0,149,0,32,138,192,20,8,48,0
35,193,97,205,4,147,172,165,76,64,82,66,160,8,180,228,104,2,18,205,197,184,101,157,36,56,142,128,93,28,208,172
3,201,0,140,132,129,140,229,68,64,80,199,32,8,50,192,72,2,18,197,196,8,4,189,32,32,142,128,28,28,184,12
33,72,97,205,4,155,135,180,68,64,112,66,176,0,181,228,72,96,18,105,193,176,101,189,36,40,130,0,87,152,112,172
130,241,20,152,143,197,148,69,142,25,80,18,12,158,96,9,236,27,147,145,82,74,18,208,9,16,222,235,144,28,181,131
2,20,144,152,147,225,144,66,22,23,72,179,12,150,32,72,75,27,147,144,18,12,18,215,9,6,154,99,148,72,37,146
2,143,32,138,148,161,138,226,4,5,89,135,96,44,50,64,76,3,131,197,150,8,12,181,40,4,138,193,20,15,180,88
2,131,0,136,150,193,156,231,6,5,88,163,8,142,32,64,77,27,147,145,82,8,0,245,40,4,154,195,149,12,180,202
2,131,0,136,148,129,12,101,4,4,80,135,32,8,50,64,76,2,131,133,214,8,4,149,40,32,138,193,20,12,152,64
2,131,0,136,148,193,24,97,4,5,80,163,0,14,50,64,76,19,131,145,82,8,0,213,40,0,138,193,20,12,180,64
2,135,0,136,150,225,152,99,4,5,88,163,8,14,32,64,72,19,147,145,82,8,0,213,8,32,138,195,20,12,180,66
3,195,32,140,148,129,140,165,4,68,80,135,32,46,50,64,72,3,19,133,212,8,4,213,40,32,142,192,28,12,184,92
3,195,32,140,20,145,140,37,4,69,80,135,32,40,50,64,72,34,147,197,214,8,4,157,32,32,138,192,28,12,184,92
2,133,0,136,147,225,24,99,4,1,72,163,12,54,32,64,74,19,147,145,18,8,16,213,9,4,138,195,148,12,165,18
2,52,128,136,19,225,152,66,6,1,24,163,12,158,96,72,79,27,147,145,18,8,16,214,9,4,154,227,148,76,37,146
2,149,16,136,147,225,24,34,6,1,72,163,12,54,32,64,71,19,147,145,18,8,16,213,9,36,138,195,148,68,37,82
3,193,32,140,132,145,140,229,68,64,80,199,32,8,50,64,72,2,19,69,213,40,4,157,32,32,142,192,29,28,184,92
3,195,32,140,4,129,140,165,68,68,80,135,32,8,50,64,72,0,19,133,197,8,4,149,32,32,142,192,28,12,184,92
2,193,0,140,4,129,140,37,4,0,80,2,32,10,48,64,72,2,19,129,66,8,0,157,32,32,138,128,20,8,176,8
3,193,32,140,132,129,140,37,4,68,80,135,32,12,50,64,72,2,19,133,212,8,4,149,32,32,142,192,20,12,176,92
3,205,0,140,132,145,142,167,4,64,88,135,32,40,50,64,72,2,19,197,196,8,4,189,32,32,142,128,28,28,184,92
3,139,0,140,148,130,140,39,4,64,88,199,32,40,50,64,64,34,19,197,212,136,4,253,40,32,142,128,28,12,184,92
130,48,146,152,40,129,56,64,158,27,80,48,140,146,96,75,167,25,51,16,2,68,130,208,4,18,90,170,144,0,33,129
56,72,106,236,86,147,203,112,4,0,84,130,113,77,181,96,94,168,23,234,200,160,36,157,66,233,162,128,55,168,112,152
32,201,2,140,92,129,130,104,134,0,144,10,32,200,48,64,72,168,10,225,66,43,2,157,48,0,139,56,20,8,48,136
2,134,82,136,82,225,184,66,12,5,88,179,44,134,32,64,111,27,147,144,2,138,0,215,16,4,154,203,149,4,37,129
3,129,107,204,20,144,137,119,68,65,94,66,48,40,180,100,72,34,18,141,195,168,36,221,32,44,138,192,21,136,240,108
130,144,146,152,19,165,56,66,30,27,80,18,12,146,32,72,229,27,147,144,50,140,18,215,9,54,154,194,144,0,33,3
0,129,0,140,132,128,132,37,0,0,16,2,32,10,32,64,72,2,2,0,80,40,0,221,32,32,134,64,20,8,176,0
1,141,106,204,20,129,141,119,68,1,92,2,48,32,180,100,72,34,18,136,209,168,36,221,32,44,162,128,21,136,240,44
33,72,104,77,68,3,199,248,69,0,116,2,112,9,181,36,88,96,18,106,193,178,109,189,100,40,160,0,87,187,112,168
2,143,32,154,146,224,58,167,20,5,89,179,108,110,40,64,103,19,147,149,50,8,8,255,40,38,154,195,148,68,165,91
1,193,32,140,4,144,4,165,68,64,80,7,32,2,178,96,64,0,18,133,196,8,36,157,32,32,142,0,20,12,176,76
40,72,122,77,100,159,231,244,69,136,118,2,51,73,181,100,120,224,6,106,200,176,32,61,103,169,32,0,119,187,80,169
3,192,0,140,4,129,140,165,4,64,80,195,32,8,48,224,64,0,19,197,197,8,4,149,32,32,138,192,28,28,184,28
0,128,0,136,4,129,8,32,4,0,80,2,0,10,48,64,72,0,2,129,0,0,0,149,0,32,138,64,20,8,48,0
60,0,98,239,68,18,234,88,68,0,119,2,81,9,184,96,120,4,19,170,128,176,45,136,70,233,162,4,103,170,112,128
2,128,0,136,4,129,136,0,4,0,80,2,0,10,48,64,72,0,19,129,0,0,0,149,0,32,138,192,21,8,48,0
135,206,130,158,148,130,142,166,22,70,80,151,96,110,51,65,69,99,147,199,244,204,12,175,40,38,222,128,156,125,184,88
131,205,32,156,132,161,142,166,20,70,88,151,32,40,50,64,73,66,19,133,244,12,4,191,32,34,158,128,28,92,184,92
1,72,73,140,4,16,142,164,68,192,84,70,48,0,181,228,64,96,18,79,197,160,36,57,32,40,174,128,29,57,120,44
60,74,114,238,6,194,94,64,5,132,243,163,107,77,33,80,126,249,133,226,8,179,0,172,178,233,160,129,119,187,100,131
7,105,134,158,12,144,170,96,214,192,83,71,96,200,243,227,72,104,51,199,199,208,142,189,8,34,203,136,13,47,120,12
55,72,66,140,28,147,202,72,197,64,209,207,42,202,183,240,120,168,95,231,205,35,4,221,176,40,138,184,93,63,58,148
130,202,0,154,4,193,138,228,22,6,80,179,32,14,51,72,76,48,131,199,98,4,10,255,0,38,218,131,20,29,52,216
2,132,2,152,148,162,168,34,20,1,90,18,0,42,48,64,105,35,19,145,48,152,0,199,8,38,154,192,148,76,48,0
39,104,99,204,76,145,138,72,198,64,240,66,32,200,181,228,72,168,90,107,193,35,38,156,16,40,139,184,87,47,112,164
82,213,16,140,143,196,28,39,133,8,152,34,44,30,32,64,236,147,159,129,88,11,16,213,177,48,142,218,20,8,177,3
82,177,16,128,226,201,180,65,11,33,48,42,140,190,96,16,166,27,151,1,82,27,128,192,188,16,14,254,148,64,135,147
2,137,32,138,134,145,190,37,76,64,89,131,76,108,188,96,118,19,19,199,208,8,44,245,32,40,142,192,21,14,177,69
57,64,106,77,84,19,234,116,69,64,246,2,19,9,182,100,120,132,22,232,200,186,37,204,118,105,160,128,119,156,112,200
32,0,106,193,68,8,233,80,204,128,118,2,144,137,181,111,106,168,19,169,129,179,36,200,86,40,170,128,103,136,113,168
32,201,104,206,84,145,207,112,69,0,116,10,112,201,181,0,88,168,19,235,192,42,44,189,114,9,161,168,117,171,114,168
6,40,0,138,20,129,138,200,6,0,81,2,96,194,41,64,88,40,19,210,2,0,8,189,0,0,139,160,20,11,16,128
2,149,18,152,243,164,56,99,172,9,74,163,44,150,32,64,230,59,147,148,18,152,18,213,9,52,154,194,148,4,161,211
3,193,32,136,148,129,140,165,4,68,80,199,32,8,50,64,64,2,19,197,212,8,4,149,40,32,142,192,28,28,184,92
2,195,32,136,150,129,140,229,4,5,80,135,8,14,50,64,76,3,147,197,214,8,4,213,40,0,142,193,21,12,180,80
2,135,0,136,150,225,156,103,6,69,88,163,12,14,48,64,110,19,147,145,18,8,0,213,40,0,142,195,20,12,181,82
2,135,0,138,20,161,10,99,6,5,89,163,104,6,34,64,76,19,131,133,18,8,8,213,40,4,138,193,20,14,180,72
2,135,32,136,150,193,156,99,6,69,88,167,40,44,50,64,76,19,147,133,86,8,4,221,40,0,142,195,21,12,180,90
50,32,112,192,118,9,248,64,9,32,48,10,141,10,84,16,42,137,23,145,130,50,192,192,150,88,138,168,37,0,83,128
2,48,146,152,43,133,56,64,142,25,80,49,140,150,96,72,166,25,179,145,2,0,2,209,5,16,26,234,144,4,33,211
2,2,2,137,76,129,168,64,140,20,208,6,136,138,48,64,104,136,19,145,2,18,66,192,20,16,138,136,21,8,49,128
2,0,6,147,4,128,168,0,174,17,82,2,140,138,112,75,98,9,59,145,2,144,2,209,4,16,218,200,20,8,49,128
3,72,7,156,12,145,138,228,196,64,80,70,32,8,181,225,72,32,26,199,199,161,38,189,0,40,202,128,29,29,120,140
134,143,0,130,132,0,142,167,4,6,25,151,64,104,58,64,73,66,131,199,84,8,12,162,40,0,142,129,20,94,148,72
0,64,43,140,4,0,133,117,68,0,80,2,49,8,49,64,72,32,19,1,192,160,0,13,96,32,162,0,85,24,48,8
37,77,106,206,68,18,207,241,68,192,94,2,113,104,183,96,88,96,18,239,193,160,36,168,98,41,167,128,117,251,112,236
3,193,36,152,28,145,140,165,196,80,80,199,32,8,178,193,72,2,19,197,247,40,4,157,32,34,218,192,29,12,184,92
35,193,104,204,132,16,140,165,68,64,84,2,32,8,180,100,72,0,18,201,196,40,36,149,34,40,130,192,21,152,240,36
3,193,96,202,132,144,143,181,68,64,84,2,32,8,182,228,72,66,19,203,193,40,44,181,34,40,142,128,23,158,240,44
198,48,146,144,75,193,184,64,186,178,1,147,12,222,105,11,166,57,179,147,2,87,154,192,21,0,219,47,133,33,39,146
131,193,32,156,133,144,140,165,20,64,64,147,32,12,50,96,72,2,19,133,116,40,52,159,33,32,142,0,21,28,176,76
3,201,0,138,148,129,142,167,4,65,24,199,32,44,50,192,68,67,19,199,215,8,12,181,40,32,142,192,28,30,184,92
6,34,130,145,19,226,184,66,54,151,83,179,12,206,104,72,127,25,179,145,2,212,0,194,8,6,155,199,132,68,37,210
3,200,121,205,100,133,175,244,76,72,84,66,176,17,181,100,110,112,18,202,193,40,36,253,36,56,174,128,21,152,113,173
2,132,0,152,148,161,136,34,6,1,88,16,128,42,48,64,73,10,19,145,50,8,64,215,12,22,154,192,148,72,48,0
6,130,36,154,20,131,136,232,150,21,81,135,96,206,58,65,92,41,147,181,2,68,14,221,8,2,139,229,20,14,52,64
2,209,20,152,75,197,148,229,142,24,144,3,44,158,32,67,204,17,155,193,66,11,18,209,49,16,202,59,17,28,165,155
6,143,32,138,148,129,142,229,4,68,89,135,64,104,58,64,92,67,131,199,212,8,12,183,40,32,142,192,28,30,184,84
128,32,128,153,20,1,128,74,22,19,16,18,0,8,104,8,89,8,2,16,34,100,67,146,8,6,146,108,148,8,16,128
2,135,32,136,148,225,152,99,6,5,88,163,8,46,50,64,74,19,147,145,18,8,0,213,40,4,138,193,20,12,180,82
3,195,32,136,148,129,140,101,4,4,80,135,32,8,50,64,72,2,147,133,214,8,4,149,32,0,138,192,29,12,184,88
3,195,32,136,132,145,140,231,68,68,88,135,32,8,50,64,72,2,19,197,214,8,4,181,32,32,142,192,29,28,184,92
34,88,0,138,93,193,154,192,132,0,208,34,40,222,49,64,72,57,147,195,66,3,24,253,49,0,138,43,21,15,52,154
163,32,98,137,84,19,160,64,84,1,112,22,0,136,118,40,120,8,19,49,166,182,68,210,4,8,138,228,93,12,120,132
131,205,0,158,20,145,142,166,84,64,88,199,32,40,178,193,72,34,19,197,231,40,4,191,40,38,154,128,29,12,120,28
2,177,144,152,147,225,144,67,30,17,0,179,12,158,96,72,239,27,147,145,18,72,18,209,9,4,158,107,149,4,165,210
2,129,0,136,149,193,140,101,4,1,80,2,32,8,48,64,72,2,19,129,82,8,16,149,41,32,138,65,20,12,176,2
55,8,98,142,68,194,202,64,69,196,209,131,96,76,55,0,88,232,147,231,140,162,4,200,18,40,138,137,87,175,116,212
33,5,99,76,20,146,161,115,68,64,126,66,48,40,180,100,88,32,18,41,193,188,36,207,32,40,162,0,87,136,112,172
2,135,32,136,150,129,152,103,6,5,88,179,8,46,50,64,79,11,131,149,18,8,0,215,40,4,158,195,148,12,180,66
8,193,106,169,116,129,237,117,68,0,116,2,177,11,48,64,106,42,6,200,202,184,0,29,102,169,170,64,117,152,241,136
2,195,32,136,148,129,140,229,4,5,80,135,32,8,50,64,76,3,147,133,214,8,4,213,32,0,142,193,29,12,184,92
3,5,3,140,20,130,172,99,68,64,90,66,32,40,176,228,120,34,18,169,213,184,5,221,32,32,138,192,29,12,176,44
131,198,32,156,20,129,140,167,22,71,80,151,32,44,50,65,77,3,147,133,246,12,4,223,40,38,158,192,29,12,184,92
38,203,96,138,212,209,142,232,70,4,88,167,96,204,191,0,88,42,147,247,214,42,44,189,42,8,143,193,85,159,244,196
2,135,32,136,150,193,156,103,4,5,88,163,40,46,50,64,76,3,147,149,86,8,4,213,40,4,138,193,20,12,180,216
7,15,34,136,213,243,158,239,4,196,88,167,104,236,55,192,89,107,147,181,246,170,36,254,40,4,143,193,149,110,60,220
7,12,227,158,20,178,174,226,84,194,90,70,96,232,181,236,89,98,18,143,165,172,46,239,32,46,154,128,157,125,112,236
86,42,2,134,74,128,186,64,168,132,145,163,44,206,99,2,38,189,255,215,0,3,130,232,144,160,139,171,5,39,39,193
194,48,148,153,41,132,184,2,154,91,16,49,140,158,96,75,135,25,187,17,2,68,130,192,5,18,90,170,144,4,1,211
7,8,135,156,4,146,168,65,148,193,83,198,104,232,177,236,126,45,51,141,149,214,134,200,0,38,219,128,141,45,57,148
3,135,34,140,148,145,140,103,4,4,88,135,32,40,50,64,76,35,147,133,212,136,4,221,32,32,138,193,29,12,184,92
2,154,150,154,179,196,184,198,30,29,82,163,172,254,33,72,231,123,179,145,18,216,10,253,9,22,30,195,148,4,37,219
3,134,66,129,20,179,168,99,84,229,90,215,8,40,182,128,124,45,147,133,180,184,5,223,12,14,154,193,13,12,121,220
60,72,106,108,68,130,235,112,68,0,116,2,115,73,177,64,120,232,6,234,200,162,36,45,82,233,160,8,119,187,112,168
3,0,163,145,70,50,168,66,124,65,82,214,8,142,180,236,126,13,51,157,149,220,165,192,28,46,154,196,143,4,49,244
41,4,234,205,84,34,233,115,84,131,126,18,17,41,180,96,120,174,19,169,176,190,37,142,66,47,178,128,231,232,240,168
2,135,2,136,146,128,60,103,12,5,90,163,44,38,48,64,102,19,147,133,82,136,0,213,40,36,138,192,20,4,165,65
42,161,88,224,116,141,120,117,43,9,112,8,63,159,80,16,166,187,23,81,82,186,0,213,110,217,36,232,38,128,195,137
11,149,122,89,246,176,184,51,122,65,92,176,189,191,182,96,167,27,151,157,150,152,36,215,78,125,186,192,151,196,225,249
3,201,97,204,20,129,143,228,68,64,80,66,48,8,180,100,72,33,19,203,195,40,36,253,32,8,138,128,21,24,240,236
60,8,98,238,68,3,74,112,5,128,241,10,99,73,53,80,88,232,23,227,136,163,72,188,146,233,160,152,119,191,112,128
2,151,0,136,146,193,184,99,12,5,88,167,44,46,34,64,110,19,147,145,82,8,0,213,40,4,138,195,20,12,165,83
35,201,104,140,20,145,143,228,68,64,84,130,48,12,182,36,72,32,19,79,199,40,36,189,34,8,138,128,85,156,112,236
39,106,226,154,84,129,138,192,22,132,80,135,32,200,119,8,92,104,147,215,134,182,14,186,0,12,138,136,149,63,120,220
60,72,98,110,100,155,194,112,69,128,245,10,107,200,181,52,122,232,6,106,136,163,44,172,146,249,128,8,119,187,114,132
2,143,34,136,178,161,58,98,14,5,88,167,44,174,34,64,231,59,131,149,18,136,4,255,8,38,154,195,148,68,37,75
2,148,160,152,19,225,152,66,30,79,88,179,12,158,98,72,239,27,147,145,50,14,18,215,9,22,154,227,149,76,53,211
60,0,106,229,68,18,106,80,69,160,119,2,91,9,184,64,122,132,23,170,136,178,37,136,82,233,160,132,103,170,112,160
58,16,98,236,70,2,90,88,5,128,247,163,91,77,181,84,126,180,151,234,136,179,0,140,210,233,160,144,119,175,116,17
3,139,0,142,20,147,142,105,68,64,89,199,96,72,58,192,88,34,19,231,197,40,12,189,32,32,138,128,29,14,184,28
56,0,106,225,68,18,104,88,33,32,118,2,91,11,184,112,126,132,21,168,136,178,37,128,86,233,162,132,103,168,112,128
2,161,134,156,28,131,136,233,150,176,80,2,96,202,113,67,88,104,123,241,66,65,10,157,8,2,207,164,20,40,48,136
19,0,98,137,102,25,168,64,236,68,242,135,142,12,182,105,106,161,95,165,140,51,100,196,148,56,138,128,77,12,113,212
2,129,0,136,20,129,12,37,4,0,80,2,32,10,48,64,72,2,19,129,82,8,0,149,32,32,138,192,20,8,176,8
3,201,67,140,4,146,174,228,68,64,82,198,32,8,181,228,72,96,18,239,197,168,36,253,32,40,142,128,31,60,120,220
58,65,98,236,84,2,204,117,65,128,240,10,3,11,53,16,120,136,23,224,200,179,0,140,178,201,130,128,119,184,112,136
3,201,32,140,4,145,142,164,68,64,80,199,32,8,182,224,72,96,19,199,197,40,36,189,32,40,142,128,29,28,184,92
34,32,82,152,108,136,120,80,169,25,112,0,140,139,100,27,202,137,23,16,2,34,130,192,6,152,146,232,210,136,99,129
61,64,106,205,68,2,235,80,68,128,118,2,113,65,177,100,120,228,22,234,201,176,37,8,102,41,162,128,103,187,112,160
60,64,66,236,84,3,78,80,5,0,240,2,3,139,53,80,120,168,23,227,72,179,0,140,178,233,162,132,119,184,114,128
51,0,98,193,68,18,232,80,65,0,246,2,11,8,180,36,120,136,23,184,140,179,37,200,18,232,128,132,103,136,112,132
3,193,32,136,4,129,140,101,68,68,80,135,32,12,50,64,72,2,19,133,212,8,4,157,32,32,138,192,20,12,176,92
48,0,98,200,84,19,192,72,69,192,240,2,2,8,191,32,120,160,23,161,136,179,36,204,18,8,130,16,119,136,112,132
2,8,82,128,102,136,184,64,173,0,178,2,140,10,48,66,110,177,223,161,0,163,0,200,148,16,138,128,68,0,33,129
35,211,99,140,86,145,142,101,4,64,80,231,40,12,182,192,78,33,147,197,197,136,4,253,32,32,138,130,29,28,184,221
60,73,106,110,68,131,239,112,69,0,117,2,115,201,177,32,120,168,23,234,200,178,36,12,114,169,160,0,119,187,112,160
2,135,38,152,150,129,156,103,148,5,88,167,40,174,50,64,110,35,147,133,86,136,6,221,32,38,154,193,21,12,180,220
2,0,22,128,100,132,184,64,172,24,82,2,140,142,96,75,238,41,19,144,2,129,2,192,5,16,138,136,0,0,33,145
62,8,98,238,20,131,202,112,5,0,245,131,99,77,181,64,92,176,23,239,136,163,12,189,82,233,162,128,55,175,112,192
130,16,178,153,23,224,184,66,30,3,66,179,12,158,32,72,227,57,147,145,50,156,16,215,9,6,154,67,149,0,37,146
35,73,99,76,84,145,135,244,68,64,116,66,48,8,181,228,72,104,18,74,193,170,36,189,34,40,130,128,119,157,112,236
3,192,1,140,4,145,140,228,68,64,80,66,32,8,180,224,72,32,18,197,197,168,36,189,32,40,138,128,29,28,56,12
56,72,106,238,84,128,75,244,69,0,116,2,59,73,177,64,104,232,23,202,200,170,0,189,114,233,160,128,119,155,112,136
3,201,99,204,20,144,175,244,68,64,82,66,56,136,180,228,106,40,18,205,195,168,36,253,32,40,138,128,23,156,241,108
0,8,18,153,100,140,48,0,190,9,82,0,172,128,32,72,194,41,34,0,2,152,2,209,4,48,18,2,16,8,49,137
0,193,0,140,132,129,132,37,4,0,80,2,32,8,48,64,72,2,2,1,80,40,0,149,32,32,142,64,20,8,176,8
3,193,99,140,20,146,172,101,68,64,82,70,32,8,180,228,72,34,18,205,197,168,36,221,32,40,138,128,29,12,248,12
3,193,0,140,4,145,140,37,68,64,80,71,32,8,50,64,72,0,19,5,213,8,4,157,32,32,138,192,28,12,152,12
2,135,32,136,146,193,156,103,4,5,88,167,40,46,50,64,78,19,147,133,82,8,0,221,40,36,142,193,21,12,181,88
3,129,32,140,132,129,140,37,4,64,80,135,32,14,50,64,64,2,19,133,212,8,4,149,32,32,138,192,20,12,176,88
3,195,32,140,148,145,140,229,4,69,80,135,32,8,50,64,72,35,19,197,214,8,4,253,32,32,142,192,29,12,184,92
3,139,32,140,148,129,142,231,4,64,88,199,32,40,50,64,76,34,19,197,212,8,4,189,32,36,142,128,29,28,184,92
3,193,32,140,132,145,140,165,68,64,80,70,32,8,178,224,72,2,18,133,197,40,36,157,32,32,142,192,29,28,184,76
3,199,0,136,132,129,142,231,4,68,88,135,32,8,50,64,72,2,19,197,214,8,4,245,32,32,142,192,29,28,184,92
3,193,0,140,4,129,140,229,4,68,80,135,32,8,50,64,72,2,19,133,196,8,4,149,32,32,142,192,28,12,184,92
3,195,0,136,148,129,140,101,4,68,80,135,32,12,50,64,76,3,147,133,214,8,4,149,32,0,142,192,28,12,184,88
3,193,32,140,149,149,140,229,68,65,80,7,32,12,50,96,72,2,19,197,214,40,52,157,33,32,142,64,21,12,176,92
3,201,0,140,4,145,142,228,68,64,80,199,32,8,178,224,72,32,18,199,197,8,4,189,32,32,138,128,28,28,184,92
8,192,40,172,4,129,5,181,68,0,84,2,49,9,48,64,72,0,19,73,192,40,0,157,96,225,170,128,52,152,144,8
2,193,0,140,164,133,140,37,4,8,80,66,160,40,48,192,200,2,19,129,81,40,0,157,32,48,142,128,28,24,184,8
3,131,32,140,148,129,140,37,4,4,80,135,32,8,50,64,72,2,19,133,212,8,4,149,32,0,138,192,28,12,184,76
3,194,0,156,4,129,12,167,22,23,80,151,32,10,50,65,77,3,163,133,228,12,6,223,32,38,222,129,20,28,184,72
9,73,107,204,4,18,175,20,68,128,86,2,48,1,181,100,104,96,18,202,129,160,36,232,98,41,162,128,23,185,112,44
3,12,131,158,20,48,138,2,84,194,88,70,96,104,181,228,72,98,18,135,165,160,4,175,32,46,138,128,157,127,120,12
2,193,0,140,21,133,140,101,4,0,80,2,32,8,48,64,72,34,19,193,82,168,16,221,33,0,138,64,21,8,176,136
3,195,0,136,132,129,12,101,4,68,80,135,32,8,50,64,72,2,3,133,212,8,4,149,32,32,142,192,28,12,184,92
54,64,66,128,68,3,202,72,5,160,144,2,2,8,57,0,120,193,23,227,8,163,0,200,144,0,138,188,21,57,112,128
34,200,98,76,68,145,138,228,68,64,112,2,32,8,180,96,72,32,19,67,194,170,36,253,34,40,130,128,85,28,112,204
134,141,0,138,133,229,14,167,20,2,72,18,0,42,48,64,73,66,19,131,112,8,24,183,33,38,158,1,148,91,180,10
135,140,32,158,20,130,138,169,22,193,80,147,96,108,50,97,89,96,19,181,246,72,12,159,40,6,143,196,20,44,48,84
0,5,234,193,212,34,233,18,68,1,126,2,17,41,180,96,121,134,19,152,144,184,37,68,78,45,162,192,165,200,112,160
3,193,32,136,20,129,140,37,4,64,80,131,32,12,50,64,72,3,19,133,212,8,4,149,32,32,142,192,20,12,144,88
3,195,34,136,20,145,172,229,4,68,80,135,40,12,178,64,76,3,147,133,214,8,36,213,32,32,138,192,29,12,185,92
2,20,128,138,18,32,152,2,6,3,25,179,12,46,32,64,71,19,147,129,16,4,8,210,0,6,154,130,148,70,33,17
134,141,0,154,132,161,134,165,20,3,89,18,96,98,40,64,73,66,19,194,112,8,8,183,40,36,142,192,148,91,176,8
2,167,32,137,178,161,184,3,14,37,88,167,140,14,50,64,70,11,131,149,22,24,69,213,12,20,138,225,148,12,149,209
2,193,0,136,132,129,140,101,4,0,80,2,32,8,48,64,72,2,19,129,80,8,0,149,32,32,142,192,21,24,176,8
2,144,18,136,19,229,184,66,14,9,88,2,12,158,32,72,230,27,147,145,18,136,18,213,9,20,26,202,144,8,33,131
7,232,164,154,28,129,138,136,134,209,81,131,96,204,123,96,88,41,51,213,134,64,142,181,8,6,139,236,148,15,48,84
3,193,32,137,180,145,172,37,12,65,82,199,140,40,182,192,198,3,19,5,215,8,4,213,44,24,142,194,28,12,153,85
34,200,2,140,76,129,142,228,134,0,208,10,32,136,48,0,72,104,19,195,66,43,18,189,48,32,138,40,21,24,112,136
2,234,32,152,19,193,154,198,22,71,16,179,0,142,97,72,73,25,131,209,34,12,2,247,8,6,158,227,148,29,180,218
2,195,32,140,20,129,140,101,6,5,80,135,32,8,50,64,76,2,147,133,214,8,4,221,40,32,138,192,21,12,176,76
2,128,0,136,20,129,136,32,4,0,80,2,0,10,48,64,72,0,19,129,0,0,0,149,0,32,138,192,20,8,48,0
3,129,32,137,148,147,172,37,76,65,82,199,160,40,182,224,104,2,19,133,213,184,69,213,36,40,142,192,29,12,248,20
2,135,0,136,148,129,140,103,6,5,88,135,32,40,50,64,76,3,131,133,210,8,4,221,40,32,142,193,20,12,184,72
2,131,32,138,148,129,142,103,4,4,89,135,0,46,50,64,76,3,147,197,210,8,12,181,40,0,138,193,20,14,180,88
33,72,97,77,68,139,167,180,68,64,118,66,176,1,181,100,72,96,2,74,193,176,101,189,36,40,162,0,87,153,112,172
130,220,0,152,23,193,144,198,22,23,80,179,44,158,33,72,75,25,147,145,34,12,10,247,9,6,154,227,149,13,53,218
2,139,0,138,148,129,138,225,4,68,89,135,96,72,58,64,92,3,131,231,214,8,12,189,40,0,138,192,28,14,184,212
3,195,0,136,20,129,140,101,4,4,80,135,32,8,50,64,76,2,131,133,214,8,4,149,40,32,142,192,29,12,184,92
2,131,32,136,148,129,140,101,4,5,80,163,0,14,50,64,76,3,147,133,82,8,0,213,40,0,142,193,20,12,180,64
3,193,32,138,148,145,142,229,4,68,81,135,32,12,50,64,72,3,19,197,215,8,12,253,32,32,142,192,28,30,184,92
130,48,144,152,43,133,184,64,158,27,16,50,12,158,96,9,175,25,147,145,34,70,2,208,1,16,90,170,16,8,33,131
3,195,32,136,148,145,140,101,4,68,80,135,32,12,50,64,76,3,147,133,214,8,4,213,40,0,142,193,21,12,184,92
3,195,32,140,4,129,140,37,68,68,80,135,32,8,50,64,72,0,19,133,212,8,4,149,32,32,142,192,28,12,184,92
2,193,0,140,4,129,140,101,4,0,80,2,32,8,48,64,72,2,19,129,80,40,0,157,32,32,138,192,20,8,176,8
3,193,32,136,132,129,140,37,4,68,80,135,32,12,50,64,76,3,19,133,212,8,4,149,32,32,142,192,20,12,176,92
2,193,32,136,132,129,140,101,68,0,80,2,32,8,48,64,72,2,19,129,208,40,0,149,32,32,138,192,20,8,176,8
54,0,98,228,68,2,200,72,65,128,242,2,67,9,60,64,120,140,21,161,136,179,5,136,146,232,128,132,103,170,112,128
50,0,96,225,6,2,200,64,73,0,178,2,11,10,20,0,122,133,21,129,136,176,1,192,146,232,138,132,37,8,112,128
3,201,2,140,20,147,140,37,68,64,82,199,32,40,182,224,72,34,18,197,197,152,4,157,32,40,142,128,29,12,248,28
2,135,32,136,148,129,140,103,4,5,88,135,0,44,50,64,76,3,147,149,86,8,4,213,40,0,138,193,21,12,180,84
40,64,106,204,84,146,203,120,68,0,84,130,113,77,181,96,126,32,23,234,200,160,36,221,66,41,170,128,53,138,112,184
48,73,2,140,92,129,128,104,132,0,208,10,32,136,48,64,72,168,14,225,72,43,2,157,176,0,138,56,20,8,48,136
34,0,98,200,116,137,160,96,204,0,242,2,170,136,52,64,232,168,23,129,136,187,4,221,20,56,138,136,85,12,113,136
2,151,2,136,210,161,184,66,4,5,88,167,44,142,34,64,110,59,147,149,18,138,0,213,0,36,138,202,149,4,45,145
130,176,144,152,19,229,144,66,30,19,64,19,12,158,96,72,205,27,147,145,50,14,18,211,9,6,154,107,145,8,37,147
2,148,18,152,147,228,184,67,30,3,72,18,12,190,32,72,233,27,147,145,50,140,16,215,9,38,154,67,144,64,165,18
0,193,0,140,132,128,132,37,4,0,16,2,32,8,48,64,72,2,2,1,80,40,0,149,32,32,134,0,20,8,176,8
3,205,96,140,148,147,142,239,68,64,88,199,96,8,182,224,92,2,19,229,197,168,5,221,32,40,142,196,29,12,248,92
2,158,2,154,146,224,58,167,30,71,75,179,108,102,40,64,103,51,147,129,50,136,8,255,40,38,154,195,148,68,165,90
1,192,32,140,4,145,140,165,68,64,80,6,32,8,182,96,72,0,18,69,197,40,36,157,32,40,142,0,20,28,240,108
130,131,0,136,148,129,12,39,4,4,88,151,0,10,50,64,68,3,19,133,240,12,4,215,32,32,138,192,28,12,184,0
2,0,0,136,4,129,128,96,4,0,80,2,0,8,48,64,72,0,19,129,0,32,0,149,0,32,138,192,21,8,48,0
2,0,0,136,4,129,136,0,4,0,80,2,0,10,48,64,72,0,19,129,0,0,0,149,0,32,138,192,20,8,48,0
131,205,32,156,132,161,142,167,20,70,88,151,32,40,51,65,73,66,19,199,228,12,4,191,32,38,158,128,28,125,184,92
3,73,75,140,4,16,134,182,68,192,88,70,48,0,183,228,72,98,18,79,197,168,36,41,32,40,174,128,29,120,120,12
135,204,164,158,148,146,142,166,20,194,80,215,96,104,51,65,73,98,51,199,244,204,12,191,40,38,223,128,157,125,184,92
3,201,3,141,37,150,174,53,76,72,82,70,168,40,180,228,104,34,18,205,197,184,36,253,36,56,142,130,31,28,241,109
60,72,114,238,71,210,94,112,5,132,246,162,107,93,161,80,126,248,135,226,72,179,32,172,114,233,160,129,119,187,100,147
7,104,134,158,12,144,138,96,198,208,83,71,96,200,243,195,72,104,59,199,199,209,142,189,8,34,203,136,29,47,56,84
55,74,98,172,4,3,78,120,133,132,240,143,107,203,55,80,124,161,151,231,204,163,4,172,178,233,131,152,127,191,120,80
130,200,4,152,4,193,28,228,22,23,80,179,32,142,32,73,76,17,163,195,98,12,2,245,0,2,218,131,20,29,52,216
2,133,2,136,148,162,168,35,4,1,90,18,0,42,48,64,105,34,19,129,16,152,0,199,8,36,138,192,148,72,176,0
35,72,99,200,76,147,137,64,196,192,240,66,32,200,181,228,72,168,90,234,193,35,38,156,16,40,130,184,87,175,112,164
82,213,16,140,207,196,156,167,132,0,152,34,44,158,32,64,236,147,155,193,72,11,18,253,177,32,142,155,20,24,181,11
6,250,128,146,58,129,154,192,142,21,16,167,44,206,99,8,166,25,131,213,2,0,10,240,8,16,15,235,148,31,5,217
49,65,106,76,84,19,237,125,69,64,118,2,83,9,182,100,120,168,22,104,200,178,37,140,114,41,160,128,119,174,240,228
128,0,122,209,102,136,249,80,108,16,86,18,157,137,244,73,106,40,23,153,130,240,36,192,70,9,186,128,37,136,113,129
2,149,18,136,243,165,184,66,140,73,88,163,44,158,32,64,231,59,147,145,18,153,18,213,25,20,154,202,148,4,37,211
35,201,99,206,84,147,207,240,69,0,117,2,112,200,181,36,88,168,18,235,193,170,44,253,114,8,130,168,85,139,112,172
