35,72,99,78,68,147,195,240,69,64,112,70,32,72,181,228,72,224,19,79,129,162,36,189,34,40,128,128,87,191,112,236
39,8,99,142,4,147,131,64,68,192,81,66,96,72,181,228,88,32,18,43,129,162,36,136,0,8,138,128,85,46,112,228
3,200,0,136,20,145,138,228,68,64,80,71,32,8,50,224,72,40,18,69,199,32,4,189,32,32,138,128,29,28,56,140
52,8,66,224,4,2,194,192,1,160,242,10,3,10,37,16,120,196,4,98,8,179,65,200,146,200,130,20,101,169,114,0
2,193,32,136,132,129,132,37,68,0,80,2,0,8,48,96,72,0,19,193,208,40,4,149,32,32,142,192,21,24,176,12
8,200,122,236,100,129,239,244,68,0,116,2,57,11,176,64,106,0,6,202,194,168,0,125,102,233,162,0,119,152,96,169
2,142,32,138,20,161,138,226,6,5,88,167,32,46,50,64,77,35,131,133,2,8,12,255,40,38,138,193,148,15,52,72
3,199,32,136,132,129,142,167,4,4,88,135,32,40,50,64,65,2,19,199,212,8,4,183,40,32,142,192,28,28,184,72
2,134,0,136,148,129,152,231,6,5,88,179,0,46,50,64,77,19,131,149,18,8,0,215,40,4,142,193,148,12,180,64
2,135,0,136,148,129,140,231,4,5,88,135,32,40,50,64,76,2,147,197,214,8,4,181,40,0,142,193,28,12,184,88
2,135,32,136,148,129,136,103,6,5,88,163,0,14,50,64,76,3,131,149,82,8,0,213,40,0,138,193,20,12,180,64
2,149,2,136,147,225,152,99,6,5,88,163,12,182,32,64,103,27,147,145,18,8,16,213,41,36,138,195,148,12,165,82
82,248,18,132,87,197,90,100,169,136,112,10,46,146,36,16,162,249,6,192,66,11,16,237,179,128,14,43,33,16,35,139
54,0,66,232,68,2,72,72,33,128,241,2,75,75,61,80,120,141,23,160,8,179,0,200,146,232,138,132,103,170,114,128
6,13,2,138,146,160,26,230,20,65,88,131,40,238,49,64,111,123,147,213,50,136,0,255,40,38,142,192,148,79,53,88
35,201,97,200,20,129,143,229,70,64,80,2,48,8,182,36,72,2,19,65,198,40,36,189,40,8,142,192,85,24,240,236
52,0,98,76,36,18,202,80,65,128,243,2,75,72,189,32,120,160,6,163,136,163,36,204,146,248,131,20,117,171,112,4
2,142,146,152,51,225,56,198,30,15,88,179,44,150,32,72,231,27,131,145,18,140,2,215,8,6,154,195,148,68,37,75
60,0,114,76,70,18,91,80,65,128,247,2,75,73,189,84,122,172,21,234,136,179,32,136,82,233,161,128,119,171,112,161
64,224,4,140,76,129,0,104,134,176,144,2,96,192,121,2,88,40,106,227,66,67,138,157,24,0,131,56,20,42,16,128
50,0,66,236,4,3,74,104,5,160,241,139,67,12,53,16,92,164,87,167,8,163,64,140,146,232,136,188,117,47,114,64
2,148,2,152,19,225,184,103,4,69,88,179,12,46,32,64,111,19,147,145,50,136,0,215,40,6,154,195,149,12,165,210
2,149,18,136,147,225,56,99,20,1,72,179,44,22,32,64,239,27,147,144,50,136,16,223,41,4,154,67,148,4,165,210
0,32,146,153,100,141,40,64,174,25,80,16,140,138,96,73,227,41,2,144,2,20,2,209,4,16,26,104,144,0,33,129
82,0,112,160,36,8,72,16,105,0,178,10,143,11,20,82,170,133,93,128,136,32,65,192,146,249,10,152,103,136,82,0
2,32,22,153,100,137,168,64,174,17,80,0,140,138,104,74,226,9,19,16,2,48,2,209,4,16,218,232,20,0,33,129
0,0,18,137,100,137,168,0,172,17,82,2,172,138,104,74,98,9,42,144,2,16,2,209,4,16,26,72,20,8,33,128
10,0,80,161,70,137,232,80,45,0,176,2,141,11,96,64,106,137,31,128,2,48,64,208,212,209,170,232,55,136,97,128
2,32,16,129,102,137,168,64,174,17,80,2,141,138,96,74,106,9,19,144,2,48,2,209,132,208,154,232,20,8,33,128
128,128,2,153,84,137,168,64,28,17,82,18,140,10,48,73,106,8,19,145,2,188,66,209,4,16,154,64,213,8,113,128
46,8,106,238,68,18,235,80,68,192,87,131,81,77,183,96,126,176,19,239,128,178,44,200,66,41,170,128,53,171,112,240
2,195,32,136,20,145,140,229,4,69,80,135,32,12,50,64,76,43,147,197,214,8,4,157,32,0,142,193,21,12,188,220
2,148,18,152,52,164,56,2,62,9,90,48,140,146,32,72,231,27,19,16,50,156,2,215,12,22,26,194,148,0,33,129
2,132,146,153,180,160,56,66,62,11,88,16,140,130,32,72,231,27,19,144,18,140,2,215,12,22,26,194,144,64,33,129
2,148,146,153,177,165,184,66,30,11,88,48,140,158,96,72,199,27,19,16,18,12,18,211,13,22,154,202,144,64,33,131
2,36,146,153,49,165,184,66,30,27,80,16,140,146,96,72,199,11,19,16,18,28,2,211,13,22,26,234,144,64,33,131
2,195,0,136,148,129,140,229,4,4,80,135,32,46,50,64,76,2,147,197,82,8,0,213,40,32,142,192,28,28,176,80
34,195,96,200,20,145,142,245,68,4,84,135,32,12,182,4,76,2,147,205,198,40,36,181,42,8,142,193,87,156,244,236
2,151,18,136,179,164,56,99,14,77,88,135,12,38,34,64,231,27,147,149,18,8,0,213,9,20,138,194,152,68,165,83
2,195,0,132,148,129,140,37,4,68,16,135,32,12,50,64,76,2,147,133,80,8,0,149,40,0,142,192,20,12,148,88
128,132,0,137,20,163,0,106,22,35,82,18,0,0,32,64,89,12,2,16,34,156,65,159,12,38,146,68,20,8,16,8
3,137,0,140,148,131,140,39,4,0,88,71,32,40,50,64,64,34,19,133,212,136,4,221,32,32,138,128,29,12,184,8
3,8,128,156,4,16,138,130,86,66,80,71,32,40,179,232,72,96,18,71,167,44,4,191,0,38,154,128,29,61,56,12
2,128,146,153,38,129,168,64,62,17,80,18,140,138,48,72,102,9,19,145,2,144,2,209,4,16,154,192,148,8,33,129
2,135,34,140,148,130,12,39,4,5,90,135,40,38,50,64,78,35,147,133,208,136,0,221,32,36,138,192,20,12,176,88
32,200,106,204,68,145,238,245,69,0,116,2,48,9,180,96,72,168,2,202,194,42,36,253,98,41,162,0,119,152,112,136
48,0,2,136,68,2,136,96,132,0,242,2,8,130,40,64,120,129,6,160,8,179,0,196,144,32,138,8,21,8,48,128
132,0,128,146,4,2,2,0,22,162,17,18,64,192,104,72,89,36,51,34,32,68,8,130,0,6,219,4,148,42,48,0
2,146,2,152,16,192,184,99,36,5,90,167,8,142,48,64,110,59,147,149,18,152,0,213,8,36,154,195,20,4,181,80
0,0,0,136,4,1,0,0,4,0,80,2,0,0,32,64,64,0,2,0,0,0,0,144,0,0,130,0,20,8,48,0
2,131,0,140,148,129,12,39,6,5,88,135,32,46,50,64,68,3,147,133,82,8,0,221,40,32,138,193,20,12,180,72
0,0,0,136,4,1,0,0,4,0,80,2,0,0,32,64,64,0,2,0,0,0,0,144,0,0,130,0,20,8,48,0
0,129,18,140,150,128,36,39,44,1,90,2,44,34,32,64,98,35,2,0,82,152,0,221,32,36,146,64,20,8,161,8
3,195,0,136,132,129,140,165,4,0,80,135,0,8,50,64,72,2,19,133,212,8,4,149,32,32,142,192,28,12,152,92
2,203,0,136,20,129,134,229,6,5,80,6,32,128,32,64,64,10,2,64,82,8,0,189,40,32,142,201,20,8,148,8
2,135,0,136,148,225,8,35,4,5,88,163,0,46,48,64,68,19,147,133,18,8,0,213,40,32,138,193,20,12,180,80
0,129,0,136,148,193,0,33,4,0,0,34,0,8,32,64,72,2,130,16,82,8,0,149,40,0,138,65,20,8,148,2
2,20,16,136,19,165,56,66,30,9,72,18,12,150,32,64,229,27,147,144,50,12,16,215,9,22,154,194,144,0,33,3
0,193,0,140,4,129,4,37,4,0,80,2,32,0,32,64,64,0,2,0,80,8,0,149,32,32,138,64,20,8,144,8
2,8,82,136,118,137,168,64,172,0,240,2,172,138,32,64,110,169,19,128,2,147,0,221,20,16,138,136,20,8,33,128
48,0,98,204,84,145,194,64,197,0,241,10,34,200,53,96,88,168,23,35,200,163,36,221,16,40,130,56,85,43,112,132
2,148,18,152,19,226,56,66,60,1,74,50,44,150,32,64,230,59,147,145,50,156,16,223,1,54,154,195,148,0,37,19
3,201,99,204,148,147,140,229,68,64,80,66,32,8,180,224,72,34,18,201,197,168,36,157,32,8,142,192,93,12,216,12
3,193,32,140,4,144,132,165,68,64,80,67,32,8,50,224,64,0,19,5,197,40,4,157,32,32,142,128,28,28,152,12
3,192,0,140,4,129,140,164,68,64,80,71,32,8,50,192,72,0,18,197,197,40,4,157,32,32,138,192,28,28,184,12
3,193,34,136,20,145,140,229,68,64,80,7,32,8,50,64,72,40,19,197,198,40,4,253,32,0,138,192,29,28,248,204
2,149,2,136,151,193,188,103,4,1,88,162,40,14,32,64,108,19,147,129,82,136,16,213,40,32,138,195,20,8,180,154
35,200,99,204,68,145,143,228,68,0,80,66,32,8,181,164,72,104,18,203,195,170,36,189,32,8,138,128,85,25,112,172
2,149,18,136,151,224,184,99,4,1,74,162,12,62,32,64,110,19,147,145,18,152,16,213,41,36,138,67,20,12,181,18
3,137,0,140,132,129,140,165,4,68,80,135,32,8,50,64,64,2,19,197,212,8,4,157,32,32,142,192,28,12,184,92
35,72,99,78,68,147,195,112,69,64,116,6,112,72,181,36,72,224,18,111,193,162,36,189,2,40,128,136,119,191,112,236
2,144,144,152,147,225,184,66,30,81,72,179,12,158,98,72,239,27,147,145,18,8,18,215,9,4,154,235,149,12,37,210
2,20,48,152,23,165,184,66,14,9,88,18,12,154,32,72,237,25,147,145,130,8,16,215,9,22,154,194,144,8,49,131
3,8,97,202,20,145,130,96,68,64,80,66,32,8,181,228,72,40,18,75,131,160,44,189,0,40,138,128,85,31,112,236
0,0,148,153,110,137,168,0,174,17,80,18,140,138,96,75,226,9,42,144,2,80,2,209,4,16,218,104,148,8,33,128
3,193,0,136,20,145,136,229,4,65,80,199,32,8,50,64,64,0,19,197,199,8,4,157,32,32,138,192,28,12,184,92
0,0,0,136,4,1,0,64,4,0,16,2,0,0,32,64,72,0,2,0,0,0,0,128,0,0,130,0,20,8,48,0
102,8,114,192,100,10,234,64,201,160,178,10,10,8,117,18,106,229,23,227,136,179,0,200,22,152,139,148,69,169,82,128
3,193,0,140,20,144,140,165,68,65,80,199,32,40,50,64,64,2,19,197,213,8,4,157,40,32,142,192,28,28,184,28
2,129,0,136,148,128,140,37,4,0,80,2,32,40,48,64,72,2,19,129,80,8,0,149,32,32,138,128,20,8,176,0
2,193,32,136,132,129,132,165,68,0,80,2,0,8,48,96,72,0,19,193,208,40,4,149,32,32,142,192,21,24,176,12
3,193,32,142,132,145,142,165,68,64,80,3,32,8,182,96,72,66,19,199,213,40,44,189,40,40,142,192,21,30,240,76
62,10,98,46,68,195,202,96,69,68,245,171,99,77,183,0,88,232,151,103,204,162,12,189,18,105,161,153,119,191,118,212
3,193,32,140,132,128,140,165,68,64,80,199,32,8,50,64,64,2,19,133,197,8,4,149,32,32,142,128,28,28,184,92
2,134,34,129,146,163,184,66,6,5,90,167,8,14,122,64,119,11,147,149,146,152,5,215,12,4,154,197,148,68,53,80
58,88,64,238,71,193,222,240,5,0,240,138,41,95,53,0,78,249,151,195,72,34,24,189,243,201,136,171,119,63,52,155
3,193,113,205,182,145,173,181,76,64,80,66,168,8,180,228,110,3,18,201,213,56,36,213,36,56,142,192,23,140,241,236
22,248,16,138,27,193,26,224,134,0,129,163,44,214,97,64,74,185,155,194,66,3,26,253,177,0,139,187,20,27,53,154
3,133,34,136,148,178,168,99,4,65,90,199,64,40,50,64,88,2,19,181,148,152,5,220,40,36,138,192,157,76,184,84
2,143,32,138,132,129,14,165,4,4,89,135,96,106,58,64,69,67,147,199,212,8,8,183,40,32,142,192,20,94,176,88
0,200,106,205,100,129,239,244,68,0,118,2,177,3,176,96,106,0,2,200,194,184,36,125,102,169,34,0,117,152,224,168
2,129,32,136,149,133,8,35,4,64,72,3,0,12,48,64,192,2,19,133,208,8,16,149,41,32,138,64,20,12,176,82
2,143,0,140,20,131,138,107,4,4,89,135,96,104,50,64,92,34,131,165,22,8,12,159,40,36,138,193,20,14,52,88
3,143,32,142,20,179,138,107,4,68,89,199,96,104,50,64,88,34,19,165,148,136,4,157,32,32,138,192,29,14,56,84
2,135,0,136,144,129,12,39,4,4,88,135,32,46,50,64,68,3,131,133,80,8,0,215,40,32,138,193,20,12,180,64
130,207,0,140,132,129,14,167,20,5,88,135,32,46,50,64,69,66,131,197,112,8,4,255,32,38,158,193,20,28,180,72
2,134,0,152,16,193,154,231,22,5,88,179,0,174,50,64,79,19,131,149,50,12,0,247,40,6,158,225,148,12,180,75
8,129,58,233,116,133,189,117,76,8,116,2,60,3,176,64,110,11,2,8,194,184,0,93,101,169,34,64,81,136,225,169
3,139,32,156,20,129,138,166,22,5,80,135,32,168,50,64,73,42,179,197,198,8,6,253,40,38,154,192,28,12,56,76
2,135,0,136,148,129,142,231,4,5,88,135,32,40,50,64,76,3,147,197,214,8,4,181,40,0,142,193,20,12,188,72
34,88,18,136,79,197,158,228,12,8,208,2,44,158,33,64,236,185,147,195,66,3,18,253,49,0,138,171,17,25,49,154
48,0,0,136,12,1,192,72,5,32,176,10,2,8,56,2,88,128,31,33,8,35,65,144,144,0,139,60,85,8,112,128
2,135,32,136,148,129,136,99,6,5,88,163,0,46,50,64,77,3,131,149,18,8,0,213,40,4,138,193,20,12,180,64
2,193,32,140,132,129,140,37,68,64,80,131,32,12,50,64,72,2,19,133,208,8,4,221,32,32,142,192,20,12,176,72
2,135,0,136,146,193,24,99,4,5,88,163,40,46,32,64,78,19,147,145,18,8,0,213,40,36,138,195,148,12,180,82
2,149,2,136,147,225,152,99,6,5,88,163,12,54,32,64,103,27,147,145,18,8,16,213,41,36,138,195,148,12,165,82
3,197,0,140,4,145,12,167,68,64,88,199,32,40,178,192,72,2,18,197,197,8,4,255,32,32,142,128,28,28,184,92
2,148,18,136,147,224,56,99,30,1,72,179,12,182,32,64,231,27,147,145,50,136,16,215,41,38,154,195,144,68,165,18
3,139,34,140,148,129,140,231,4,68,88,135,32,8,50,64,76,3,147,197,214,8,4,221,32,32,142,193,21,12,184,220
131,141,1,140,20,145,142,166,68,64,88,70,32,40,178,228,72,98,18,197,197,40,4,191,32,32,138,128,29,92,56,12
60,0,66,236,68,3,74,80,1,128,241,10,75,203,61,16,120,169,6,162,8,179,0,204,146,233,128,4,103,171,98,128
35,13,98,72,212,147,142,107,68,192,88,3,0,232,183,32,88,42,19,117,214,184,36,156,42,12,135,192,85,44,240,204
35,201,99,140,4,146,174,100,68,64,82,198,32,8,182,228,104,32,18,205,197,184,36,237,32,40,138,128,31,28,120,220
80,249,18,164,87,196,124,100,169,136,112,10,44,155,36,16,166,185,6,192,66,187,16,237,179,216,6,42,35,16,35,139
3,76,35,158,20,177,142,198,84,194,90,199,96,104,183,224,73,98,18,151,167,172,12,191,32,46,142,128,157,95,56,76
62,0,98,236,68,2,74,88,1,128,241,2,75,203,61,80,120,173,21,163,136,179,0,204,146,233,130,132,103,170,98,128
35,141,34,136,148,179,138,99,68,196,90,135,32,236,182,96,88,42,147,181,148,168,36,206,40,12,143,192,29,44,120,212
3,32,130,158,20,146,168,65,22,193,81,199,104,200,179,232,120,41,19,149,133,212,6,204,0,38,155,128,13,46,56,196
3,201,3,140,4,128,174,229,4,0,82,66,32,10,176,228,104,98,18,193,197,136,4,253,32,32,142,192,29,24,176,44
3,166,98,129,20,179,168,98,68,101,90,215,8,8,182,128,105,43,19,181,181,184,5,222,12,14,154,192,141,12,57,220
50,88,114,236,83,192,26,100,33,0,240,171,47,159,37,16,46,249,151,195,74,139,0,237,179,224,136,139,119,149,38,27
35,4,227,204,20,50,169,123,84,195,93,82,96,232,188,228,88,44,19,169,177,182,36,206,0,46,154,128,215,236,112,164
40,201,72,174,4,129,199,244,4,0,84,2,51,73,177,64,72,96,6,203,74,42,8,61,98,161,162,0,117,155,112,136
3,72,67,142,6,144,174,164,68,64,82,198,104,76,181,228,126,97,18,207,197,136,36,253,32,40,142,128,31,62,57,124
3,0,227,137,68,18,168,66,112,65,82,210,8,140,180,236,124,13,18,157,151,190,165,192,4,44,154,196,199,4,115,228
2,147,2,136,146,129,60,231,12,5,88,167,44,46,50,64,102,27,147,133,82,8,0,213,40,32,142,192,20,4,165,89
35,201,97,136,20,129,143,229,68,64,80,67,32,8,180,100,72,34,19,205,195,40,36,189,32,8,142,192,85,24,240,236
2,120,18,130,123,197,186,64,172,8,146,34,172,158,97,64,166,49,219,83,66,11,2,253,49,16,10,186,16,3,33,11
2,148,18,153,55,164,184,3,62,1,74,48,140,158,32,64,231,27,130,16,18,156,16,215,13,22,26,66,148,0,161,131
60,0,98,108,36,18,202,80,65,128,243,2,75,72,189,32,120,160,6,163,136,163,36,204,146,248,131,20,101,171,112,4
40,132,248,249,116,184,104,18,95,3,126,18,153,169,180,88,107,10,55,152,146,60,100,211,78,255,178,64,247,200,80,128
34,32,66,129,68,129,168,64,44,1,240,2,136,10,112,64,104,137,19,145,0,59,0,212,20,0,138,228,21,8,33,128
2,142,146,152,51,224,56,198,30,7,72,179,44,150,32,72,231,59,131,145,18,140,2,215,8,54,154,195,148,68,37,75
60,8,114,110,70,18,203,80,69,128,119,2,123,73,181,100,122,160,23,234,137,179,44,136,82,233,161,128,119,171,112,165
56,0,98,236,68,18,104,80,69,0,246,2,91,3,181,84,120,168,6,168,136,178,36,140,82,233,160,0,119,170,112,160
60,0,82,236,78,3,90,88,1,128,241,10,79,203,57,16,126,185,6,162,8,163,0,140,146,232,129,152,119,171,98,0
60,0,98,236,6,3,90,88,1,128,241,139,75,77,49,16,126,185,21,167,136,179,0,140,210,233,161,144,119,171,114,16
64,224,6,140,76,129,128,104,134,176,144,2,96,192,121,2,88,32,106,227,66,99,130,157,24,0,131,56,20,42,16,128
2,144,18,152,53,132,184,66,190,25,82,48,172,154,32,72,231,57,51,17,18,156,2,213,13,50,90,194,144,0,33,131
50,0,98,172,4,3,74,104,5,224,241,139,67,12,53,16,124,160,87,167,136,163,0,140,146,233,136,156,117,175,114,64
61,0,106,108,68,19,203,112,68,196,119,135,83,77,179,96,124,160,23,238,136,178,36,140,82,233,160,128,119,171,112,240
2,148,18,152,147,229,56,99,30,1,72,18,44,54,32,64,231,27,147,144,50,136,16,215,41,38,154,67,144,0,165,146
2,131,32,136,148,129,140,103,4,5,88,135,32,8,50,64,76,11,147,133,214,136,4,157,40,32,138,193,21,12,188,72
0,40,146,153,100,141,56,64,174,25,80,16,140,138,96,73,227,41,2,144,2,180,2,209,4,16,26,104,144,0,33,129
66,48,144,144,105,140,184,0,171,24,16,40,140,154,100,11,134,17,127,1,2,65,130,192,133,24,90,186,16,0,3,131
2,160,22,153,96,141,184,64,174,25,80,0,140,138,96,73,230,9,19,144,2,48,2,209,4,16,26,236,148,0,33,129
2,135,32,136,148,129,152,103,6,5,88,163,40,142,50,64,76,11,131,149,82,8,0,221,40,4,142,193,20,12,180,72
0,0,18,137,110,137,168,64,172,17,82,2,140,138,104,72,98,1,10,144,2,0,2,209,4,16,26,72,20,8,33,128
26,0,80,161,70,9,232,80,45,0,244,2,31,11,48,80,106,137,31,169,8,51,0,192,214,209,170,224,55,136,97,128
2,195,32,136,20,129,136,229,4,5,80,135,32,136,50,64,76,42,147,197,214,136,4,157,40,36,138,193,29,12,184,204
3,192,32,136,20,129,140,229,68,68,80,135,32,12,50,64,72,0,19,5,198,8,4,157,32,32,138,192,20,28,144,92
50,0,66,128,68,8,104,64,45,0,243,10,14,10,44,80,106,137,31,162,8,178,64,192,144,168,138,192,53,10,96,0
2,32,16,161,102,137,168,64,174,17,80,2,141,138,96,74,106,9,31,144,2,48,2,209,132,208,154,232,20,8,33,128
44,8,106,78,68,18,195,80,68,128,117,2,113,73,181,32,88,160,23,106,136,162,36,136,66,41,161,128,119,171,112,160
130,128,82,153,116,137,168,64,28,17,80,18,140,138,52,73,106,9,19,145,2,180,66,209,4,24,154,192,21,8,113,128
56,0,66,237,68,2,104,112,5,0,118,2,59,11,48,64,120,136,23,168,8,178,1,141,214,233,162,128,119,136,112,136
2,0,6,136,92,130,168,64,132,0,210,2,8,138,56,64,104,161,27,161,0,131,0,204,16,32,138,136,20,8,48,128
130,0,146,152,53,132,184,66,30,11,80,18,140,138,32,72,231,9,19,145,34,4,0,215,8,54,154,194,148,8,33,1
2,149,18,136,147,224,56,34,4,1,72,162,12,54,32,64,103,19,147,144,18,136,16,213,9,38,154,195,148,64,37,18
2,131,32,136,148,145,140,103,6,69,88,135,32,12,50,64,76,11,147,133,214,8,36,157,40,0,138,193,21,12,188,220
2,148,18,153,48,160,56,2,62,11,90,48,140,146,32,72,231,11,19,16,50,156,2,215,12,22,26,194,148,0,33,129
2,135,0,136,148,225,152,99,4,5,88,163,8,46,32,64,76,19,147,129,18,8,0,213,32,32,138,193,20,12,180,80
56,8,66,238,68,130,74,112,5,128,245,2,59,73,49,80,120,168,6,234,72,178,0,173,210,233,160,128,51,171,96,128
2,132,146,153,52,160,56,66,62,27,90,16,140,130,32,72,231,27,19,144,50,156,2,215,12,22,26,194,144,0,33,129
2,135,34,136,20,129,136,103,4,5,88,135,40,14,50,64,76,43,131,133,150,136,4,221,32,36,138,193,20,12,188,88
2,148,146,153,177,165,184,66,30,11,88,48,140,158,32,72,199,27,19,17,18,12,2,215,13,22,154,202,144,64,33,131
2,180,146,153,49,165,184,66,30,11,88,16,140,146,96,72,199,11,19,16,18,28,2,211,13,22,26,202,144,64,33,131
2,148,16,136,179,229,176,66,14,9,88,50,140,158,32,64,231,27,147,144,18,8,16,215,9,20,26,227,144,72,37,147
3,193,0,140,148,129,140,165,4,68,80,135,32,8,50,64,72,2,19,197,212,8,4,157,40,32,142,192,28,12,152,92
2,203,32,140,148,129,140,231,4,68,88,135,40,44,50,64,76,35,147,197,214,8,4,253,40,32,142,192,21,12,180,88
2,193,0,136,132,129,12,37,4,0,80,2,0,2,48,64,64,0,19,129,82,8,0,213,32,32,138,192,20,24,176,0
3,201,32,136,148,129,140,229,4,69,80,135,32,40,50,64,72,2,19,197,212,8,4,189,40,32,142,192,29,28,184,88
34,195,96,200,20,145,142,245,68,5,84,167,32,12,182,4,76,2,147,205,198,40,36,181,42,8,142,193,87,156,244,236
2,151,18,136,179,164,56,99,14,77,88,135,140,54,34,64,231,27,147,149,18,8,16,213,9,20,138,194,152,68,165,83
3,193,32,140,132,145,132,165,68,64,80,7,32,8,50,96,72,2,19,69,197,40,36,149,32,32,142,192,28,28,152,76
3,193,0,136,4,129,140,229,4,64,80,135,32,8,50,64,72,2,19,133,214,8,4,157,32,32,138,192,28,28,184,28
2,195,0,136,132,129,12,37,4,68,80,135,0,14,50,64,68,19,147,133,80,8,0,213,40,32,142,192,20,12,180,80
2,193,0,136,132,1,12,165,4,64,16,135,32,46,48,64,76,3,19,133,80,8,0,213,40,0,142,192,20,12,176,88
34,131,64,200,215,209,156,103,5,5,88,163,8,14,52,0,74,27,131,145,82,10,32,213,42,0,142,195,21,12,180,194
2,147,0,140,148,129,140,37,4,68,80,167,32,46,50,64,76,3,147,133,80,8,0,157,40,32,142,192,20,12,148,88
2,131,32,136,148,129,12,37,4,5,80,135,32,8,50,64,64,3,131,133,214,8,4,149,40,32,138,193,20,12,176,64
2,48,144,145,243,237,176,66,30,51,72,16,140,158,96,8,167,27,147,16,18,92,18,210,13,22,26,102,144,64,1,147
7,8,99,78,4,2,131,0,68,192,87,66,112,64,181,100,88,100,18,107,129,160,44,40,0,40,131,128,21,187,112,36
128,32,0,153,20,131,0,74,22,33,82,18,0,0,32,72,89,8,2,48,50,156,65,159,8,6,147,68,148,8,16,8
3,13,0,140,4,48,138,162,68,64,88,71,32,40,177,224,72,98,18,199,197,40,4,189,32,32,138,128,28,93,56,12
130,160,144,153,116,129,184,72,30,17,80,18,140,138,112,72,219,9,19,17,18,28,66,211,12,20,154,236,148,8,33,128
3,143,0,140,148,129,140,167,68,4,88,7,32,8,50,64,72,34,19,69,198,40,4,189,32,32,142,192,28,12,184,12
2,180,176,153,85,229,144,66,14,9,24,19,140,158,96,8,205,25,147,145,18,14,82,215,13,20,154,107,144,12,37,211
3,141,0,140,132,147,140,39,4,0,88,71,32,40,50,64,72,34,19,133,212,136,4,221,32,32,138,128,29,12,184,12
2,149,32,136,151,229,152,99,6,69,72,131,44,30,32,64,204,27,147,145,18,8,16,221,9,20,138,67,149,12,181,210
3,8,129,156,20,176,138,2,86,66,80,71,32,40,177,232,72,96,18,71,165,44,4,187,0,38,154,128,157,109,56,12
2,128,146,153,38,129,168,64,30,17,80,18,140,138,112,72,230,9,19,145,2,144,2,209,4,16,154,200,20,8,33,129
35,72,99,78,68,145,170,224,68,64,80,66,32,8,181,228,104,40,18,203,199,168,36,253,2,40,138,128,93,31,120,140
2,135,34,140,148,130,12,39,4,5,90,135,40,46,50,64,78,35,147,133,208,136,0,221,32,36,138,192,20,12,184,72
32,201,106,204,68,145,238,117,69,0,116,2,49,9,180,64,72,168,19,202,192,170,36,253,98,41,162,0,117,152,112,136
48,0,66,136,68,2,168,96,12,0,242,2,8,138,40,64,120,129,6,160,8,179,0,196,144,32,138,8,21,10,112,128
2,135,34,140,20,128,184,39,4,5,90,135,40,14,50,64,108,35,147,149,146,152,0,221,40,36,154,192,20,12,180,88
50,72,66,172,68,131,202,96,5,0,208,2,34,136,53,64,72,168,23,227,72,187,0,253,178,40,130,152,117,156,112,136
132,0,128,146,4,3,2,0,22,162,17,18,64,192,105,72,89,44,51,50,32,68,8,130,0,6,219,4,148,43,48,0
2,146,34,152,20,128,184,67,4,69,90,167,40,142,50,64,108,25,147,149,146,152,0,213,8,36,154,195,20,4,181,208
2,0,34,136,68,129,160,64,204,128,80,2,140,136,49,64,106,169,19,129,128,179,4,200,20,32,138,136,85,8,113,128
35,8,98,204,84,147,234,96,69,64,116,2,32,72,182,36,88,168,19,235,213,162,36,157,18,40,136,136,85,46,120,228
2,133,2,136,118,160,184,98,44,1,88,131,140,142,48,64,230,27,147,149,18,152,0,213,12,20,138,202,148,4,33,209
0,0,0,136,4,0,136,0,4,0,80,2,0,8,48,64,72,0,19,1,0,32,0,144,0,32,138,0,20,8,48,0
2,135,0,136,148,192,8,39,6,5,88,163,40,174,48,64,68,19,147,129,82,8,0,213,40,36,138,193,20,12,180,72
0,0,0,136,4,1,0,0,4,0,80,2,0,0,32,64,72,0,2,0,0,0,0,145,0,32,130,0,20,8,48,0
2,209,34,136,22,128,188,229,4,1,80,130,44,142,48,64,110,27,147,129,210,136,20,221,40,36,142,194,21,8,177,152
3,201,0,140,20,145,140,229,68,64,80,71,32,40,50,192,72,2,19,69,199,40,4,157,32,32,142,192,29,12,184,28
34,201,32,136,84,129,138,228,4,64,80,3,32,8,50,96,72,42,19,199,194,42,12,189,32,0,138,200,21,12,112,204
0,129,18,140,150,128,36,39,44,1,90,2,44,34,32,64,98,34,2,0,80,152,0,221,32,36,18,64,20,8,177,8
3,195,0,140,132,145,140,231,68,64,88,199,32,8,50,64,72,2,19,197,196,40,4,157,32,32,142,128,28,28,184,28
0,195,0,136,20,129,6,231,6,5,88,2,32,136,48,64,72,42,3,65,82,8,0,189,32,32,142,73,20,24,180,136
50,0,64,129,68,9,200,0,9,32,176,10,138,8,20,0,106,128,6,129,8,34,64,192,132,152,138,176,69,8,83,128
3,200,0,140,4,145,140,228,68,64,80,71,32,8,54,224,72,0,19,197,197,40,4,189,32,40,138,128,28,28,184,12
2,135,0,136,148,225,8,35,4,5,88,163,8,46,32,64,68,19,147,145,18,8,0,213,40,36,138,195,20,12,180,66
0,32,128,128,36,133,128,64,14,9,16,0,132,136,96,0,200,8,19,16,2,34,130,144,5,16,138,40,80,8,19,128
2,144,0,136,21,197,8,32,4,1,64,2,0,18,32,64,192,1,19,144,18,8,16,213,9,0,138,66,20,8,48,2
2,0,0,136,23,133,8,96,4,0,0,131,8,6,32,64,68,1,19,148,2,0,16,213,9,0,138,64,20,8,48,2
3,131,32,136,148,129,140,101,4,68,80,135,32,10,50,64,72,3,147,133,214,8,4,149,40,0,142,192,20,12,184,88
2,144,18,152,49,165,56,66,30,11,80,50,140,146,32,72,231,25,19,144,34,140,2,215,9,22,26,194,144,0,33,129
2,131,32,136,148,129,140,101,4,5,80,135,0,12,50,64,76,3,147,133,210,8,4,149,40,0,138,193,21,12,180,64
2,147,0,136,146,225,24,34,4,1,88,162,12,54,32,64,70,19,147,129,16,8,0,213,8,32,138,195,20,4,52,19
3,192,32,136,4,129,12,101,4,64,80,131,0,12,50,64,72,0,19,5,212,8,4,149,32,32,138,192,20,12,144,80
2,193,0,140,4,129,132,37,4,0,80,66,32,2,32,64,64,0,2,0,80,8,0,149,32,32,138,192,28,8,152,8
2,0,18,136,102,137,184,64,172,0,80,2,172,138,32,64,238,41,27,128,2,129,0,209,20,16,138,136,20,8,33,129
48,0,98,204,84,147,130,64,196,0,241,10,34,200,53,96,88,168,23,97,200,163,36,220,16,40,130,56,85,42,112,132
2,148,18,153,51,226,56,98,60,1,74,178,44,158,32,64,230,59,147,145,50,152,16,223,8,38,154,195,148,0,37,155
2,193,32,136,4,129,12,37,4,0,80,2,32,8,48,64,64,0,19,129,208,8,4,149,32,32,142,192,20,12,176,8
35,200,107,204,68,144,143,244,68,64,116,130,48,12,180,100,78,48,19,201,193,170,36,253,32,40,138,128,87,152,112,188
48,233,2,142,92,129,194,224,135,0,208,10,34,200,49,64,72,168,14,67,74,43,2,189,176,0,130,56,20,11,48,136
40,201,106,204,84,145,239,244,68,0,116,2,49,137,180,32,76,168,23,202,202,170,36,253,98,137,162,136,119,152,112,136
3,129,2,140,148,145,172,103,4,64,90,199,32,10,50,64,108,34,147,133,214,152,4,221,32,32,138,192,29,12,184,220
2,143,2,140,18,194,56,39,4,5,90,163,44,38,32,64,102,51,131,132,82,152,0,221,32,36,138,193,20,4,165,89
2,131,0,140,132,129,12,37,4,68,80,135,32,46,50,64,68,2,147,133,80,8,0,149,32,32,138,192,28,12,176,88
35,201,67,204,20,147,140,229,68,64,82,66,32,8,180,228,72,34,18,73,215,168,36,189,34,40,142,192,93,28,216,44
2,143,32,140,148,128,14,167,4,4,88,135,32,44,50,64,72,2,131,197,210,8,0,189,40,32,142,193,20,12,180,72
3,193,0,140,4,144,140,165,68,64,80,199,32,8,50,96,64,2,19,197,197,40,4,157,32,32,142,128,28,28,184,12
2,133,0,136,147,225,28,35,4,5,72,163,8,54,32,64,75,19,147,129,18,8,0,213,40,4,138,195,20,68,180,18
3,192,0,140,4,129,140,229,4,64,80,199,32,8,50,64,72,0,19,197,198,8,4,157,32,32,138,192,28,12,184,28
2,149,2,136,151,192,184,99,4,1,74,130,40,62,32,64,110,19,147,129,82,136,16,213,41,36,138,67,20,8,180,18
35,200,99,206,84,145,142,228,68,0,112,66,32,8,181,164,72,104,18,203,195,170,36,189,32,8,130,160,87,155,112,172
3,201,0,140,4,145,140,165,68,64,80,199,32,8,178,224,72,2,18,197,199,40,36,189,32,32,142,128,29,28,184,76
37,72,99,78,68,131,195,112,69,64,116,2,112,73,181,36,88,232,19,111,192,162,36,189,98,40,128,136,119,187,112,228
3,73,99,140,4,146,142,100,68,64,82,198,32,8,183,228,72,96,18,207,197,168,36,253,32,40,138,128,29,60,120,156
2,20,48,136,23,229,184,66,14,1,88,2,12,158,32,64,237,27,147,145,18,8,16,215,9,4,154,195,149,76,49,147
2,0,84,131,110,8,232,72,141,16,17,2,140,138,120,75,106,129,31,145,2,34,194,192,20,16,138,172,21,10,49,128
3,200,1,140,20,145,138,228,70,64,80,198,32,8,182,224,72,32,18,197,199,40,4,189,32,40,138,128,29,12,56,12
0,0,0,136,4,1,0,0,4,0,16,2,0,0,32,64,72,0,19,0,0,0,0,144,0,32,138,0,20,8,48,0
3,201,0,140,20,145,140,165,68,64,80,199,32,8,50,192,72,0,19,197,199,8,4,157,32,32,138,192,28,12,184,28
70,40,114,128,108,13,186,64,137,184,17,10,140,10,117,2,174,17,95,99,128,33,8,192,22,24,139,190,4,171,3,129
3,201,1,140,20,145,142,165,68,64,80,199,32,8,180,224,72,98,18,197,197,40,4,189,32,40,142,128,29,28,184,12
2,129,0,136,148,128,140,37,4,0,80,2,32,42,48,64,72,2,19,129,80,136,0,213,32,32,138,128,20,8,176,0
2,193,32,136,132,129,140,165,68,0,80,2,32,8,48,64,72,2,19,1,208,40,4,213,32,32,142,192,21,28,176,8
3,193,32,142,148,145,142,165,68,64,80,131,32,12,182,96,72,66,19,199,212,40,44,181,40,8,142,192,21,30,176,76
42,216,104,206,71,213,159,244,4,64,84,131,48,29,53,32,76,240,147,203,200,170,60,189,99,9,160,129,119,187,116,251
3,135,32,129,150,177,168,99,14,101,90,199,140,42,50,64,103,11,147,149,150,152,5,213,44,4,138,192,157,12,185,84
3,193,32,140,132,145,140,37,68,68,80,135,32,8,178,96,72,2,19,197,197,40,36,157,32,32,142,128,28,28,184,92
3,216,121,204,102,133,175,244,76,72,84,34,176,25,180,100,78,112,19,203,193,40,36,253,100,24,174,128,21,152,241,173
3,133,2,137,148,178,168,99,4,65,90,199,0,40,54,192,120,3,19,181,149,152,5,213,44,44,138,192,157,12,184,20
7,143,32,138,148,129,142,229,4,5,89,135,96,104,58,64,89,66,19,231,246,8,12,183,40,4,142,192,28,95,184,88
6,202,4,154,16,193,10,224,150,21,81,163,104,206,42,64,93,121,163,215,2,72,10,245,8,6,139,193,20,15,52,88
3,192,0,142,4,145,142,165,68,64,80,199,32,8,178,224,72,0,18,71,197,40,12,189,32,32,142,128,29,30,184,12
40,200,90,236,100,149,127,244,4,8,116,2,57,11,177,80,106,232,6,74,66,184,32,61,102,233,162,0,115,152,96,137
2,133,32,136,149,165,136,66,6,9,24,18,128,8,48,64,201,3,19,145,146,8,0,151,9,22,154,192,148,76,48,0
2,143,0,142,20,131,138,107,4,4,88,135,96,104,50,64,88,34,131,165,214,8,4,157,40,36,139,192,28,14,56,92
3,200,1,140,4,17,142,164,68,64,80,70,32,8,177,224,72,96,18,197,197,32,4,189,32,32,138,128,29,28,56,12
3,135,34,138,20,179,138,99,4,5,89,199,96,104,50,64,92,35,19,165,148,136,4,221,0,36,138,192,29,78,56,84
2,131,32,136,148,129,140,37,4,4,80,135,0,8,50,64,76,2,147,133,210,8,4,213,40,32,142,193,20,12,180,80
130,32,128,153,20,129,136,0,22,49,16,18,128,8,112,72,73,8,19,145,34,52,67,210,12,4,154,224,148,8,16,128
3,195,32,140,132,129,140,229,4,68,80,135,32,8,50,64,72,2,19,197,214,8,4,149,32,32,142,192,29,28,184,92
8,209,26,233,116,133,253,117,12,8,116,34,61,19,176,64,110,9,6,8,82,184,0,221,103,169,34,64,83,136,225,169
131,207,32,136,148,129,142,167,20,5,88,135,32,40,50,64,77,66,19,197,244,8,4,255,40,38,158,192,28,28,184,72
2,139,0,156,20,129,138,166,22,5,80,135,32,40,50,65,77,34,179,197,230,8,4,253,40,38,154,192,28,12,56,92
2,135,32,136,148,129,138,231,6,5,88,183,0,46,50,64,77,3,131,149,86,8,0,247,40,4,142,193,148,12,188,72
34,88,0,136,95,197,186,192,4,0,208,3,44,158,33,64,200,185,147,195,66,3,18,253,49,0,138,43,21,25,53,154
3,0,38,152,4,147,168,64,196,64,83,199,0,136,50,73,104,41,19,133,133,176,6,204,0,32,138,128,29,14,56,212
2,135,32,136,150,225,152,99,6,5,88,163,8,174,34,64,73,27,131,145,18,8,0,213,40,4,154,195,148,76,180,66
50,0,0,136,12,1,200,72,5,32,144,10,2,8,120,2,88,128,31,161,8,35,65,208,144,0,138,188,117,8,112,0
2,195,32,140,132,129,140,37,68,0,80,3,32,8,48,64,72,2,19,133,208,40,4,157,32,32,142,192,21,28,240,72
2,135,0,136,146,193,24,99,6,5,88,163,40,46,34,64,78,19,147,145,18,8,0,213,40,36,138,195,20,12,180,66
3,143,0,142,20,129,130,230,4,0,88,199,32,40,50,192,72,34,130,69,198,40,4,191,32,36,138,192,28,14,56,140
2,133,2,136,147,225,24,99,6,5,88,163,40,46,32,64,107,27,147,145,18,8,0,215,40,36,138,195,20,12,165,82
3,205,32,140,4,145,142,167,68,64,88,71,32,40,178,224,72,34,18,69,197,40,36,191,32,32,142,128,28,28,184,92
2,149,2,136,147,225,56,99,12,1,72,179,44,182,32,64,103,19,147,145,50,136,16,215,41,38,154,195,148,68,165,18
3,195,34,140,148,145,140,231,4,68,88,135,32,40,50,64,76,35,147,197,214,136,4,221,32,32,142,192,29,12,184,92
48,241,82,228,117,140,116,117,41,136,112,10,46,155,36,16,174,185,134,64,66,187,16,205,51,216,6,42,66,24,227,139
2,10,134,158,20,128,42,64,182,132,82,135,40,206,51,72,110,105,179,215,6,136,14,233,8,38,158,137,148,39,53,88
60,0,98,238,68,2,74,80,69,128,245,2,75,75,61,16,120,169,21,170,136,179,8,140,210,233,160,12,119,171,114,128
3,12,35,158,20,177,142,195,84,66,88,70,96,104,181,224,89,106,18,23,167,168,44,255,34,46,143,128,157,126,112,76
3,40,130,158,20,146,170,65,22,192,83,199,104,202,178,192,126,41,51,133,135,144,6,201,0,38,139,128,29,46,56,212
3,201,3,140,20,144,174,165,68,64,82,70,32,42,176,224,104,98,18,193,197,136,4,253,32,32,142,128,28,28,184,12
58,216,114,236,83,213,124,244,97,0,116,162,45,159,36,20,46,185,151,192,66,186,48,253,115,233,0,139,119,148,38,155
54,0,66,172,68,3,202,64,133,128,209,10,67,200,61,64,120,164,31,163,8,163,0,200,146,232,139,152,117,42,112,0
3,134,98,129,86,179,168,34,76,65,90,199,168,40,182,164,47,43,18,133,151,184,37,223,12,30,154,192,141,12,57,212
35,4,227,204,20,50,169,91,84,193,91,82,96,232,180,100,88,44,18,169,145,182,36,206,0,46,154,128,215,172,112,164
35,32,227,136,68,18,168,72,68,65,208,199,8,140,190,232,124,13,51,181,133,147,134,192,16,40,154,196,13,14,122,212
2,135,2,136,146,129,60,231,12,5,88,163,44,6,48,64,102,27,147,133,82,136,0,213,40,36,138,192,20,4,165,217
33,4,235,77,84,50,233,82,84,1,126,18,16,9,180,108,120,12,19,57,145,190,37,207,70,46,178,192,231,136,112,164
35,201,97,140,20,129,143,228,68,64,80,67,32,8,180,100,72,35,19,197,195,40,36,189,32,8,142,128,21,28,240,236
2,56,54,136,43,193,176,64,142,24,81,163,44,222,97,72,166,57,219,211,66,1,18,216,17,16,11,171,20,14,37,219
2,148,18,136,51,225,184,99,14,1,74,50,172,190,32,64,231,27,147,144,18,152,16,215,12,52,26,67,148,0,165,27
60,0,98,108,4,18,202,80,65,128,243,2,75,72,189,96,120,164,21,227,136,163,36,140,146,249,129,16,103,171,112,4
40,132,248,249,116,184,104,18,95,1,126,18,153,169,180,104,107,10,23,152,146,56,100,211,78,253,178,64,247,200,80,128
2,32,0,129,100,137,168,64,172,17,80,130,140,142,96,72,106,9,19,144,2,24,64,209,4,16,154,232,21,8,49,128
2,142,146,152,51,224,56,70,30,5,72,179,44,174,32,72,231,59,147,145,18,140,2,215,8,54,154,195,148,68,37,75
61,8,122,110,70,18,203,80,69,128,119,2,123,73,181,228,122,224,22,234,137,178,44,136,82,233,161,128,119,187,112,161
37,5,99,72,148,147,166,105,68,64,90,66,64,72,181,228,120,32,18,253,213,176,37,220,32,44,131,68,95,46,120,164
57,0,98,205,68,18,105,80,69,0,119,2,89,11,181,100,122,168,6,168,136,178,36,204,82,233,160,0,103,170,96,160
60,0,82,236,70,3,90,88,129,128,245,10,75,203,61,16,126,176,6,234,8,163,0,156,210,233,129,152,119,171,114,0
60,0,98,236,70,3,90,120,1,128,245,138,91,77,49,16,94,176,21,234,136,163,0,140,210,233,161,152,119,171,112,16
3,72,99,204,4,147,142,228,68,64,80,70,32,8,181,228,72,40,18,207,197,168,36,253,34,40,138,128,95,156,120,172
64,224,6,140,76,131,128,104,134,176,144,10,96,200,113,2,88,32,106,99,66,35,130,157,16,0,131,60,20,42,16,128
2,144,18,152,19,228,184,66,30,9,66,18,44,158,32,72,231,27,147,145,50,156,18,215,9,22,26,66,144,0,33,19
3,201,2,140,20,145,140,229,68,64,80,199,32,8,182,192,72,42,19,197,199,168,4,221,32,40,138,128,29,28,248,28
60,0,106,108,68,18,74,120,69,192,247,135,83,77,179,64,124,164,23,174,136,179,36,140,82,233,160,128,119,175,112,208
2,148,18,152,147,229,184,99,30,1,72,19,44,182,32,64,239,27,147,144,50,140,16,215,9,6,154,67,144,4,165,146
3,203,2,140,20,145,142,229,68,0,80,199,32,8,50,192,72,34,19,197,198,168,4,189,32,32,138,192,29,12,184,156
0,40,146,153,100,141,184,64,174,25,80,16,172,138,97,73,226,41,2,144,2,52,2,209,5,16,26,106,144,0,33,129
45,8,106,78,68,19,235,112,68,196,119,134,113,77,183,96,120,160,18,238,193,178,36,12,66,41,162,128,117,171,112,240
2,160,22,153,96,133,184,64,174,25,80,16,140,130,112,73,231,9,19,145,2,24,2,209,5,16,90,238,148,0,33,129
2,135,0,152,147,225,152,99,6,5,88,163,8,174,34,64,75,27,131,149,18,8,0,213,40,6,154,195,149,12,181,194
2,193,32,140,20,129,140,165,68,1,80,2,32,8,48,64,72,2,19,129,210,8,0,149,40,32,142,192,20,8,176,8
2,165,48,136,147,225,152,67,6,5,72,163,12,142,32,64,75,27,131,145,18,8,2,213,9,4,154,107,149,12,165,210
2,0,16,137,78,137,168,64,172,17,82,2,140,138,104,72,98,137,10,144,2,0,2,209,20,16,138,200,20,8,33,128
26,0,82,161,70,9,232,80,45,0,244,2,31,11,48,84,106,137,31,137,8,51,0,192,214,209,170,224,55,136,97,128
2,131,32,136,150,129,152,101,6,5,80,163,40,142,50,64,76,27,131,149,82,8,4,213,40,4,138,195,21,12,180,202
3,193,32,136,20,129,140,229,4,68,80,135,32,12,50,64,76,1,147,133,198,8,4,149,32,0,138,192,20,28,176,216
50,0,66,160,20,8,72,64,45,0,243,10,15,10,44,80,122,137,23,162,8,178,0,196,144,232,138,192,53,10,98,128
2,32,16,153,102,137,184,64,174,17,80,2,140,138,96,72,226,41,31,144,2,48,2,209,132,144,26,192,148,8,33,129
44,8,106,78,68,18,195,80,69,128,117,2,81,73,181,32,88,168,22,106,136,162,36,136,66,169,160,128,119,171,112,160
2,145,16,136,146,129,156,99,4,1,88,162,12,22,32,64,102,19,147,128,82,8,0,213,32,32,138,194,20,0,165,19
2,128,6,153,68,129,168,64,12,17,80,18,140,136,48,73,106,9,19,145,2,184,67,209,4,16,154,192,85,8,113,128
130,144,146,153,36,161,184,2,190,25,80,48,140,130,96,72,231,25,51,17,2,28,2,209,4,16,154,202,148,0,33,129
56,0,66,237,68,130,104,112,5,0,114,2,59,11,48,64,106,136,23,160,8,178,65,141,210,233,162,128,55,136,112,128
32,72,105,78,68,129,195,240,68,0,116,2,48,9,181,100,72,104,18,74,193,34,36,189,98,8,162,0,117,187,112,172
18,0,2,136,68,2,168,64,132,0,210,2,8,138,56,64,120,160,31,161,8,131,0,204,144,32,138,152,21,8,49,0
2,148,18,152,55,165,184,66,30,11,80,50,12,158,32,72,231,25,147,145,34,12,0,215,9,54,154,194,148,12,49,3
2,149,18,136,147,224,184,35,4,1,72,163,12,62,32,64,103,19,147,144,18,136,16,213,9,36,138,195,148,64,165,18
2,128,146,153,52,160,56,2,62,19,82,16,140,146,32,72,231,11,19,16,50,156,2,215,12,54,26,194,148,0,33,129
2,132,146,153,52,160,56,2,62,27,90,16,140,130,32,72,199,27,19,144,50,156,2,215,12,22,26,192,144,0,33,129
2,135,34,136,22,225,184,99,4,5,88,179,40,14,50,64,78,59,131,133,18,136,0,223,8,36,154,195,20,12,180,218
60,0,66,236,68,2,72,80,33,0,242,2,75,11,32,80,120,168,6,160,8,178,0,136,146,233,130,0,103,160,96,128
2,149,16,136,179,229,176,66,14,9,88,34,140,190,32,64,231,27,147,145,18,8,16,215,9,20,26,227,144,72,37,147
3,193,0,140,20,145,140,229,68,64,80,199,32,8,50,192,72,2,19,133,199,8,4,157,40,32,142,192,28,12,152,92
3,203,32,140,148,129,140,229,4,68,80,135,32,40,50,64,76,34,19,197,214,8,4,157,32,32,142,192,29,12,184,92
3,203,32,136,148,129,140,229,4,69,80,135,32,8,50,64,72,2,19,197,214,8,4,253,40,32,142,192,29,28,184,88
2,193,0,136,148,129,12,37,4,0,80,2,0,2,48,64,64,2,19,129,80,8,0,213,32,32,138,192,20,24,176,0
34,195,96,200,20,145,140,229,68,5,84,167,32,12,182,4,76,2,147,197,194,40,36,181,42,8,142,193,87,156,244,204
2,151,18,136,179,165,56,99,14,77,88,135,140,62,34,64,229,27,147,149,18,8,16,213,41,20,138,194,152,4,165,83
3,193,40,140,132,145,132,229,68,64,80,7,32,8,182,96,72,2,19,69,212,40,36,149,32,40,142,128,29,28,216,76
3,195,0,136,148,129,140,229,4,68,80,135,32,40,50,64,72,2,19,197,214,8,4,189,32,32,142,192,28,28,184,92
3,193,32,136,132,129,140,37,4,68,80,135,32,12,50,64,76,3,147,133,212,8,4,149,32,32,142,192,20,12,176,88
2,193,0,136,128,129,12,165,4,64,80,131,0,14,48,64,76,3,19,133,80,8,0,213,40,32,142,192,20,12,176,88
34,135,96,200,211,241,156,99,6,5,88,163,8,31,36,0,74,27,147,145,82,10,32,213,42,4,138,227,151,12,165,194
3,4,162,153,53,165,184,2,94,75,88,17,140,142,50,72,197,11,19,21,134,156,18,215,13,22,154,194,144,76,49,193
2,211,0,140,128,129,12,37,4,68,80,167,32,46,50,64,76,3,147,133,80,8,0,149,40,32,142,192,20,12,180,88
8,193,8,140,4,129,140,117,68,0,80,70,48,8,48,192,72,2,18,1,193,40,0,149,96,33,170,192,28,24,152,8
2,193,32,136,4,129,140,229,68,0,80,2,32,8,48,64,72,0,19,129,208,40,0,149,32,32,142,192,20,8,176,8
2,48,144,145,227,237,176,66,30,59,64,16,140,158,96,8,167,27,147,17,18,28,18,210,13,22,26,110,144,64,1,131
39,72,99,78,4,18,135,17,68,192,81,66,112,64,181,228,88,96,18,106,129,160,44,136,32,40,131,128,87,187,112,36
130,0,4,153,20,131,8,74,22,35,82,18,128,0,32,72,89,8,19,144,34,156,65,159,4,6,154,228,20,8,16,0
3,13,1,140,4,48,142,162,68,192,88,70,32,40,181,228,72,98,18,199,133,168,12,173,32,40,138,128,28,125,56,12
130,32,64,153,100,137,184,72,30,17,80,18,140,138,120,9,110,9,19,145,2,84,66,209,12,16,154,236,148,8,17,129
3,143,0,140,148,129,140,39,4,4,88,135,32,8,50,64,72,34,19,69,198,8,4,157,32,32,142,128,28,12,184,12
3,133,0,140,148,131,140,39,4,0,88,199,32,40,50,64,64,34,19,133,212,136,4,221,32,32,138,128,29,12,184,12
3,12,129,158,20,176,138,2,86,66,88,70,32,40,177,232,72,96,18,7,165,44,4,191,0,38,138,128,157,111,56,12
2,128,146,153,36,129,184,64,30,17,80,18,172,138,112,72,238,9,19,145,2,148,2,209,4,16,154,200,20,8,33,129
35,8,99,78,68,145,170,96,68,64,112,66,96,72,181,228,72,32,18,207,197,162,36,253,2,40,130,128,95,191,112,172
2,135,34,140,148,130,8,103,4,5,90,135,40,46,50,64,76,35,19,133,208,136,0,221,32,36,138,192,20,12,184,72
50,0,66,136,68,2,168,96,12,0,243,2,8,138,56,64,122,136,6,163,8,179,0,196,144,32,138,136,21,10,113,128
2,135,34,136,20,128,168,103,4,5,90,135,40,14,50,64,76,35,147,133,146,152,4,221,40,36,154,192,20,12,180,88
131,205,0,138,133,1,14,167,4,2,72,18,32,10,50,64,65,2,19,67,117,44,24,183,32,32,142,1,28,90,152,8
3,132,33,156,20,18,128,43,84,226,88,83,96,104,178,96,81,38,19,37,228,172,37,143,8,38,155,128,20,108,48,76
8,0,26,136,116,129,232,64,140,0,80,2,157,138,48,64,234,9,31,17,2,33,0,209,148,81,42,232,20,8,49,129
50,72,66,140,68,129,202,96,5,0,208,2,34,136,49,64,72,168,23,195,72,163,0,237,16,32,138,152,53,28,112,136
4,0,128,146,4,3,2,0,22,162,17,18,64,192,97,73,89,108,51,18,32,228,10,130,0,6,219,4,148,43,48,0
71,8,2,158,76,16,138,64,132,192,83,71,32,200,243,234,72,104,51,199,133,130,134,168,0,32,202,136,13,47,56,196
2,176,18,136,83,193,184,64,142,1,80,162,12,158,32,64,110,57,147,145,18,139,18,213,17,0,138,203,149,4,37,147
2,0,50,136,70,129,160,64,204,0,82,2,12,136,48,72,106,41,19,145,128,179,6,192,20,32,138,136,69,8,113,128
2,148,18,137,114,161,184,66,12,1,90,162,140,142,32,64,111,27,147,144,18,152,0,213,12,20,154,192,149,4,33,145
2,135,2,136,144,224,24,99,4,5,72,179,40,38,32,64,76,27,147,129,18,136,0,215,40,36,154,193,20,4,180,90
2,0,0,136,4,1,8,64,4,0,80,2,0,2,32,64,72,0,19,128,0,0,0,144,0,0,138,128,20,8,48,0
2,135,0,136,148,129,8,103,6,5,88,163,32,14,48,64,68,27,147,133,82,8,0,221,40,32,138,193,20,12,180,72
0,0,0,136,4,1,128,0,4,0,80,2,0,0,48,64,72,0,2,1,0,32,0,144,0,32,138,0,20,8,48,0
35,201,96,140,84,145,138,228,4,64,80,135,32,12,54,64,72,170,19,197,198,42,36,189,32,8,138,200,21,12,112,204
2,193,50,136,23,128,184,229,4,1,80,130,44,142,48,64,110,27,147,129,210,136,16,221,41,36,138,194,21,8,177,152
3,193,0,140,20,145,140,229,68,64,80,199,32,40,50,64,72,34,19,69,198,40,4,157,32,32,142,128,28,12,184,28
3,195,0,136,132,129,140,165,4,68,80,199,32,8,50,64,72,2,19,197,212,8,4,157,32,32,142,192,28,28,152,92
0,203,0,136,148,129,12,231,4,5,88,3,32,138,32,64,64,10,2,192,82,8,0,189,40,32,142,73,20,8,180,136
56,0,96,225,4,2,200,80,65,32,242,2,3,9,20,16,104,132,4,160,136,178,65,128,146,201,128,4,103,136,112,128
3,193,0,140,4,145,140,229,68,64,80,199,32,8,50,64,72,0,19,197,196,40,4,189,32,32,142,128,28,28,184,28
2,135,0,136,146,224,24,35,4,5,88,163,8,46,32,64,69,19,147,145,18,8,0,213,40,36,138,195,20,76,180,66
7,72,96,70,4,16,138,144,64,192,20,2,32,8,181,228,72,96,18,75,197,32,44,168,34,8,142,128,87,191,80,44
2,0,0,136,21,133,8,64,6,0,0,2,8,18,32,64,200,1,19,144,2,0,16,212,9,16,138,66,16,8,48,2
32,0,2,137,68,1,168,72,4,0,80,2,8,8,32,0,106,8,2,128,0,162,0,192,0,0,138,0,85,8,113,128
2,195,0,136,148,129,140,229,4,5,80,135,32,14,50,64,76,3,131,133,210,8,4,213,40,0,142,193,20,12,188,88
2,128,0,136,4,129,136,32,4,0,80,2,32,8,48,64,72,0,19,1,64,40,0,149,0,32,138,192,20,8,16,0
130,128,18,152,48,165,56,66,30,11,80,16,140,146,96,72,199,27,19,16,50,156,0,215,13,22,26,194,144,0,33,129
2,131,32,136,132,129,140,33,4,68,80,135,0,12,50,64,76,2,147,133,208,8,4,149,40,32,138,193,20,12,148,80
2,131,32,136,148,193,152,99,6,69,88,163,8,14,50,64,76,19,147,149,82,8,4,213,40,0,138,193,21,12,180,82
2,147,0,136,146,225,24,35,4,0,88,163,12,54,32,64,70,19,147,129,16,8,0,213,8,32,138,195,20,4,180,19
3,192,32,136,4,129,132,101,68,68,80,135,32,12,50,64,72,0,19,5,196,40,4,149,32,32,142,128,28,28,152,92
3,192,32,136,4,129,140,101,4,64,80,135,0,12,50,64,72,0,19,5,196,8,4,149,32,0,142,192,20,28,144,80
3,131,32,140,132,145,140,101,4,68,80,135,32,40,50,64,76,3,147,133,212,8,4,221,32,32,142,193,21,12,184,76
2,193,0,140,4,129,132,37,4,0,80,66,32,8,48,64,72,0,19,1,82,8,0,149,32,32,138,192,28,8,152,0
2,0,18,136,102,133,184,64,172,8,80,2,172,138,32,64,230,41,27,129,2,1,2,193,4,16,10,138,20,8,33,129
0,131,0,136,132,129,12,37,4,4,80,2,0,10,32,64,64,2,19,128,80,8,0,149,40,32,142,64,20,8,176,0
59,8,98,238,68,131,202,112,69,64,245,131,33,205,183,96,88,168,23,239,204,162,4,189,82,233,170,136,119,175,112,192
3,209,99,140,22,145,172,101,68,64,80,231,40,12,182,228,110,35,147,133,199,168,36,221,32,40,138,130,29,12,185,221
2,150,18,153,19,226,56,99,28,5,90,179,44,158,32,64,230,59,147,145,50,152,0,223,12,36,154,195,148,4,165,155
35,201,107,204,84,145,175,244,68,64,116,130,48,13,180,100,76,56,19,205,195,170,36,253,98,40,170,128,119,152,112,188
50,233,66,174,92,129,74,228,133,0,208,10,34,136,49,16,72,168,23,195,74,171,0,189,176,128,138,184,53,138,114,136
56,200,106,236,84,145,206,244,69,0,116,2,49,137,180,96,72,168,23,200,202,170,36,189,98,233,162,136,119,152,112,136
3,129,34,140,20,147,172,103,4,64,90,199,32,8,50,192,108,35,19,133,213,152,4,221,32,32,138,192,29,12,184,220
32,201,106,76,84,129,239,244,68,0,116,2,49,9,180,32,104,170,2,200,194,170,36,253,98,41,166,0,117,152,224,168
2,131,32,140,132,129,12,37,4,68,80,135,32,46,50,64,68,3,147,133,208,8,0,149,32,32,142,192,28,12,176,88
2,143,32,140,148,128,14,167,4,5,88,135,32,44,50,64,76,2,131,197,210,136,0,253,40,32,142,193,20,12,180,72
3,193,32,140,4,144,140,165,68,64,80,199,32,8,50,96,64,2,19,197,213,40,4,157,32,32,142,128,28,28,184,28
2,133,0,136,147,225,28,39,4,5,72,163,40,54,32,64,75,19,147,129,18,8,0,213,41,36,138,195,20,68,180,18
3,195,0,136,20,129,140,101,4,68,80,135,32,10,50,64,76,1,19,133,214,8,4,157,32,0,138,192,28,12,184,88
4,72,106,204,4,0,195,16,68,192,84,2,49,1,177,96,72,96,18,74,129,160,36,41,64,41,162,0,53,185,112,40
2,149,18,136,151,228,184,99,12,1,74,2,12,62,32,64,238,19,147,145,18,136,16,213,41,36,138,67,144,8,165,146
3,131,32,140,20,145,140,39,4,68,88,135,32,40,50,64,72,34,19,133,212,8,4,221,32,32,142,192,28,12,184,92
35,72,99,78,68,147,199,240,69,64,116,66,48,72,181,164,72,232,18,79,193,162,36,189,32,40,130,128,87,191,112,236
130,135,32,136,148,145,136,103,4,69,88,183,40,12,50,64,76,3,131,133,214,8,4,223,40,0,138,193,29,12,188,84
130,16,178,152,53,165,184,66,30,11,80,18,140,154,112,72,237,25,147,145,130,4,2,211,13,20,154,202,148,12,49,131
130,32,148,155,108,129,184,0,142,17,80,16,140,138,120,75,230,9,51,145,2,68,130,209,4,16,218,232,148,8,33,129
0,0,0,136,4,1,136,0,4,0,80,2,0,10,32,64,72,0,2,128,0,32,0,128,0,0,138,0,20,8,48,0
70,8,114,192,100,9,250,64,201,168,49,10,140,10,117,2,170,225,87,99,128,33,0,192,20,24,139,190,69,43,83,129
3,201,1,140,20,145,142,229,68,64,80,199,32,8,176,224,72,34,18,197,199,40,4,189,32,32,142,128,28,28,184,12
2,129,1,140,132,129,140,101,4,0,80,2,32,8,48,64,72,2,19,129,80,40,0,149,32,32,138,192,20,8,176,0
3,193,32,138,148,129,142,229,4,64,80,135,32,44,50,96,72,67,19,199,212,8,12,253,40,32,142,192,21,30,176,92
3,135,0,129,150,177,168,35,14,97,90,199,140,42,50,64,103,11,147,149,150,152,5,213,44,20,138,192,157,12,185,84
3,193,32,140,132,144,140,37,68,68,80,135,32,40,178,96,72,2,19,197,213,40,36,157,32,32,142,128,28,28,184,92
3,217,121,204,102,133,175,245,76,72,84,98,176,25,180,100,78,32,19,201,193,40,36,253,100,24,174,128,21,152,241,173
3,133,2,137,148,146,168,39,68,65,90,199,8,40,182,192,120,3,19,181,151,184,5,213,44,44,138,192,29,12,184,20
7,143,0,138,148,145,142,229,4,68,89,199,64,104,58,64,89,66,19,199,212,8,12,183,40,0,143,192,29,30,184,84
6,202,4,154,26,193,26,232,134,20,81,163,104,198,98,64,78,57,187,211,66,9,10,253,8,0,139,235,20,15,52,90
3,193,32,142,4,145,142,165,68,64,81,199,96,8,50,192,72,0,19,199,197,40,12,189,32,32,142,192,29,30,184,92
40,200,122,236,100,133,127,244,68,8,116,2,57,11,176,80,106,232,6,74,194,184,32,61,102,233,162,0,115,152,96,137
2,143,0,138,20,131,154,98,22,5,88,167,96,110,50,64,92,35,131,165,182,136,12,255,40,38,139,193,20,14,60,88
3,131,0,136,132,129,140,37,4,4,80,135,32,10,50,64,72,3,147,133,214,8,4,149,32,32,138,192,28,12,184,88
3,135,34,138,20,179,138,99,4,5,89,199,96,104,50,64,92,35,19,165,148,136,4,221,0,36,138,192,29,78,56,84
130,32,128,153,20,161,136,2,22,51,16,18,128,136,112,72,73,9,19,145,34,20,67,146,12,22,154,224,148,12,16,128
2,131,32,136,148,129,140,37,4,4,80,135,0,42,50,64,76,2,147,133,210,8,4,213,40,32,142,193,20,12,180,88
3,199,0,140,132,129,142,231,4,68,88,135,32,8,50,64,72,2,19,197,214,8,4,181,32,32,142,192,29,28,184,92
8,208,58,236,102,133,189,117,68,8,116,2,61,27,32,64,110,57,23,136,194,168,16,221,103,233,34,136,51,136,161,171
131,207,32,156,20,129,142,231,22,5,88,135,32,40,50,65,77,98,19,197,246,8,4,255,40,38,158,193,28,28,184,76
2,88,2,138,95,193,154,64,134,0,208,163,44,222,33,64,232,57,147,195,66,3,18,249,49,0,138,171,21,31,53,218
3,138,4,158,20,129,136,230,22,5,80,135,32,136,50,65,76,42,179,197,198,136,6,253,40,34,154,192,29,12,56,92
2,135,32,136,148,129,154,231,6,5,88,183,8,46,50,64,77,3,131,149,22,8,0,247,40,6,158,193,148,12,180,72
3,2,38,138,84,130,168,64,132,68,209,135,40,202,51,73,108,41,155,135,132,131,6,205,16,32,138,136,29,14,56,212
131,0,99,156,20,147,160,96,84,64,83,82,32,136,180,229,88,40,18,13,165,188,36,159,0,46,154,192,93,12,120,140
2,135,32,136,148,129,152,103,6,5,88,163,0,46,50,64,76,3,131,149,22,8,0,213,40,4,138,193,20,12,180,64
130,0,128,152,45,133,136,64,30,27,80,16,128,138,112,73,201,9,51,145,34,68,66,210,13,18,218,168,144,8,48,0
40,65,74,237,68,130,229,117,4,0,118,2,179,9,176,64,104,32,6,201,72,184,0,45,100,169,162,0,117,152,225,168
2,133,32,140,148,192,140,39,4,64,88,131,32,12,50,64,72,2,19,133,208,8,4,157,32,32,142,193,20,12,176,72
2,131,32,136,148,129,140,103,4,5,88,167,32,12,50,64,76,3,147,133,214,8,4,221,40,32,138,193,20,12,180,72
2,142,0,152,20,129,8,230,22,5,80,167,32,138,50,64,73,42,131,133,98,8,0,191,40,38,154,193,20,12,60,200
2,135,32,136,148,129,140,103,4,5,88,163,40,46,50,64,76,3,147,133,82,8,0,221,40,32,138,193,20,12,180,88
131,205,0,140,20,177,140,167,68,65,88,199,32,40,178,192,72,34,18,133,231,8,36,255,32,36,138,128,28,92,184,92
3,131,34,140,20,145,140,103,4,68,88,135,32,40,50,64,76,35,147,133,214,136,4,221,32,32,138,192,29,12,184,92
34,241,82,196,117,140,124,117,41,8,116,2,44,155,36,16,174,171,23,72,66,186,16,205,51,216,4,2,67,136,226,139
7,12,35,158,20,179,138,226,84,66,88,71,96,232,181,224,89,106,19,151,167,168,12,255,32,46,142,128,157,110,120,12
3,201,99,140,4,144,174,228,68,64,82,198,32,8,180,228,104,96,18,207,197,184,36,237,32,40,138,128,31,28,248,236
60,8,98,238,68,2,74,80,69,128,245,2,91,201,53,80,120,232,23,234,136,179,8,140,82,233,160,128,119,171,112,128
3,40,130,158,20,146,168,64,150,192,83,199,104,202,51,192,124,41,51,133,135,130,14,201,0,36,138,136,29,46,56,212
3,200,3,204,4,128,175,244,68,64,82,66,48,2,181,100,72,96,18,203,193,136,36,253,32,40,170,128,21,24,49,172
54,0,66,238,68,2,74,64,1,128,241,10,67,202,61,80,120,164,23,227,8,163,0,136,146,232,139,148,53,171,112,128
3,133,99,9,244,185,168,35,108,73,94,198,168,44,182,228,38,35,146,141,151,184,36,221,38,60,138,192,95,140,249,213
35,0,227,204,84,50,169,91,84,193,95,66,96,232,188,100,88,44,18,169,145,178,36,206,0,46,154,128,215,168,112,164
39,0,98,136,76,16,168,72,224,64,209,199,72,200,190,232,120,141,51,181,133,179,134,192,18,40,138,140,29,46,120,212
2,135,2,136,146,129,56,231,12,5,88,163,44,38,32,64,102,19,147,133,82,8,0,221,40,36,138,195,20,4,165,217
52,0,98,236,4,2,202,80,193,128,241,2,75,200,189,32,120,160,23,227,136,163,4,204,146,232,131,20,117,171,112,4
2,149,18,136,51,225,184,99,14,1,88,162,172,158,32,64,231,27,147,145,18,136,0,215,8,20,26,195,148,0,165,155
10,132,114,232,116,160,120,19,15,9,120,0,141,171,52,80,199,11,23,17,146,56,2,215,14,253,178,234,214,200,225,129
35,200,99,76,20,145,143,244,68,64,84,70,32,8,182,36,72,40,18,79,197,168,36,189,34,40,138,128,93,156,112,236
2,159,2,136,146,160,184,99,6,5,90,167,44,174,34,64,103,59,131,149,150,136,4,221,40,36,154,195,148,68,173,91
60,8,114,110,70,18,203,112,69,128,245,2,123,73,181,100,122,232,21,234,136,179,36,140,82,233,161,128,119,171,112,165
33,1,99,73,148,147,162,105,68,192,90,66,64,72,180,228,120,32,2,249,213,184,37,220,40,44,131,68,87,174,112,164
45,8,106,78,68,146,235,112,69,64,119,2,121,65,183,228,120,168,18,234,129,178,36,204,66,105,162,0,119,171,112,164
35,72,99,204,4,18,175,112,68,64,80,66,48,72,181,228,104,96,18,207,193,178,36,237,32,40,138,128,87,189,112,236
60,0,98,236,68,3,74,120,1,128,245,138,91,77,57,16,94,176,23,234,200,163,0,140,210,233,161,152,119,171,112,16
33,193,99,76,20,147,134,121,68,64,114,66,96,72,188,228,88,32,18,107,209,176,37,157,32,40,131,0,87,190,240,228
98,96,6,140,76,131,128,72,134,160,144,10,96,200,113,2,88,40,123,227,66,35,130,157,16,0,131,188,20,42,18,128
2,144,18,152,19,228,184,66,30,9,66,18,44,158,32,72,231,27,147,145,18,140,18,215,9,54,154,66,144,0,37,19
2,135,34,136,146,129,184,103,6,5,88,167,44,46,50,64,110,11,131,149,86,152,4,213,44,4,138,195,21,12,189,201
56,0,98,108,4,18,74,112,69,192,243,139,83,13,179,112,124,172,21,167,136,179,37,140,210,233,160,132,119,175,112,208
2,148,18,152,147,229,184,99,30,1,72,19,44,150,32,64,239,27,147,144,50,140,16,215,9,6,154,67,144,4,165,146
3,195,2,140,20,129,140,229,4,1,80,199,32,8,50,64,76,42,147,197,214,136,4,157,32,32,138,192,29,12,184,12
2,40,146,153,101,141,184,64,174,25,80,16,140,138,97,73,231,41,19,145,2,60,2,208,5,16,26,234,144,0,33,131
2,135,0,136,148,129,140,231,6,5,88,167,40,40,50,64,76,3,131,133,214,8,4,213,40,4,142,193,21,12,188,76
2,193,0,140,20,129,12,165,4,1,80,2,32,10,48,64,72,2,19,129,82,8,0,149,40,32,142,192,20,8,176,8
2,176,22,153,109,133,184,64,142,25,80,16,140,158,96,73,199,25,19,145,2,88,2,209,5,16,90,238,144,0,33,131
66,0,80,129,100,137,168,64,172,17,146,2,140,138,104,72,110,129,31,144,2,1,64,208,148,16,138,232,20,0,33,128
26,0,112,161,102,136,248,80,45,0,180,2,141,11,112,64,110,137,31,136,130,50,0,192,214,217,170,160,55,136,97,129
130,160,192,153,100,137,232,64,31,17,112,16,140,138,96,8,235,9,2,144,2,60,66,209,4,16,154,232,212,8,67,128
2,193,32,136,20,129,140,229,4,64,80,135,32,14,50,64,76,1,147,133,194,8,4,149,32,0,138,192,20,12,176,88
2,32,16,153,110,137,184,0,175,17,80,2,140,138,96,74,230,25,31,145,2,16,2,209,132,144,26,234,148,8,33,129
130,48,176,152,117,133,184,66,30,27,80,18,140,158,100,8,205,25,147,17,162,38,18,211,29,28,26,234,144,8,33,131
56,0,106,224,84,2,74,80,65,0,247,10,19,11,57,80,120,140,23,234,136,178,0,140,210,233,160,132,103,171,114,128
130,0,4,153,68,137,168,64,12,17,112,18,140,136,52,73,106,9,19,145,2,176,66,209,4,24,218,192,85,8,113,128
3,135,96,136,148,145,140,103,4,69,88,135,40,8,182,64,76,43,147,133,214,136,36,221,32,4,154,193,21,12,184,220
56,0,66,169,4,2,104,112,5,0,114,2,47,11,48,80,106,169,23,129,8,178,64,221,146,249,130,128,119,136,112,136
35,72,97,204,68,145,143,244,68,64,112,66,32,8,181,228,72,96,18,203,195,42,36,189,32,8,138,128,87,157,112,172
18,0,2,136,84,2,168,64,132,0,210,2,8,138,56,64,104,128,31,161,8,131,0,196,144,32,138,136,21,8,49,0
2,148,18,152,55,165,184,66,30,9,88,50,12,30,32,64,231,27,147,145,50,8,0,215,8,54,154,194,148,0,33,19
2,148,146,153,48,161,184,66,62,27,80,48,140,154,32,72,231,27,147,145,50,156,2,215,12,22,26,202,148,0,33,129
2,133,18,136,147,225,184,99,4,5,88,163,12,46,32,64,110,19,147,129,18,136,0,213,8,36,138,195,148,76,165,82
34,195,96,136,148,145,140,229,70,5,80,135,32,8,182,64,72,42,147,197,214,40,4,157,40,0,142,193,21,12,252,204
60,0,66,236,68,2,72,80,37,0,242,2,75,11,44,80,120,168,6,160,8,178,0,136,146,233,162,0,119,162,112,128
3,135,34,140,20,129,136,103,4,5,90,135,40,14,50,64,76,43,147,133,214,136,4,221,32,32,138,193,20,12,188,216
2,148,16,152,179,229,184,66,30,9,88,50,140,190,96,64,199,27,147,17,18,8,18,215,13,20,26,203,144,64,37,131
2,195,0,136,20,129,140,165,4,69,80,135,32,8,50,64,76,3,131,133,214,8,4,157,40,32,142,192,28,12,184,88
2,147,32,136,151,193,156,103,6,5,72,167,40,140,34,64,76,27,147,145,82,8,16,213,41,4,142,195,21,12,180,218
35,203,96,138,20,145,142,228,68,68,84,199,32,8,182,228,72,42,18,79,198,40,44,189,32,8,140,192,93,30,88,204
2,203,32,140,148,129,140,231,4,68,88,135,40,46,50,64,76,35,147,197,214,8,4,253,40,32,142,192,29,12,184,88
2,193,0,136,148,129,12,37,4,0,80,2,0,2,48,64,64,2,19,129,80,8,0,213,32,32,142,192,20,24,176,0
2,195,0,136,148,129,140,231,4,5,88,135,32,8,50,64,76,2,19,197,214,8,4,253,40,32,142,192,29,28,184,88
3,193,40,140,132,145,140,165,68,68,80,135,32,44,50,96,72,2,19,197,212,8,36,149,32,32,142,192,28,28,184,92
3,195,32,136,148,129,140,229,4,68,80,135,32,40,50,64,72,2,19,197,214,8,4,189,32,32,142,192,29,28,184,88
2,149,32,136,151,209,152,103,14,65,72,131,12,158,34,96,234,27,147,145,87,8,52,213,41,4,142,67,29,12,189,214
3,193,32,136,132,129,140,165,4,68,80,135,32,12,50,64,76,2,147,197,212,8,4,149,32,32,142,192,20,28,176,88
2,193,0,140,132,1,12,165,4,64,80,131,32,14,48,64,76,3,19,133,80,8,0,213,40,0,142,192,20,12,176,88
2,133,112,200,215,241,152,99,6,5,92,163,8,62,36,0,235,27,131,145,18,10,32,213,43,4,138,227,149,76,165,198
3,4,162,153,181,165,184,2,30,73,88,17,140,174,50,72,197,11,19,21,150,152,16,215,13,22,154,194,144,76,49,195
2,211,0,140,128,129,12,37,4,68,80,167,32,46,50,64,76,3,147,197,80,8,0,149,32,32,142,192,20,12,180,88
1,193,8,140,132,129,140,53,4,0,80,70,48,8,50,64,72,2,19,129,85,8,0,29,96,33,170,128,28,24,184,8
2,193,32,136,4,129,140,229,68,0,80,2,32,8,48,64,72,0,19,129,208,40,0,149,32,0,142,192,20,8,144,8
2,48,146,145,211,229,176,66,30,35,72,51,140,158,96,8,167,27,147,17,18,24,18,211,13,22,26,99,144,68,5,146
3,73,1,140,4,48,142,166,68,64,88,70,32,40,181,228,72,98,18,79,197,40,4,189,32,40,138,128,29,125,120,12
130,0,0,153,20,163,8,74,22,35,82,18,0,2,32,72,89,8,34,144,34,156,65,159,4,6,154,196,148,8,48,0
3,13,3,142,4,48,142,34,68,192,89,70,96,104,181,228,72,98,18,207,197,160,44,173,32,40,138,128,29,111,120,12
2,207,32,140,148,129,12,167,4,4,88,135,32,32,50,64,72,34,3,197,214,8,4,189,32,32,142,193,28,12,176,88
130,32,112,145,108,137,184,72,78,49,80,26,140,138,92,11,206,9,19,145,130,112,194,208,12,24,218,236,20,8,19,129
3,129,2,140,20,145,140,103,4,0,90,71,32,40,50,64,72,34,19,133,212,136,4,221,32,32,138,128,29,12,184,12
7,12,131,158,20,178,138,0,84,66,91,66,96,104,181,236,88,96,18,7,133,160,44,174,0,46,138,128,157,111,48,4
32,201,99,204,68,129,167,117,68,0,112,2,48,9,180,100,104,42,18,73,195,168,36,253,96,40,162,0,87,152,240,168
33,0,99,204,68,2,233,80,69,0,113,66,80,73,181,100,88,36,18,170,129,178,36,204,0,40,130,128,127,170,112,164
2,135,34,140,20,128,136,103,4,5,90,135,40,42,50,64,76,35,19,133,210,152,0,221,40,36,138,192,20,12,184,72
3,129,35,140,20,144,168,101,68,65,82,199,40,12,180,224,104,34,19,197,215,168,36,221,32,40,138,192,29,12,249,76
24,0,74,168,52,136,104,80,140,0,80,2,159,138,48,64,106,169,23,129,2,176,0,149,212,225,170,200,52,8,113,128
131,205,0,142,133,1,14,167,20,2,72,18,96,42,50,64,65,66,19,131,117,8,24,191,32,32,142,1,28,88,184,8
130,132,161,156,20,18,140,43,20,194,88,83,96,104,48,224,81,38,19,165,160,172,4,159,40,38,155,128,20,44,48,76
99,8,2,140,76,0,138,64,128,192,208,135,32,138,51,67,72,104,51,199,132,3,134,232,16,32,202,168,29,61,56,220
6,0,128,144,4,2,8,8,22,163,19,18,64,226,105,72,81,44,51,144,0,196,136,194,8,6,219,164,148,43,48,0
2,144,18,136,83,193,56,64,142,1,64,162,44,158,32,64,110,57,147,145,18,138,18,213,1,0,138,203,148,4,37,147
130,132,2,152,19,225,56,99,20,5,88,179,44,30,32,64,111,27,147,128,50,12,0,223,8,38,154,195,148,4,165,210
32,128,106,201,68,131,232,112,69,0,116,2,56,9,52,0,104,168,6,136,128,178,4,205,6,41,162,0,117,136,112,136
3,193,32,140,20,145,140,101,68,64,80,135,32,8,50,64,72,34,19,197,198,136,4,221,32,32,138,192,29,12,184,92
0,0,1,136,4,1,137,0,4,0,80,2,0,8,48,64,72,0,2,129,0,32,0,144,0,0,138,0,20,8,48,0
35,201,96,136,84,129,138,228,68,64,80,131,32,12,54,64,72,35,19,199,198,170,4,253,32,8,138,192,21,12,112,200
3,131,0,140,148,129,140,101,4,5,80,135,32,8,50,64,72,2,19,197,214,8,4,157,32,32,138,192,29,12,184,72
3,195,0,136,148,129,140,231,4,4,88,199,32,40,50,64,72,2,3,197,214,8,4,157,32,32,142,192,28,28,184,92
0,195,0,136,148,193,12,231,4,5,88,163,32,134,32,64,72,10,130,192,82,8,0,189,32,0,142,65,20,8,180,136
39,8,107,78,4,2,139,80,68,192,87,66,80,72,181,100,88,100,18,239,129,160,44,136,64,40,163,128,85,171,112,100
3,201,33,4,132,16,142,165,68,64,20,3,32,8,182,96,72,66,18,205,197,8,36,161,40,8,142,128,85,28,184,76
2,131,32,136,148,129,140,101,4,4,80,135,32,46,50,64,76,3,147,133,214,8,4,213,40,0,142,193,20,12,180,72
0,72,98,140,4,0,130,132,68,0,80,2,0,8,53,64,72,64,19,67,128,160,4,161,0,40,130,0,21,25,112,0
2,128,0,136,4,129,136,32,4,0,80,2,32,8,48,64,72,0,19,1,64,40,0,149,0,32,138,192,20,8,16,0
2,131,32,136,148,193,156,103,4,5,88,163,32,12,50,64,76,3,147,133,82,8,4,213,40,0,138,193,21,12,180,66
3,131,32,136,132,129,140,33,4,68,80,135,0,12,50,64,72,2,19,133,212,8,4,149,32,32,138,192,20,12,144,80
2,151,0,136,146,224,24,35,4,5,88,163,8,38,32,64,68,19,147,149,18,8,0,213,8,32,138,195,148,4,180,83
3,193,32,136,4,129,140,101,4,64,80,131,0,12,50,64,72,0,19,5,196,8,4,149,32,0,142,192,20,12,144,88
3,195,32,140,148,145,140,229,4,68,80,135,32,8,50,64,76,3,147,197,212,8,4,221,32,32,142,192,29,28,184,92
2,193,0,136,4,129,132,101,4,0,80,66,32,8,48,64,72,0,19,1,67,40,0,149,32,32,138,192,28,8,152,8
2,135,32,136,148,129,152,103,6,5,88,167,40,142,50,64,76,11,147,133,214,8,4,221,40,4,154,193,21,12,180,200
130,16,18,153,3,197,184,64,158,17,80,179,140,158,96,73,230,25,147,145,2,148,18,209,5,16,154,203,148,4,37,211
2,195,0,136,132,128,12,37,4,4,80,2,32,10,48,64,64,2,19,129,80,8,0,149,32,32,142,192,20,8,176,8
51,0,98,236,84,147,202,64,69,64,241,2,98,200,53,96,88,168,23,227,140,163,36,220,18,40,138,136,117,174,112,132
2,150,18,153,18,226,184,99,28,5,90,179,44,190,32,64,102,59,147,129,18,152,0,223,8,36,154,195,20,4,165,155
35,200,106,204,84,145,143,244,68,64,116,130,48,13,180,100,78,56,19,201,195,170,36,253,98,40,170,128,87,152,112,172
50,201,66,174,84,129,202,224,5,0,240,10,35,200,49,16,72,168,23,195,74,171,0,189,176,192,138,184,53,11,114,136
3,193,35,140,20,145,172,101,68,64,82,199,40,12,178,224,104,35,19,133,215,184,36,221,32,32,138,128,29,12,249,220
3,193,32,140,132,129,140,165,68,68,80,135,32,44,50,64,72,2,19,133,212,8,4,157,32,32,142,192,28,28,184,92
2,143,2,140,148,129,44,39,4,4,74,131,40,46,50,64,68,35,131,197,82,136,0,253,40,36,142,193,20,4,180,72
2,143,32,140,148,129,142,167,4,4,88,135,32,40,50,64,72,34,131,69,214,8,4,189,40,32,142,193,20,12,180,72
3,193,33,140,4,145,140,165,68,64,80,71,32,8,180,224,72,34,18,197,197,40,36,189,32,40,142,128,29,28,248,12
2,135,32,136,146,193,156,167,4,5,88,163,32,46,50,64,76,19,147,129,80,8,0,149,40,32,142,195,20,12,180,88
130,131,0,136,150,129,152,97,4,5,80,183,8,14,34,64,76,27,131,149,82,8,0,213,40,0,138,193,20,12,180,80
1,72,107,204,4,0,139,144,68,192,86,2,48,1,181,96,72,96,19,203,129,160,36,41,64,40,170,128,21,185,112,104
