0,193,0,136,132,129,4,37,4,0,80,2,0,0,48,64,64,0,2,129,80,8,0,149,32,32,138,64,20,8,176,0
2,193,32,136,132,129,140,37,4,0,80,2,0,8,48,64,72,2,19,129,208,40,0,149,32,32,142,192,20,24,144,0
2,193,32,136,148,129,142,165,4,64,16,135,0,12,50,64,64,66,19,197,208,8,12,181,40,32,142,192,20,28,144,88
40,8,90,238,100,132,90,208,5,8,116,2,61,91,177,64,238,97,6,202,0,160,0,189,67,233,34,0,115,187,96,137
2,143,0,142,20,129,10,161,4,5,89,135,96,100,42,64,88,34,131,36,82,8,8,191,40,36,139,193,20,14,20,72
130,240,0,152,3,193,144,197,22,17,64,179,12,158,96,65,75,25,147,145,98,76,18,213,9,0,158,107,20,12,165,154
130,177,128,152,147,193,152,67,22,5,16,179,12,158,96,64,75,27,147,145,50,8,0,215,41,6,158,227,148,12,165,210
131,0,34,137,20,147,168,64,84,97,80,23,0,136,118,40,120,8,19,21,166,182,4,210,0,8,154,196,221,12,120,196
131,205,0,136,132,145,142,167,68,64,24,71,32,40,50,224,73,66,19,71,213,40,4,191,32,0,142,192,29,28,152,12
2,135,32,136,148,161,140,103,6,5,88,167,8,46,50,64,77,3,131,149,82,8,4,213,40,4,142,193,148,12,180,64
131,32,96,145,20,153,168,66,94,115,80,82,140,8,246,169,107,9,19,149,167,52,36,210,12,24,154,160,221,12,89,196
2,151,32,136,148,129,12,39,4,69,88,167,8,14,50,64,68,19,147,133,210,8,0,213,40,32,142,192,20,12,180,80
2,148,16,136,147,229,184,66,14,1,72,51,12,150,32,64,231,27,147,145,18,8,16,215,9,4,154,67,144,4,37,19
135,133,3,158,148,176,174,165,116,67,91,86,72,106,188,229,123,67,18,239,245,144,44,255,32,46,142,196,29,119,249,68
130,216,160,154,71,133,156,196,30,95,80,183,44,158,98,73,207,27,147,199,230,78,26,243,1,18,222,170,21,28,181,223
167,164,97,200,148,35,139,251,86,162,24,82,80,104,189,101,89,4,19,185,179,176,45,222,40,14,143,196,149,232,112,36
3,201,3,140,20,128,140,165,4,64,82,194,40,14,180,228,110,35,19,193,197,136,4,221,32,40,138,128,29,20,177,28
82,149,80,133,182,40,188,39,41,1,58,34,175,58,4,80,166,7,29,1,80,41,129,197,180,252,10,194,132,64,163,3
120,133,210,229,244,42,108,51,33,33,122,2,27,43,16,16,58,134,21,160,24,184,65,140,254,239,176,192,103,200,210,0
33,5,227,69,84,50,235,121,65,162,127,66,80,33,188,100,120,132,18,168,145,178,37,200,46,46,133,4,231,234,112,164
60,72,114,110,100,147,218,112,69,0,117,2,107,73,181,100,90,232,22,106,200,162,44,189,66,249,161,8,119,187,112,165
2,151,34,136,146,163,152,99,4,5,91,167,8,110,34,64,124,51,147,181,150,136,4,221,40,36,138,195,156,4,189,82
0,193,0,136,132,129,6,165,4,0,80,2,0,0,32,64,64,66,2,64,80,8,0,181,40,32,142,64,20,24,144,8
2,224,6,140,8,129,8,72,134,176,208,131,96,198,121,64,84,57,123,229,66,67,139,221,0,0,139,188,20,38,48,192
11,72,2,140,4,144,142,53,68,64,84,198,32,8,182,228,72,96,18,205,197,168,36,189,32,40,138,128,31,156,184,92
82,2,64,128,6,0,184,64,41,96,144,131,12,14,80,66,110,149,159,133,8,3,65,192,144,16,138,176,37,4,53,81
114,0,66,136,76,2,200,72,1,96,146,131,8,14,48,66,124,149,31,165,8,3,1,192,144,32,138,148,5,44,48,80
6,0,66,129,68,128,168,64,172,16,177,2,140,10,104,74,106,9,31,210,2,17,2,192,20,16,138,200,21,3,97,128
3,72,99,200,20,145,170,228,68,64,80,66,40,8,181,228,104,40,18,201,199,160,36,253,32,8,138,128,85,24,112,172
18,0,66,128,68,9,234,64,45,0,243,2,136,10,56,64,104,129,78,163,2,179,0,192,148,0,138,192,5,11,99,128
2,0,6,158,28,130,128,64,22,0,83,2,96,192,32,73,80,40,51,0,2,132,2,157,0,34,202,128,20,10,48,0
33,72,99,76,4,145,134,224,68,64,112,66,32,8,181,228,72,96,18,75,197,168,36,189,34,40,130,0,95,189,112,172
0,193,0,140,132,129,4,37,4,0,80,2,32,0,48,64,64,2,2,129,80,8,0,149,40,32,142,0,20,8,176,8
2,149,16,136,147,225,16,103,4,5,88,162,44,54,32,64,110,19,147,144,18,8,0,213,40,4,138,195,148,8,165,27
1,72,97,78,4,17,131,128,68,0,80,66,32,8,181,228,72,96,18,75,193,32,36,185,0,40,130,0,87,59,112,44
0,201,0,136,149,133,6,229,4,0,64,2,32,0,32,64,72,2,19,64,82,8,16,189,41,0,142,64,20,24,176,8
114,74,98,140,12,0,72,132,129,4,208,135,32,14,51,64,68,225,159,197,140,3,4,233,176,32,138,153,20,28,52,76
32,73,106,76,68,2,239,116,68,0,118,2,49,3,161,64,120,32,2,232,192,186,33,77,98,169,162,128,115,184,112,168
2,128,2,137,68,137,168,96,140,0,80,2,172,2,32,64,106,137,19,128,66,56,0,213,20,16,138,192,20,8,33,128
130,145,18,152,91,193,16,67,150,17,64,50,44,150,32,64,74,187,147,144,18,11,18,213,25,32,154,107,20,8,165,146
2,0,2,137,92,128,160,64,4,1,210,2,32,128,32,64,72,44,42,0,2,154,67,213,20,36,154,192,20,8,48,0
2,148,16,152,83,225,152,98,28,1,72,50,12,22,36,64,239,27,147,145,18,10,16,215,9,38,154,67,149,0,37,146
32,201,72,202,84,131,65,125,6,0,116,10,112,193,164,80,88,168,6,104,74,170,8,29,122,13,161,0,53,138,112,168
3,193,0,140,20,145,140,39,68,65,88,199,32,40,50,64,72,2,19,197,199,40,4,157,32,36,142,128,28,28,184,28
48,200,0,140,12,129,66,228,135,0,208,10,34,128,33,64,72,168,31,66,74,11,0,189,176,160,138,56,21,25,48,136
3,197,0,136,132,145,140,167,68,64,88,199,32,40,50,64,72,2,19,133,212,40,4,149,32,32,142,192,28,28,184,28
3,195,0,136,148,129,12,37,4,4,80,135,32,40,50,64,64,3,147,133,212,8,4,149,32,32,142,192,28,28,152,80
3,195,0,136,4,129,140,37,4,68,80,135,32,8,50,64,72,2,19,133,196,40,4,149,32,32,142,192,28,12,152,92
3,193,0,140,4,129,140,165,68,64,80,7,32,8,50,64,64,0,19,5,196,8,4,149,32,32,142,128,28,28,152,12
2,131,32,136,132,129,12,33,4,68,80,135,0,12,50,64,64,2,147,133,208,8,0,149,32,32,138,192,28,12,148,80
2,131,0,136,132,129,12,33,4,4,80,135,0,38,50,64,64,2,147,133,80,8,0,149,40,32,138,192,20,12,144,80
37,8,97,78,68,147,131,112,68,0,117,66,96,72,181,100,88,96,18,106,129,162,44,189,0,40,131,0,87,171,112,164
3,200,1,140,4,16,128,164,68,64,80,66,32,8,178,224,72,96,18,65,197,32,36,185,32,32,138,128,29,28,24,12
2,131,0,140,132,129,12,33,4,64,80,199,0,12,50,64,64,2,19,5,80,8,0,149,32,32,142,192,28,12,184,80
0,0,66,129,68,0,160,64,164,0,210,2,8,10,48,75,104,128,10,161,0,179,0,192,20,32,138,0,21,8,48,128
0,193,0,140,132,0,4,37,4,0,16,2,32,0,48,64,64,2,2,129,80,8,0,149,32,32,142,0,20,24,144,8
0,131,0,128,132,128,4,33,0,4,16,135,0,32,34,64,72,2,2,4,80,8,0,149,40,0,134,64,20,8,144,64
1,197,0,140,132,145,4,167,4,64,88,70,32,32,162,64,64,2,2,64,85,8,0,181,32,32,142,0,28,92,184,12
3,128,38,156,20,147,136,40,86,65,83,70,96,200,178,97,88,40,50,37,167,236,38,157,0,38,219,128,28,12,56,76
131,200,36,156,20,145,8,164,20,84,80,135,32,8,50,65,64,34,51,197,231,12,6,189,0,34,218,192,28,12,56,92
2,193,0,138,148,129,142,229,4,0,64,2,0,2,48,64,72,2,19,195,80,8,8,245,40,32,142,192,20,26,176,8
134,205,0,138,148,129,142,231,4,0,24,130,32,44,48,64,73,66,19,211,82,8,8,247,40,0,142,192,21,94,144,24
130,135,0,152,144,129,12,39,22,69,80,183,40,46,50,64,68,3,147,133,114,8,0,215,40,38,158,193,20,12,180,88
35,72,97,206,4,145,130,224,68,0,81,66,96,72,181,228,88,32,18,75,197,160,44,189,2,40,138,128,87,155,112,172
2,195,0,140,132,128,12,165,4,68,80,135,32,12,50,64,68,2,147,133,80,8,0,149,40,32,142,192,28,12,176,88
130,0,2,153,68,128,168,64,156,18,80,18,140,138,112,75,106,9,19,145,34,84,2,192,4,16,218,136,20,8,49,128
3,193,0,140,4,129,140,165,68,64,80,199,32,8,50,64,72,2,19,5,197,40,4,157,32,32,142,192,28,28,184,92
2,52,144,152,179,165,184,66,30,27,80,179,12,158,96,72,231,27,147,145,50,76,2,210,9,22,154,234,144,68,33,147
2,182,144,152,147,229,152,66,30,11,88,179,12,190,96,72,231,27,147,145,18,12,18,210,9,22,154,235,144,68,37,211
3,192,3,140,4,144,140,37,68,64,82,66,32,8,180,228,72,32,18,197,197,168,36,221,32,40,138,128,29,28,120,108
2,48,144,145,108,137,184,0,170,25,16,32,140,154,96,10,134,9,123,17,2,0,130,208,12,16,90,234,148,0,1,129
60,0,98,228,68,2,72,88,65,160,247,10,83,9,188,16,120,140,21,168,136,178,5,128,82,233,161,132,103,170,114,128
2,16,146,152,3,165,56,66,30,91,64,49,12,158,96,72,231,25,179,145,2,76,18,211,1,22,90,194,144,4,37,83
37,0,106,76,68,2,235,88,65,128,117,2,81,73,188,48,120,172,23,170,136,178,44,8,82,169,161,132,103,171,112,160
2,20,16,136,23,165,184,66,14,9,88,18,12,154,32,64,229,27,19,144,18,12,0,215,9,20,154,194,144,8,33,131
2,0,2,137,68,128,168,64,164,17,210,2,136,138,112,74,104,9,27,129,2,145,3,192,20,32,138,192,21,8,49,128
3,200,0,140,4,145,142,228,68,64,80,71,32,8,50,224,72,0,18,69,199,40,4,189,32,32,138,128,29,28,56,140
131,133,0,152,150,144,156,39,20,70,88,215,44,10,50,65,111,3,147,133,246,12,4,215,32,32,138,192,29,12,185,84
3,193,0,140,20,145,140,229,68,64,80,71,32,8,50,192,72,2,19,69,199,40,4,149,32,32,142,192,28,28,184,28
37,73,106,78,196,18,207,208,68,192,86,2,113,72,183,96,88,96,18,239,197,160,44,168,98,41,167,128,125,187,120,228
3,193,1,140,4,145,140,165,68,64,80,71,32,8,48,224,72,2,18,69,197,40,4,157,32,32,142,128,28,28,184,12
0,193,0,136,132,129,4,37,4,0,80,2,0,0,48,64,64,0,2,129,80,8,0,149,32,32,138,64,20,8,176,0
102,8,82,224,100,10,106,16,169,160,50,10,11,8,85,18,170,229,87,227,8,51,0,232,150,216,129,148,101,185,66,0
2,193,32,136,132,129,140,165,4,0,80,2,0,8,48,64,72,2,19,129,208,40,0,149,32,32,142,192,20,24,144,0
3,193,33,140,4,145,132,165,68,64,80,66,32,8,178,224,72,2,18,69,197,40,36,157,32,32,142,128,29,28,184,76
2,193,32,138,148,129,142,165,4,64,16,135,32,44,50,64,68,66,19,199,208,8,12,181,40,0,142,192,20,30,144,88
3,129,32,136,149,193,132,37,68,64,64,3,32,8,50,96,72,2,19,5,212,40,20,149,33,32,138,64,20,12,144,70
6,138,0,154,20,129,10,168,22,21,81,135,96,110,58,64,85,32,147,181,50,8,8,255,8,6,139,197,20,14,52,64
2,209,20,136,79,133,188,101,142,24,144,2,12,158,96,65,236,19,155,129,82,11,18,213,49,16,138,250,16,8,161,147
2,143,32,138,20,129,10,97,6,5,89,135,96,100,42,64,88,34,131,36,210,8,8,191,40,6,139,193,20,14,20,72
2,135,0,136,146,225,24,99,6,5,88,163,0,46,32,64,72,27,147,145,18,8,0,213,8,4,138,195,148,76,164,80
60,88,82,238,103,133,90,240,5,8,117,2,61,91,33,80,254,233,6,202,8,162,8,189,211,233,32,8,115,187,96,139
2,131,0,136,148,129,140,33,4,4,80,167,0,14,50,64,76,3,147,133,82,8,0,213,40,0,138,193,20,12,180,64
2,177,20,152,203,197,144,101,142,17,64,2,12,158,96,1,238,27,147,145,82,11,18,213,9,0,30,107,16,12,165,146
3,200,32,140,4,145,142,164,68,64,80,71,32,8,182,224,72,96,18,199,197,40,4,189,32,40,138,128,29,28,248,76
134,10,2,154,28,193,138,64,150,4,81,131,32,204,49,72,88,57,147,211,2,132,2,221,0,0,138,169,20,15,52,192
161,0,99,201,20,179,160,66,84,97,114,82,128,8,180,224,105,8,18,17,183,188,69,215,12,12,154,64,221,12,120,132
2,203,4,152,20,129,136,164,134,5,80,135,40,142,50,64,68,43,179,197,66,8,6,253,40,4,154,193,20,12,52,88
3,205,32,136,148,145,142,231,84,64,88,199,32,40,50,64,73,34,19,197,244,40,4,191,40,2,158,192,29,28,184,28
2,135,0,136,146,225,152,103,6,5,88,179,8,174,50,64,79,19,131,149,50,8,0,215,40,6,158,227,148,12,180,83
2,129,0,136,148,193,140,103,4,1,88,2,0,8,48,64,72,2,19,129,82,8,0,149,40,0,138,193,20,8,176,0
34,145,56,200,215,197,153,113,13,8,116,2,28,29,36,0,236,27,147,145,210,42,16,213,107,9,138,227,85,8,161,147
2,193,32,136,148,129,140,101,4,64,80,135,32,46,50,64,76,2,19,133,210,8,4,157,32,32,138,192,20,28,176,80
2,133,0,136,150,225,152,99,6,5,88,163,12,174,32,64,75,27,147,145,18,8,0,213,8,4,154,195,148,76,180,194
130,151,32,136,144,129,12,39,4,69,88,183,8,46,50,64,68,19,147,133,242,8,0,215,40,32,142,192,20,12,180,80
3,201,32,136,148,145,140,231,68,68,88,135,32,8,50,64,72,2,19,197,198,8,4,191,40,32,142,192,29,28,184,92
3,5,3,140,4,146,172,39,68,64,90,70,96,32,180,228,88,38,18,173,197,152,4,205,32,40,138,128,31,44,184,12
131,73,99,142,4,146,140,101,68,192,82,66,32,8,181,228,72,34,18,75,197,168,36,159,32,40,138,128,95,62,216,236
2,148,18,152,147,229,152,66,30,1,72,50,12,158,32,64,231,27,147,145,18,8,16,215,9,6,154,67,144,0,37,146
39,1,96,138,212,147,206,105,69,68,81,143,64,72,62,32,88,168,19,103,214,162,12,157,50,8,137,232,93,14,248,212
130,144,146,152,51,165,56,66,30,27,80,48,140,150,96,72,231,25,147,144,34,140,2,211,13,22,26,202,144,0,33,131
54,0,82,230,66,2,74,80,41,128,243,2,79,74,61,16,126,225,4,227,8,163,8,232,146,232,138,136,97,35,99,1
130,216,160,154,87,213,158,198,30,79,80,183,44,222,126,104,207,27,147,135,230,6,62,243,1,6,158,171,21,92,181,223
7,132,7,152,146,50,172,171,92,82,90,198,76,106,190,229,119,67,19,165,181,144,13,223,40,46,207,196,157,100,169,5
135,133,35,154,148,178,174,169,84,66,91,86,72,106,188,229,123,67,18,175,245,180,44,255,40,46,207,196,157,119,177,100
2,48,176,152,59,229,152,66,158,91,16,51,140,158,98,72,197,27,179,149,2,70,146,208,9,22,218,235,144,68,37,211
2,135,32,136,146,225,152,99,6,5,88,163,8,46,34,64,79,19,147,145,18,8,0,213,40,6,154,195,148,76,181,82
39,14,226,136,212,179,138,74,70,196,92,167,32,236,183,196,93,42,147,181,134,160,36,238,40,4,139,129,149,109,124,212
66,50,132,137,58,163,24,74,14,37,218,231,12,134,98,64,102,29,171,149,6,24,67,213,28,4,155,247,156,12,45,27
28,8,74,230,4,2,107,80,4,128,87,130,81,71,177,96,124,244,21,234,8,144,37,8,194,233,163,128,39,163,112,160
38,42,226,156,87,242,184,74,22,199,80,183,40,204,115,136,89,105,147,149,166,198,4,202,0,6,155,139,133,125,60,222
7,132,227,192,148,51,137,123,86,227,88,210,64,236,253,173,93,21,19,189,177,208,45,222,8,14,143,196,159,236,112,228
165,133,106,200,212,35,207,251,84,0,124,2,80,97,189,100,89,130,19,250,179,34,44,222,104,14,167,196,247,251,240,160
3,73,99,140,4,144,142,100,68,64,82,70,32,8,181,228,72,96,18,205,197,168,36,253,32,40,138,128,29,28,120,140
2,145,22,137,234,128,188,39,172,17,90,162,172,54,32,67,166,19,251,128,82,25,2,193,36,48,90,194,16,64,161,145
3,200,99,140,20,128,143,228,4,64,80,194,48,4,181,100,78,97,19,207,193,136,36,253,32,40,138,128,21,152,48,44
66,145,16,140,170,8,188,39,168,25,24,32,172,190,64,66,166,19,223,129,82,9,130,193,164,48,78,171,20,64,167,139
60,72,66,174,4,131,74,64,5,128,209,2,99,200,49,64,88,160,31,99,72,163,8,157,176,225,139,152,53,187,48,0
60,8,106,236,68,18,74,80,69,128,117,2,91,73,177,80,88,232,23,234,136,178,36,172,82,233,160,128,119,187,112,128
120,133,112,165,244,42,92,55,105,1,122,10,47,42,16,16,186,135,21,33,152,184,129,141,182,253,160,128,100,192,210,9
130,16,146,153,51,133,184,66,30,17,80,18,140,154,96,72,231,25,147,17,2,20,18,211,13,20,26,98,144,0,33,131
3,201,3,142,4,144,174,37,68,64,80,199,40,8,182,228,106,35,18,207,197,136,36,253,32,40,142,128,29,30,249,28
60,8,66,238,68,2,74,80,5,128,241,2,67,73,53,80,120,232,21,226,8,179,72,172,146,233,160,144,55,171,112,0
39,4,227,77,84,50,235,121,69,194,127,66,64,104,181,228,88,108,50,168,129,178,45,204,2,46,129,132,199,234,112,164
60,8,98,238,4,131,194,80,69,128,241,2,99,73,53,0,88,232,6,227,136,162,76,172,146,249,128,24,119,187,112,128
7,8,162,158,20,144,138,192,86,194,90,199,96,232,183,72,89,104,51,199,133,168,14,234,0,46,206,136,157,127,120,220
66,145,150,156,139,196,60,39,142,17,72,2,44,182,32,67,231,19,187,128,82,11,146,209,49,34,218,75,16,64,165,27
60,8,106,206,68,130,235,80,68,128,119,2,113,73,177,96,88,224,19,234,128,176,36,44,66,169,162,128,117,171,112,160
2,134,2,152,19,225,56,66,14,5,72,163,44,174,32,64,103,27,147,145,18,136,0,215,8,38,154,195,148,68,37,82
2,143,2,136,146,162,58,35,4,5,90,167,108,110,34,64,71,51,131,149,150,136,4,253,40,38,138,195,148,70,173,81
60,72,114,110,102,147,218,112,69,0,117,2,123,73,181,100,126,232,22,106,200,162,44,189,82,233,161,8,119,187,112,165
2,151,2,136,146,163,184,99,4,5,90,167,8,46,34,64,116,35,147,181,150,152,4,221,40,36,138,195,28,4,189,82
60,16,114,238,102,131,91,112,5,128,245,170,107,93,53,84,126,184,151,234,136,163,8,157,210,233,129,146,119,187,112,147
53,8,107,206,4,2,203,16,69,128,119,2,83,65,177,100,120,228,22,234,137,176,37,136,82,168,163,128,103,171,112,32
0,201,0,136,148,129,14,167,4,0,88,2,0,10,48,64,64,2,19,193,80,8,0,181,40,32,142,64,20,24,176,8
2,224,6,136,76,129,136,72,134,240,144,131,96,206,121,66,92,57,123,229,66,67,138,221,16,0,139,188,20,46,48,128
6,201,132,158,148,131,142,232,150,145,16,2,96,232,121,75,89,104,51,211,98,104,10,189,40,6,207,196,148,42,16,128
3,195,2,140,4,144,142,181,68,64,84,198,32,8,182,228,72,34,18,205,197,136,4,253,32,40,138,128,31,156,184,92
2,201,0,140,148,129,14,167,4,0,88,2,32,34,48,64,64,3,19,193,80,8,0,253,40,32,142,192,20,28,176,8
56,18,98,108,70,83,90,120,5,196,247,167,83,77,179,68,92,180,151,234,136,179,36,140,82,233,161,129,119,175,116,211
2,135,32,136,146,241,152,99,4,69,88,163,40,46,182,192,77,3,147,133,22,8,36,213,40,4,138,195,20,12,188,84
2,201,32,140,148,129,12,167,4,64,88,131,32,46,50,64,72,35,19,197,210,8,4,189,40,0,142,192,20,12,176,88
66,32,64,128,108,128,184,0,136,84,16,135,140,142,82,10,110,17,255,133,2,1,194,192,20,16,202,168,20,4,17,208
2,195,2,136,20,129,12,101,4,68,80,135,32,14,50,64,76,43,147,133,82,136,0,157,32,32,138,193,20,12,180,88
114,0,66,136,4,2,72,72,1,32,146,131,75,14,60,66,124,149,31,165,8,131,1,200,144,232,138,148,53,46,48,80
4,8,0,137,108,136,168,192,174,17,82,2,140,138,97,74,106,9,10,208,2,16,67,241,4,16,138,64,20,9,33,128
2,195,34,136,20,129,140,101,4,68,80,135,32,12,50,64,76,42,147,133,210,136,4,157,32,32,138,193,20,12,180,216
6,8,66,129,68,128,234,64,173,16,241,2,140,10,97,66,106,137,31,210,2,51,0,192,20,0,138,236,21,11,97,128
33,200,99,200,20,145,170,228,68,64,80,66,40,136,181,228,104,40,2,203,199,170,36,253,32,40,130,0,85,24,112,172
4,32,6,136,76,129,128,104,134,0,145,2,64,200,57,65,88,32,123,99,2,35,10,157,16,0,139,60,21,43,48,128
50,0,66,128,84,1,234,64,45,0,241,2,8,10,56,64,104,129,14,227,2,179,0,192,148,0,138,200,5,11,99,128
2,128,18,153,52,164,184,66,30,9,82,18,172,138,48,72,230,41,19,145,34,140,0,215,4,54,154,194,148,8,49,137
55,0,98,196,68,18,203,64,65,224,246,2,74,8,181,228,120,228,23,235,141,179,37,200,18,40,131,132,103,189,112,164
56,0,66,168,84,131,200,112,5,0,241,2,3,136,48,64,88,168,23,161,8,178,0,156,146,193,162,192,53,138,112,128
56,0,106,236,68,2,74,80,69,0,245,10,91,9,57,16,120,172,6,234,136,179,0,140,210,233,160,132,119,171,112,128
6,0,38,136,12,131,160,72,196,0,81,2,64,200,56,73,120,40,51,243,128,179,2,144,0,32,202,136,21,11,112,128
60,0,66,172,68,131,192,120,5,0,113,2,99,73,57,64,88,168,6,34,8,162,0,156,2,233,160,8,119,170,112,128
130,128,18,152,36,132,56,64,62,27,82,18,140,130,32,73,231,9,19,144,34,140,2,215,0,50,218,194,144,0,33,1
2,0,6,158,12,130,128,64,148,0,83,2,96,202,56,73,88,40,51,129,0,144,2,157,0,34,202,136,20,42,48,0
55,0,98,142,76,2,202,64,197,192,209,3,64,200,59,98,120,225,31,231,140,163,12,200,144,32,139,152,21,47,112,196
0,128,18,152,102,133,184,64,142,25,80,2,140,138,52,72,238,9,2,145,2,168,2,213,4,24,26,74,16,8,33,129
2,148,18,136,19,225,184,66,22,1,72,50,12,158,32,64,111,27,147,145,50,140,16,215,9,38,154,67,144,8,37,130
32,8,99,76,84,131,163,112,68,0,118,2,48,9,181,100,104,32,2,202,193,184,36,173,64,40,130,0,85,137,112,172
86,0,2,128,68,0,170,64,164,64,147,131,76,134,56,66,126,149,31,167,0,131,128,192,144,32,138,140,5,6,49,208
2,131,34,136,20,129,136,101,4,5,80,135,32,140,50,64,76,42,147,133,210,136,4,157,32,32,138,193,20,12,180,200
35,200,99,76,4,145,134,228,68,64,112,66,32,8,181,164,72,96,18,75,197,168,36,189,32,40,130,128,95,29,120,140
3,201,99,205,4,146,172,101,76,64,86,66,32,8,180,228,104,32,18,205,197,184,36,205,36,40,138,128,31,156,249,236
0,193,0,140,132,129,4,165,4,0,80,2,32,0,32,64,64,2,2,128,80,8,0,213,40,32,142,0,20,8,176,8
130,158,0,152,19,224,24,39,22,5,72,179,44,38,32,65,71,51,147,129,50,12,0,223,40,38,154,195,20,4,37,90
2,149,16,136,147,225,48,99,14,1,88,162,12,54,32,64,231,19,147,144,18,8,0,213,41,36,138,195,148,8,165,19
3,207,0,136,148,129,140,231,4,68,88,135,32,40,50,64,72,2,19,197,212,8,4,189,32,0,142,192,28,28,152,92
3,195,32,136,148,129,140,229,4,69,80,135,32,12,50,64,76,2,147,197,214,8,4,189,32,32,142,193,29,12,184,88
2,193,32,140,132,129,140,37,4,0,80,2,32,8,48,64,64,2,19,129,208,8,4,157,32,32,142,192,20,12,176,8
2,143,32,136,148,193,158,231,4,5,88,163,40,46,50,64,76,19,147,197,82,8,4,245,40,32,142,193,20,12,180,88
3,193,32,140,4,145,140,37,68,68,80,135,32,8,50,96,72,2,19,5,213,40,36,149,32,32,142,192,29,12,184,92
2,131,0,136,148,129,156,229,4,5,80,163,8,14,50,64,76,19,147,197,82,8,0,245,40,0,142,193,20,12,180,64
3,131,32,136,148,129,12,37,4,68,80,135,0,10,50,64,64,3,19,133,212,8,4,213,40,32,142,192,28,12,184,80
3,192,33,140,4,145,140,165,68,64,84,66,32,8,182,228,72,0,18,73,197,40,36,157,32,40,138,128,29,28,248,12
3,200,33,140,4,145,142,164,68,64,80,66,32,8,181,228,72,64,18,195,197,32,36,189,32,40,142,128,29,28,120,12
3,192,33,140,4,145,142,165,68,64,80,66,32,8,180,228,72,0,19,199,197,40,44,189,32,40,138,128,29,28,184,76
3,9,65,142,4,176,134,32,68,192,81,70,96,64,181,228,72,98,18,75,197,160,44,189,0,40,138,128,95,127,112,44
2,131,0,136,16,193,12,33,4,68,80,135,32,14,50,64,68,19,147,133,80,8,0,213,40,32,138,193,20,12,180,80
2,201,0,140,20,129,140,101,4,0,64,130,40,14,48,64,76,51,19,129,82,8,16,221,41,32,142,64,21,12,176,24
7,8,134,156,4,128,138,64,4,64,80,199,32,136,51,72,72,104,51,199,132,160,6,185,0,34,218,136,29,61,120,28
2,147,34,136,18,193,152,99,4,69,90,167,40,14,50,64,78,51,147,133,210,136,4,221,32,32,138,195,20,12,181,89
35,200,98,8,4,145,164,228,68,64,82,7,40,8,182,96,104,32,19,197,199,184,36,253,32,40,138,128,93,28,120,204
98,74,98,140,76,16,138,132,128,4,208,135,32,142,51,66,76,224,159,197,204,3,132,233,48,32,138,152,21,29,52,92
56,72,106,109,68,2,111,116,4,128,118,2,49,1,177,80,120,160,23,234,200,186,1,44,98,233,162,128,119,184,112,136
2,0,18,137,102,137,184,64,140,16,80,2,172,138,48,64,102,9,19,129,66,48,2,209,4,16,138,200,20,8,33,129
58,0,66,204,68,147,72,80,5,0,117,2,89,75,181,68,124,168,23,168,8,178,32,220,82,233,128,136,55,170,112,128
2,145,18,152,219,229,16,67,142,17,192,18,44,150,32,64,238,187,147,144,18,11,18,213,25,0,154,107,16,8,165,146
2,1,32,136,132,0,140,5,4,64,80,131,0,14,50,64,76,19,147,133,208,8,0,208,32,32,142,128,20,28,176,80
82,64,66,142,4,128,106,64,173,0,211,2,44,202,49,64,122,161,31,227,72,131,0,204,144,32,138,128,5,58,49,8
2,0,50,136,108,129,184,64,206,81,80,2,140,138,116,72,238,9,19,145,130,33,2,209,4,24,138,232,20,12,49,129
41,0,104,233,68,153,224,80,69,1,116,2,187,9,180,32,104,136,6,137,142,176,100,213,70,201,162,32,119,136,112,168
2,148,18,152,83,165,184,66,30,1,72,18,44,30,36,64,231,27,147,144,18,138,16,215,9,6,154,66,145,0,33,131
130,0,2,153,86,163,168,66,20,3,80,146,172,14,48,72,111,57,147,145,34,156,64,223,4,54,154,192,149,12,49,152
3,193,32,136,20,129,140,101,6,65,80,135,32,136,50,64,72,40,19,197,198,8,4,157,32,32,138,192,29,12,184,28
35,192,99,202,20,147,203,113,71,0,81,66,112,192,180,100,88,40,18,170,195,162,46,221,34,8,131,136,21,138,112,172
34,202,66,136,86,129,250,228,5,68,80,135,40,14,54,64,110,41,131,197,70,10,0,253,32,0,138,201,21,12,117,216
2,149,50,137,180,161,184,99,76,73,90,35,140,152,50,64,234,43,19,21,146,184,0,213,12,48,138,194,20,12,177,193
32,193,104,74,84,131,195,249,70,0,116,10,113,195,180,80,88,168,6,104,202,42,40,29,122,13,161,64,117,138,112,168
3,139,34,136,84,145,170,228,4,68,80,135,40,138,50,64,108,171,147,197,198,10,4,253,48,32,138,200,29,12,49,220
2,145,50,136,53,143,176,99,76,9,90,2,172,152,48,64,230,59,19,17,210,184,0,221,45,52,26,194,80,8,161,129
2,141,0,141,20,131,40,35,12,1,90,2,160,2,32,64,104,42,19,128,18,152,65,221,36,36,138,192,20,8,16,8
3,197,0,140,20,129,140,167,4,65,88,199,32,40,50,64,72,2,19,197,214,8,4,157,32,36,142,192,28,12,184,28
3,197,0,140,148,145,140,167,68,64,88,199,32,40,50,64,72,2,19,69,197,40,4,189,32,32,142,128,28,28,184,28
3,199,0,136,132,129,12,167,4,4,88,135,32,40,50,64,64,2,147,133,212,8,4,149,32,32,142,192,28,28,152,92
3,201,2,140,20,131,142,231,4,64,90,199,32,40,50,192,72,98,18,197,197,168,4,189,40,36,142,128,29,28,184,28
3,195,0,136,132,129,140,37,4,68,80,135,32,8,50,64,72,2,19,133,196,40,4,149,32,32,142,192,28,12,152,28
2,48,144,152,1,197,176,66,30,25,0,18,140,150,96,8,161,25,147,144,2,4,146,208,9,20,26,107,144,0,37,131
2,130,32,136,20,193,136,96,4,4,80,163,0,12,50,64,72,1,147,133,82,8,0,149,0,0,138,193,21,12,52,192
2,129,32,136,4,129,140,33,4,0,80,2,32,8,48,64,72,2,19,129,210,40,0,221,32,32,138,192,20,12,176,0
2,131,0,136,132,129,12,33,4,68,80,135,0,14,50,64,68,3,147,133,80,8,0,213,40,32,138,193,20,12,180,80
2,195,32,136,148,129,140,101,4,4,80,135,32,8,50,64,72,2,147,133,214,8,4,149,32,0,138,192,21,12,176,200
3,193,0,140,4,129,140,165,4,64,80,199,32,8,50,64,72,0,19,5,197,8,4,157,32,32,142,128,28,28,184,92
130,0,146,152,52,160,56,2,62,27,82,16,140,130,32,72,231,9,19,144,34,156,2,211,4,54,26,192,144,0,33,129
37,8,99,78,4,145,131,224,68,64,113,66,96,72,181,228,72,96,18,75,129,162,44,189,0,40,130,0,87,191,112,172
3,8,97,204,4,16,130,128,68,64,84,66,32,8,181,228,72,96,18,75,133,32,36,185,0,40,138,128,85,61,112,44
3,193,32,140,4,129,140,37,4,64,80,199,32,12,50,192,72,0,19,5,197,8,4,149,32,32,142,128,28,28,152,92
48,0,66,161,4,10,192,64,45,0,242,2,11,10,48,80,106,169,12,129,8,176,65,192,144,224,138,0,37,8,112,0
0,0,6,129,68,128,168,64,172,16,82,2,136,10,96,75,104,136,10,144,2,176,0,192,20,0,138,0,21,8,49,128
0,193,0,140,132,1,132,37,4,0,16,2,32,0,48,64,72,2,2,129,80,40,0,149,32,32,142,64,20,8,144,8
2,129,0,136,20,128,136,33,4,0,16,2,0,42,48,64,72,0,19,129,80,8,0,213,40,32,142,192,20,8,176,0
130,193,0,140,132,129,132,37,20,0,80,18,32,40,48,64,64,2,19,1,112,8,0,151,32,32,142,128,20,24,176,8
2,129,128,136,149,224,16,0,6,5,0,162,0,22,32,64,72,19,131,144,18,8,0,148,8,4,138,67,148,8,52,18
1,8,96,76,4,16,130,0,68,0,84,2,32,8,181,100,72,96,18,73,133,160,36,169,2,40,138,0,87,185,112,44
2,2,148,153,34,128,184,0,174,21,82,135,140,142,98,75,102,25,187,149,2,80,130,192,4,16,218,138,156,4,41,209
129,197,0,140,132,144,6,167,4,64,88,86,32,34,162,64,64,66,2,68,85,8,4,191,32,32,142,0,28,92,184,12
131,197,32,156,20,145,140,167,84,67,80,19,32,40,50,97,73,2,19,69,244,44,36,191,32,34,158,192,20,12,176,76
0,193,0,140,132,129,12,37,4,0,80,2,32,10,32,64,64,2,2,128,80,8,0,149,32,32,138,64,20,24,176,8
131,0,134,153,6,144,168,64,60,81,82,215,140,10,50,201,110,9,51,149,135,212,7,193,4,34,218,192,157,12,57,148
131,141,33,158,20,128,142,166,22,67,88,211,96,108,56,224,89,98,19,69,230,40,12,191,40,38,159,128,28,46,56,92
131,128,38,156,20,147,136,40,86,69,83,7,96,200,178,97,88,40,50,37,165,236,38,159,0,38,219,128,29,12,56,76
3,200,36,156,20,129,8,166,20,64,80,135,32,8,50,65,64,34,51,197,231,140,6,189,0,34,218,128,28,12,56,92
0,0,0,136,4,1,128,0,4,0,80,2,0,8,48,64,72,0,2,129,0,32,0,144,0,32,138,0,20,8,48,0
131,0,35,153,4,145,168,66,92,81,82,82,136,10,180,237,104,9,18,149,167,180,103,208,4,42,218,192,157,12,121,228
6,201,0,138,133,129,134,229,4,1,81,2,0,0,32,64,72,66,19,82,82,8,24,181,40,0,142,64,20,27,176,8
0,0,0,136,4,1,0,0,4,0,80,2,0,2,32,64,72,0,2,0,0,0,0,144,0,0,130,0,20,8,48,0
131,32,241,217,100,137,169,82,94,19,84,82,156,137,244,109,107,9,19,153,163,244,102,211,4,24,154,200,214,136,113,164
2,205,0,138,148,129,142,231,4,0,88,2,0,34,48,64,72,66,19,211,82,8,8,245,41,32,142,192,20,90,176,8
6,205,0,138,148,129,142,231,4,1,24,130,96,108,48,64,73,66,19,211,114,8,8,247,40,0,142,192,21,94,144,24
3,8,35,156,4,178,136,98,84,66,83,66,96,104,183,236,88,32,18,173,165,164,38,221,0,46,218,128,21,44,120,100
18,205,0,154,146,128,30,167,20,3,152,130,40,46,32,64,103,83,27,195,114,9,8,255,168,6,158,192,20,18,161,8
2,149,16,136,219,193,152,99,142,17,200,163,12,150,32,64,238,27,155,144,18,11,18,213,57,4,138,235,148,4,165,147
2,131,0,152,144,193,12,39,22,85,80,183,40,46,50,65,68,3,147,133,114,8,0,221,40,38,154,193,20,12,180,88
2,133,34,138,21,166,138,41,4,73,91,131,96,108,58,64,216,34,19,37,146,152,8,157,9,32,138,192,20,14,48,80
3,201,96,140,4,145,142,229,68,64,80,71,32,8,182,96,72,2,19,69,197,40,4,189,32,40,142,192,93,28,248,28
2,20,146,152,55,165,184,66,30,11,88,50,12,154,32,72,231,27,19,145,34,140,0,214,9,22,154,202,148,72,33,131
3,193,32,140,4,129,140,37,68,68,80,135,32,8,50,64,72,2,19,133,212,8,4,157,32,32,138,192,28,12,184,92
2,52,144,152,147,229,152,67,14,73,88,179,12,190,96,72,239,27,147,145,18,8,16,215,9,6,154,227,149,68,165,211
2,180,128,152,147,225,152,67,14,69,72,183,12,190,98,64,207,27,147,145,18,8,16,215,9,6,158,227,149,68,165,211
3,192,3,140,4,144,140,37,68,64,82,70,32,8,180,224,72,32,19,197,197,168,36,221,32,40,138,128,29,28,56,44
2,176,144,152,147,229,144,66,30,13,16,179,12,158,96,72,199,27,147,145,18,14,18,215,9,22,154,235,144,12,37,211
60,0,106,68,68,18,235,88,65,128,119,2,83,73,181,112,120,172,23,170,136,178,36,8,82,169,161,132,103,171,112,160
2,148,162,152,19,229,56,66,30,71,72,179,12,158,34,72,231,27,179,145,50,8,16,215,9,38,154,195,144,68,37,83
39,72,99,78,68,18,138,208,68,192,80,66,96,72,181,228,72,96,18,207,133,162,36,232,2,40,130,128,95,191,112,236
3,195,32,136,20,129,140,229,4,4,80,135,32,8,50,64,72,1,147,133,198,8,4,157,32,0,138,192,29,12,184,216
2,0,38,139,68,128,168,64,140,17,82,2,140,138,112,75,106,137,27,145,130,1,2,193,20,48,138,192,21,10,49,128
3,201,1,140,20,145,134,229,68,64,80,70,32,8,176,224,72,0,18,69,199,40,4,189,32,32,138,192,29,28,216,12
39,77,107,206,132,18,207,208,68,192,94,198,112,104,183,100,88,96,19,239,193,160,44,233,96,40,174,128,119,255,112,252
3,193,0,140,148,128,140,165,4,64,80,199,32,8,50,64,72,2,19,133,214,8,4,149,40,32,142,192,28,12,184,28
0,193,0,136,132,129,4,37,4,0,80,2,0,0,48,64,64,2,2,129,80,8,0,149,32,32,138,64,20,24,176,0
126,72,114,228,100,10,106,16,169,160,182,10,11,9,85,18,42,229,21,235,136,178,0,232,22,216,129,128,103,185,66,8
2,193,32,136,132,129,140,165,4,0,80,2,0,8,48,64,72,2,19,129,208,40,0,149,40,32,142,192,20,24,144,0
3,193,32,140,132,144,140,165,68,64,80,199,32,40,50,192,72,2,19,133,213,8,4,157,32,32,142,128,29,28,184,92
2,201,32,138,148,129,142,165,4,64,24,135,64,44,50,64,68,66,147,71,208,8,12,181,40,0,142,192,20,30,144,88
40,88,104,206,70,197,159,244,4,72,116,163,48,93,53,32,76,112,147,207,192,170,56,189,99,9,160,129,117,155,116,251
3,134,34,129,150,163,168,66,14,37,90,135,12,42,114,64,127,11,147,149,150,152,5,215,12,6,154,196,157,68,57,212
54,42,96,138,92,193,138,104,133,68,145,171,98,204,59,0,88,169,151,231,8,35,14,157,144,0,139,185,21,47,22,210
2,133,32,136,149,165,136,35,4,73,88,3,0,44,48,64,200,2,19,133,146,8,16,149,9,32,138,192,148,12,176,80
0,216,120,206,102,133,191,244,68,8,116,34,48,29,181,96,78,112,19,202,192,40,40,253,99,41,170,128,85,155,113,169
6,138,36,154,20,131,136,232,22,21,81,135,96,204,58,65,93,41,147,213,162,64,14,253,8,6,139,229,20,14,52,64
135,143,0,138,148,129,142,229,4,4,89,135,64,106,58,64,89,67,131,199,212,8,12,183,40,32,142,192,28,30,184,92
62,24,82,238,7,198,90,80,5,8,113,2,111,95,33,80,254,185,151,226,8,131,24,189,211,249,10,10,51,43,32,131
130,216,20,152,75,193,152,196,150,20,64,179,44,158,32,73,74,25,179,193,66,78,18,241,17,0,218,43,21,28,53,218
130,4,0,153,20,161,136,66,22,3,16,18,128,10,112,72,73,8,19,145,34,28,65,215,12,6,154,224,148,8,16,0
2,143,0,154,20,129,138,96,22,5,89,135,96,236,42,64,92,58,131,4,50,8,8,191,40,38,139,193,20,14,20,64
2,133,0,136,151,225,152,99,6,5,72,163,12,62,32,64,75,19,147,145,18,8,0,213,8,4,138,195,148,76,181,18
3,131,32,136,148,129,140,101,4,4,80,135,32,8,50,64,72,2,147,133,214,8,4,149,32,0,138,192,28,12,184,72
3,195,32,140,132,129,140,101,4,68,80,135,32,8,50,64,72,2,147,133,214,8,4,149,32,32,138,192,29,12,184,92
2,177,16,152,219,197,144,65,142,17,64,3,12,158,96,1,238,27,147,145,18,75,18,209,25,0,158,107,144,12,165,147
166,8,2,154,92,193,138,64,134,68,81,163,32,206,49,73,72,57,147,211,2,163,10,221,16,0,138,169,21,15,52,194
2,203,36,152,20,129,136,229,134,21,80,167,40,142,50,64,68,11,147,197,66,8,6,253,40,4,154,193,20,12,180,88
3,207,0,152,148,129,142,231,20,68,88,199,32,40,50,64,72,66,19,197,246,8,4,191,40,6,158,192,29,28,184,92
2,230,32,152,146,193,152,231,22,5,16,179,12,142,34,64,79,27,131,145,50,12,0,215,40,6,158,227,149,12,180,218
2,133,0,136,149,225,0,99,6,1,88,2,0,26,48,64,72,2,19,145,18,8,0,149,41,0,138,67,20,8,180,2
163,32,102,145,68,19,168,64,84,246,80,151,8,8,126,41,104,9,19,181,164,246,36,192,20,8,218,164,93,12,120,212
3,143,32,136,148,129,142,231,4,5,88,135,32,8,50,64,76,3,147,197,214,8,12,245,40,0,142,193,29,12,184,92
2,193,32,136,148,129,140,231,4,69,88,131,32,14,50,64,76,3,19,197,210,8,4,221,32,32,138,192,20,28,176,88
2,164,0,136,147,225,152,66,6,5,72,179,8,158,32,64,75,27,147,145,18,8,0,215,9,4,154,227,148,76,53,194
86,24,86,238,39,6,90,80,141,136,211,34,77,94,37,66,246,181,157,227,8,131,0,200,147,249,138,130,37,35,33,3
131,205,34,136,20,145,140,231,20,68,88,135,32,40,50,64,72,2,19,133,230,8,4,255,32,32,142,192,29,28,184,92
3,133,2,140,20,178,174,99,68,64,91,198,96,106,178,228,88,34,18,173,213,152,4,221,32,32,138,128,28,14,184,28
2,135,0,136,146,225,152,99,6,5,88,163,8,174,34,64,79,27,147,145,18,8,0,213,40,4,138,195,149,12,181,82
39,131,96,136,212,131,138,105,68,68,89,135,96,200,62,0,88,169,147,231,214,162,12,157,48,8,139,232,93,15,248,212
41,72,99,78,68,147,135,117,68,192,119,66,96,8,181,228,72,32,18,203,193,184,36,140,34,40,128,128,87,190,112,172
2,148,18,152,19,229,176,66,30,11,80,50,12,150,32,72,231,27,147,144,50,140,18,215,9,22,26,195,144,68,37,147
7,133,3,156,146,50,174,171,124,82,90,198,76,106,190,229,119,71,50,165,181,144,13,223,40,46,223,196,157,102,169,5
52,72,66,238,68,2,74,80,33,128,243,2,107,75,61,80,122,233,4,226,8,178,8,236,146,233,130,8,103,179,98,128
2,135,32,136,150,225,152,103,4,5,88,163,8,46,50,64,79,19,147,149,86,8,4,213,40,4,138,195,149,76,181,90
130,88,160,158,7,213,188,196,30,95,80,183,44,222,35,72,255,121,147,199,230,198,58,243,1,6,158,139,149,92,53,223
66,50,130,137,90,35,184,74,14,37,144,239,12,142,106,72,118,29,251,149,134,3,197,208,20,4,154,255,156,12,45,147
66,0,100,129,110,8,248,0,169,112,146,131,140,14,80,67,38,149,125,133,128,65,193,192,148,16,202,180,4,4,1,81
165,133,106,200,212,35,207,249,86,2,124,2,81,97,189,100,89,138,18,186,243,34,44,223,104,14,167,196,247,251,240,160
35,73,67,140,4,144,142,101,68,64,82,70,32,8,183,228,72,96,18,205,197,168,36,253,34,40,138,128,29,28,120,204
3,32,229,145,20,187,169,2,22,97,90,215,128,44,148,172,45,15,51,157,151,216,101,197,12,14,154,192,133,12,80,252
2,219,150,141,234,128,188,37,172,16,16,160,172,158,96,74,166,51,251,192,82,9,130,225,36,16,94,170,20,16,165,155
3,131,32,136,146,129,60,103,4,5,88,135,44,10,50,64,102,19,147,133,214,136,4,221,40,32,138,192,28,4,185,9
60,8,106,238,4,130,203,112,4,0,87,130,115,77,177,64,88,224,23,235,200,162,8,173,194,233,170,128,55,171,112,128
52,0,2,172,12,131,74,72,133,128,209,2,67,200,49,64,88,160,31,227,8,163,0,140,144,224,139,24,53,43,48,0
3,195,34,140,20,144,140,101,68,64,82,199,32,8,182,192,72,35,19,197,213,136,4,221,32,40,138,128,29,28,184,28
24,148,59,88,211,245,177,119,86,73,124,50,56,183,164,228,229,27,146,144,147,138,48,87,107,199,50,194,211,0,173,247
60,8,106,236,68,18,203,80,69,128,117,2,91,73,177,96,88,224,23,234,136,178,36,172,82,233,160,128,119,187,112,128
82,149,80,164,180,8,124,39,41,1,58,42,175,58,0,80,166,135,21,0,88,56,128,205,176,244,14,130,36,0,131,11
130,144,146,153,103,141,184,64,62,25,80,18,140,154,96,72,231,25,19,17,2,28,18,211,13,20,26,202,144,0,33,131
3,201,3,142,4,144,174,37,68,64,80,198,104,72,182,228,104,34,18,207,197,136,4,253,32,40,142,128,29,30,185,28
60,8,98,238,68,2,74,80,69,128,245,2,115,73,53,80,120,224,23,234,136,178,72,172,82,233,160,128,119,187,112,128
231,72,226,156,12,144,170,64,214,192,82,71,96,200,183,232,88,108,50,199,133,166,134,235,16,46,139,136,29,45,120,140
60,8,98,238,36,139,66,80,69,128,245,2,99,73,53,0,88,232,6,235,136,163,76,172,146,249,128,24,119,187,112,136
7,74,162,158,20,144,138,194,86,194,82,135,96,232,183,64,88,104,51,199,132,172,14,235,0,46,142,136,157,63,120,220
2,131,2,136,146,225,152,66,6,5,88,163,12,142,34,64,110,27,147,145,18,8,0,213,8,36,154,195,149,12,53,211
82,145,150,156,203,196,60,103,142,17,200,2,44,182,32,66,231,19,187,128,82,9,146,213,145,54,218,74,16,64,161,27
2,134,2,152,19,225,56,66,6,5,88,163,12,174,32,64,103,27,147,145,18,136,0,215,8,38,154,195,148,4,37,82
2,143,2,136,146,162,58,35,4,5,90,167,108,110,34,64,103,51,131,149,150,136,4,253,40,38,138,195,148,4,173,81
18,0,102,225,6,2,232,64,41,48,146,2,15,10,28,66,106,133,29,161,136,177,1,192,146,232,202,132,37,8,113,1
2,151,2,136,146,131,184,99,4,5,90,167,8,46,34,64,118,35,147,181,214,152,5,221,40,36,138,195,28,4,189,82
60,0,106,229,4,18,107,80,69,128,247,2,83,9,185,96,122,132,21,170,136,177,37,136,82,169,160,132,103,170,112,32
0,201,0,136,148,129,6,231,4,0,88,2,32,32,32,64,72,2,2,64,82,40,0,181,40,32,134,64,20,24,144,8
66,224,6,136,8,129,8,72,134,176,144,2,104,194,121,66,90,41,123,193,66,67,138,217,24,0,139,188,20,38,48,128
6,200,132,156,28,131,136,232,150,144,80,2,96,202,121,67,88,104,51,209,66,192,10,253,8,2,207,228,148,42,48,8
11,201,2,140,4,144,142,181,68,64,84,198,32,8,182,228,72,96,18,205,197,136,36,253,32,40,142,128,31,156,248,92
60,18,98,108,70,19,90,120,5,196,247,167,83,77,179,64,124,176,151,238,136,179,36,140,82,233,160,129,119,175,116,208
3,195,32,136,20,129,140,101,4,68,80,135,32,12,50,64,76,43,19,133,198,136,4,157,32,0,138,192,28,12,176,92
60,0,106,236,68,18,74,88,5,128,247,131,89,79,177,64,126,244,151,238,136,178,37,136,82,233,161,132,55,171,112,16
4,8,0,137,76,129,168,192,174,17,208,2,140,138,97,74,106,137,10,208,2,16,66,208,20,16,138,108,21,9,33,128
66,0,6,136,76,0,40,72,132,0,208,130,8,134,56,74,104,133,123,161,0,3,195,192,16,32,138,156,20,0,48,128
22,8,66,129,68,0,234,64,45,0,176,2,136,10,33,64,106,129,31,210,8,35,0,192,148,0,138,236,21,27,97,128
8,0,82,225,116,153,105,16,173,1,86,2,157,131,224,68,106,169,31,152,2,144,96,208,198,217,170,200,54,128,33,32
3,200,99,136,20,145,174,228,68,64,80,66,40,136,182,228,104,40,18,193,199,168,36,253,34,40,138,128,93,28,120,140
2,165,48,137,179,225,184,66,142,85,24,163,140,158,96,0,167,27,147,145,18,8,2,213,13,20,154,235,148,76,37,210
4,0,6,136,76,129,128,104,134,0,145,2,64,200,57,65,88,32,123,99,2,35,2,157,16,0,139,60,20,43,48,128
54,0,66,136,84,2,106,64,37,0,240,10,11,10,48,64,120,136,14,227,8,179,0,196,144,192,138,196,37,11,115,128
60,8,102,197,68,18,232,80,193,160,182,10,8,9,149,39,106,164,23,168,136,179,36,200,22,8,194,128,103,168,112,164
130,16,18,152,52,164,184,66,30,9,80,50,172,154,32,72,230,41,19,145,50,140,2,215,1,52,154,194,148,8,33,137
56,0,66,168,84,131,104,80,5,0,241,2,3,9,48,64,120,168,23,161,8,178,0,156,18,201,162,192,55,138,112,128
60,64,106,236,68,130,75,112,65,128,247,2,83,201,177,64,120,168,6,234,136,178,4,140,82,233,160,128,119,187,112,128
60,0,66,238,68,131,194,80,5,0,113,2,115,73,57,64,88,168,6,34,8,162,8,157,82,233,160,0,119,171,112,128
130,144,18,152,53,164,56,66,30,11,80,18,12,146,32,73,231,9,19,144,34,132,2,215,1,54,154,194,144,0,33,3
2,0,6,158,12,130,8,64,148,0,83,2,96,194,41,73,80,40,51,128,0,128,2,221,0,34,202,136,20,42,48,0
54,72,98,174,4,2,202,64,133,192,241,131,67,76,55,64,120,225,23,231,136,163,4,168,146,232,139,152,53,191,112,80
56,0,66,236,68,2,200,112,5,0,241,2,11,11,36,80,122,169,6,160,72,178,0,141,210,233,162,128,119,170,112,128
0,128,18,153,116,137,184,64,142,17,112,2,172,138,48,64,230,9,2,145,18,184,2,213,4,16,26,64,84,8,33,129
118,0,66,142,70,2,218,64,129,128,243,130,76,206,41,64,126,177,31,226,8,163,0,200,144,160,138,136,37,43,33,0
35,201,99,140,20,145,142,228,68,64,80,70,32,8,180,224,72,96,18,207,199,168,4,189,34,40,138,128,93,28,120,140
3,197,3,140,4,144,172,39,68,64,90,70,32,8,182,228,104,34,18,141,213,152,36,221,34,40,138,128,29,12,249,76
3,131,32,140,20,129,136,101,6,5,80,135,32,8,50,64,72,34,147,133,214,8,4,157,40,36,138,192,29,12,184,76
2,193,0,140,132,128,12,37,4,0,80,2,32,2,48,64,64,2,19,129,80,8,0,221,32,32,142,128,20,8,176,8
130,158,2,156,18,224,24,39,20,69,88,183,44,46,34,65,71,51,147,133,50,12,0,223,40,38,154,195,20,4,52,91
2,149,18,136,147,225,48,99,12,1,90,162,44,54,32,64,231,27,147,144,18,136,16,213,41,36,26,195,148,0,165,19
2,207,0,136,148,129,140,231,4,5,88,135,32,40,50,64,76,3,131,197,214,8,4,189,40,36,142,192,28,12,184,88
2,195,32,136,148,129,140,229,4,69,80,135,32,12,50,64,76,3,147,197,214,8,4,221,32,0,142,193,29,12,188,88
2,129,32,140,132,129,140,37,4,64,80,131,32,14,50,64,68,2,19,133,208,8,0,157,32,32,142,128,20,12,176,72
130,143,32,140,150,192,156,167,4,5,88,179,40,46,48,64,78,19,147,129,82,8,0,247,40,32,142,195,20,12,181,90
3,193,32,136,4,144,140,165,68,68,80,135,32,12,50,96,72,2,19,133,213,40,36,149,32,32,142,192,29,12,184,92
2,131,32,136,148,129,140,231,4,4,88,135,32,14,50,64,76,3,147,197,82,8,4,245,40,0,142,193,21,12,180,72
3,193,32,140,4,144,140,165,68,64,80,199,32,8,178,224,72,0,19,197,197,40,4,189,32,32,142,128,29,28,184,12
3,193,32,140,21,149,142,229,68,64,80,2,32,8,54,96,72,2,19,197,215,40,52,189,33,40,142,64,29,28,248,76
3,192,33,136,4,145,140,165,68,64,80,70,32,8,182,224,72,0,18,197,197,40,36,157,32,40,138,192,29,28,248,76
1,72,97,78,4,17,135,228,68,64,112,66,32,8,181,228,72,96,18,75,193,160,44,189,32,40,142,0,87,191,112,44
3,193,33,204,21,149,140,229,68,64,80,66,32,8,52,96,200,2,19,193,212,40,52,189,33,40,142,64,21,28,240,78
3,192,33,140,4,145,142,165,68,64,80,199,32,8,178,224,72,0,19,199,197,40,44,189,32,32,138,128,29,28,184,76
2,193,2,140,132,128,140,37,4,0,80,70,160,8,48,192,72,2,19,129,81,168,0,157,32,48,138,192,28,8,184,8
3,195,32,136,148,129,142,165,4,68,80,135,0,12,50,64,76,3,19,197,212,8,4,181,32,0,142,192,28,12,184,84
25,200,32,172,4,16,196,180,68,64,80,2,33,8,179,96,64,64,22,65,205,32,36,189,160,225,170,128,53,28,24,76
130,198,0,152,4,129,140,231,22,7,80,151,32,8,50,65,77,2,131,133,246,12,4,151,40,38,158,193,20,12,188,76
3,131,32,140,4,129,140,37,4,68,80,135,32,12,50,64,76,3,147,133,212,8,4,149,32,32,138,192,28,12,184,88
2,201,0,140,149,133,140,101,4,0,64,131,32,14,48,64,76,35,19,197,82,8,16,221,41,32,142,64,21,12,176,8
3,207,32,136,148,129,140,167,4,68,88,135,32,8,50,64,72,34,19,69,212,8,4,157,40,0,142,128,29,28,184,92
68,8,6,142,12,0,2,0,132,128,208,2,32,136,49,67,64,96,59,67,0,3,130,168,16,32,202,24,20,43,48,8
39,8,195,158,4,144,138,64,84,194,83,71,96,200,177,232,72,104,50,199,133,164,6,168,0,38,202,136,157,47,120,148
130,205,0,154,133,129,142,167,20,6,72,18,32,40,48,65,73,66,3,3,112,40,24,191,40,6,158,1,148,88,152,8
3,140,32,156,20,128,142,47,84,130,80,67,96,104,58,64,89,98,19,37,228,200,12,159,40,6,223,128,20,44,16,8
2,147,34,136,22,129,188,97,4,68,82,167,32,14,50,64,76,35,147,133,214,136,4,221,32,32,138,193,21,12,180,220
35,200,98,12,4,145,166,228,68,64,84,6,32,8,182,96,104,32,19,205,199,168,36,253,32,40,138,128,85,28,112,204
98,74,34,140,76,16,142,228,128,68,208,135,32,136,51,66,76,224,59,199,196,3,134,233,48,32,138,152,29,61,120,92
56,72,74,237,68,2,110,112,37,128,118,130,51,15,161,80,120,164,23,234,72,178,0,44,114,233,160,128,115,187,112,136
2,128,18,153,102,129,184,64,142,16,80,2,172,138,32,73,230,57,19,145,2,16,2,209,4,16,154,170,20,8,33,137
39,8,98,206,68,147,235,80,69,0,117,2,104,73,181,228,126,160,19,170,129,162,36,204,2,40,130,128,119,171,112,164
2,177,18,152,91,229,16,66,142,17,200,2,44,150,32,64,238,59,147,144,18,11,18,213,17,0,26,123,17,8,37,147
2,193,32,136,132,1,140,133,4,64,80,131,0,12,50,96,72,0,19,133,192,40,4,144,32,0,142,128,21,28,176,92
82,0,34,140,70,0,168,64,237,128,211,2,172,202,49,64,122,161,31,227,128,131,4,204,144,48,138,136,20,42,49,0
2,0,50,136,100,129,168,64,204,17,80,2,140,138,116,72,234,9,19,145,130,32,6,209,4,24,138,232,20,12,49,193
98,0,10,136,76,129,128,64,4,1,210,2,32,128,48,64,104,168,10,1,2,155,65,149,16,32,138,136,20,8,48,128
41,128,106,201,68,19,225,80,68,96,244,2,17,9,182,36,120,136,18,169,128,178,37,213,86,9,162,196,119,136,112,224
2,65,0,136,4,129,140,69,4,0,80,2,0,10,48,64,72,3,19,129,2,0,0,149,32,32,138,192,20,24,176,0
3,193,32,136,20,129,140,101,4,65,80,135,32,136,50,64,72,42,19,197,198,8,4,157,32,32,138,192,29,28,184,28
35,9,64,138,84,145,138,96,68,64,81,199,40,200,183,96,76,169,19,199,199,170,12,253,16,8,138,136,29,15,56,156
3,145,50,136,151,133,184,99,76,72,88,3,12,158,38,96,238,27,147,145,214,184,16,213,45,24,138,194,21,12,181,199
32,193,72,106,84,131,67,120,6,0,117,10,113,193,168,80,88,168,2,104,66,170,8,29,122,141,161,0,117,138,112,168
3,193,0,140,20,129,140,167,6,65,88,199,32,40,50,64,72,2,19,197,214,8,4,157,32,36,138,192,28,12,184,28
0,129,50,136,53,143,184,99,76,9,90,2,172,136,48,64,230,43,19,17,146,184,0,221,45,52,18,66,80,8,161,137
0,141,0,141,20,139,40,35,4,1,90,2,160,2,32,64,104,42,19,128,18,152,65,157,44,36,138,64,20,8,144,8
3,193,0,140,148,145,140,167,68,64,88,199,32,40,50,64,72,2,19,197,197,40,4,189,32,32,142,128,28,28,184,28
2,195,2,140,148,128,172,231,6,5,90,135,40,138,50,64,68,43,131,197,82,136,0,221,40,36,142,201,20,12,180,72
3,199,0,140,132,129,140,167,4,68,88,135,32,40,50,64,64,2,147,133,212,8,4,149,40,32,142,192,28,28,184,92
3,201,2,140,20,147,142,231,4,64,90,199,32,40,178,192,72,98,18,197,197,136,4,189,32,36,142,128,28,28,184,28
3,193,0,136,4,129,140,165,4,64,80,199,32,8,50,64,72,0,19,133,196,40,4,149,32,32,142,192,28,28,152,28
60,0,98,100,68,2,66,88,65,128,245,10,67,73,156,16,120,196,4,106,136,179,73,136,18,232,129,20,103,171,114,0
2,32,112,137,102,129,184,64,78,0,112,2,140,8,116,0,202,9,19,129,130,50,64,208,4,24,138,168,85,8,113,128
3,195,32,136,20,129,12,165,4,69,80,135,32,8,50,64,72,2,19,133,214,8,4,149,40,32,142,192,28,12,152,88
34,72,98,204,68,129,138,228,68,0,80,2,32,8,53,64,72,32,19,195,192,162,4,253,32,40,138,128,85,25,112,136
3,193,32,140,20,145,140,229,68,64,80,199,32,8,50,64,72,0,19,69,214,40,4,157,32,32,138,192,29,12,152,92
2,193,34,136,4,128,140,101,4,0,80,2,32,8,48,64,72,2,19,129,210,168,0,213,32,32,138,192,21,12,240,0
2,147,0,136,144,129,28,33,4,4,80,167,8,38,48,64,68,19,147,133,80,8,0,213,40,32,138,193,20,12,180,80
2,195,32,136,148,129,140,101,4,4,80,135,32,8,50,64,72,2,147,133,214,8,4,149,32,0,138,192,21,12,180,200
130,0,146,152,52,160,56,2,62,27,82,16,140,130,32,72,227,9,19,16,34,156,2,211,4,54,26,192,144,0,33,129
33,72,97,206,68,145,130,224,68,64,80,66,32,8,181,228,72,96,18,75,197,160,44,189,32,40,138,0,93,31,112,236
2,193,0,136,132,129,12,37,4,0,80,2,32,10,48,64,64,2,19,129,80,8,0,149,32,32,142,192,20,8,176,8
3,129,32,140,148,129,140,37,4,64,80,135,32,14,50,64,76,3,147,133,212,8,4,149,32,32,138,192,28,12,184,80
3,193,32,140,148,145,140,37,68,64,80,7,32,10,182,96,72,2,18,133,212,8,36,149,32,40,142,192,20,12,176,76
128,0,6,145,68,128,168,64,172,16,82,18,136,138,96,75,104,41,2,144,2,144,66,208,4,0,154,64,21,8,33,128
0,193,1,140,132,129,132,101,4,0,80,66,32,8,32,64,72,2,2,0,80,40,0,149,32,32,142,64,20,8,144,8
2,143,32,138,148,161,154,231,6,5,88,167,32,46,50,64,77,3,131,149,150,8,12,245,40,4,138,193,21,14,180,92
2,129,0,140,4,128,136,33,4,0,16,2,0,10,48,64,72,0,19,129,80,8,0,149,8,32,142,192,20,8,176,0
130,197,0,156,132,129,132,167,20,2,88,18,32,8,48,64,72,2,19,1,112,44,0,151,32,32,142,192,20,8,176,8
0,48,144,136,23,192,16,2,6,1,8,162,0,156,96,64,72,25,131,17,2,8,144,128,9,4,138,67,148,8,52,18
2,149,33,136,147,225,153,99,6,69,72,167,12,62,34,68,79,19,147,145,23,8,52,215,41,4,154,195,157,76,181,118
3,193,32,140,4,145,140,37,68,68,80,135,32,12,50,64,72,0,19,133,212,8,36,149,32,32,138,192,20,12,176,92
131,197,32,156,20,145,140,231,84,67,80,19,32,40,50,97,73,2,19,5,244,44,36,191,33,38,222,192,20,12,176,76
3,193,32,136,4,129,140,165,4,64,80,131,32,12,50,96,72,0,19,133,212,8,4,149,32,32,142,192,20,12,176,92
0,193,0,140,132,129,12,37,4,0,80,2,32,10,32,64,64,2,2,128,80,8,0,157,32,32,142,64,20,8,176,8
131,205,0,158,148,128,142,167,20,67,88,86,32,40,50,192,65,66,19,67,245,12,8,191,40,38,158,128,28,88,184,8
129,205,0,140,132,144,142,167,68,64,88,86,32,40,162,224,72,66,2,70,245,40,36,191,32,32,142,0,28,92,184,76
131,140,32,158,20,128,138,160,22,67,80,211,96,108,56,224,89,98,19,133,230,76,12,191,40,38,159,128,28,44,56,92
131,128,39,158,20,147,136,40,86,64,83,87,96,232,178,97,88,40,51,37,164,236,38,159,0,38,219,128,21,44,48,76
131,0,39,153,68,145,168,64,84,83,82,86,136,8,182,233,105,9,18,149,135,244,101,209,4,42,218,192,157,12,121,228
6,201,0,138,149,129,134,229,20,1,80,2,64,0,48,64,72,66,19,83,82,40,24,181,41,0,142,64,148,26,176,136
3,136,38,156,4,144,138,162,84,66,80,7,32,40,178,225,72,32,51,199,165,140,38,189,0,38,218,128,28,13,56,76
0,0,0,136,4,1,136,0,4,0,80,2,0,8,32,64,72,0,2,0,0,32,0,144,0,0,138,0,20,8,48,0
130,205,4,138,149,129,14,231,132,17,88,2,32,42,48,64,73,67,19,211,82,8,24,247,41,0,142,64,20,90,176,8
3,8,35,156,20,178,136,34,84,67,90,82,64,168,182,236,88,36,18,173,181,176,36,205,0,46,218,128,149,108,120,100
18,205,0,154,146,128,30,167,20,1,152,130,104,110,48,65,103,83,159,195,120,9,8,255,168,6,158,192,20,6,161,24
6,90,18,152,78,192,186,192,128,144,80,163,8,222,97,75,110,121,147,195,0,3,130,224,16,0,202,171,21,61,53,147
2,149,16,136,219,225,144,99,142,9,200,34,12,150,32,64,230,27,155,144,18,11,18,213,57,4,138,203,144,0,165,147
34,216,81,136,114,133,146,244,13,8,112,106,44,30,32,208,206,25,151,66,67,10,0,253,49,16,8,186,80,24,36,139
3,203,0,152,20,129,136,231,22,69,80,135,32,8,50,64,72,3,19,197,230,12,4,191,32,38,154,192,28,12,184,92
2,147,4,152,146,192,28,39,22,85,80,183,40,142,34,64,69,19,179,133,114,8,2,213,40,38,158,195,20,12,180,91
3,193,32,140,4,145,140,229,68,64,80,71,32,8,182,224,72,34,18,69,213,40,36,157,32,40,138,128,29,12,184,76
2,148,144,152,147,229,184,67,14,73,72,179,12,190,96,64,231,27,147,145,18,8,16,215,9,6,154,227,149,68,165,83
1,72,99,204,4,2,171,80,68,0,86,2,48,1,181,100,104,96,18,202,129,160,36,233,64,40,170,128,23,185,112,172
2,48,144,145,106,137,184,64,142,25,16,32,140,158,96,10,134,25,147,17,2,0,130,208,12,16,26,234,148,0,1,129
60,0,106,100,68,18,235,80,65,160,119,2,83,9,181,48,120,172,23,170,136,178,36,136,86,233,161,132,103,171,114,160
2,148,178,152,19,228,56,66,30,83,72,179,12,190,32,72,231,27,147,145,50,140,18,215,9,54,154,195,144,68,37,83
2,131,32,136,148,193,136,101,4,5,80,163,0,14,50,64,76,19,147,133,82,8,4,213,32,0,138,193,21,12,180,64
35,201,98,140,4,16,142,229,68,64,80,199,32,8,182,192,72,97,19,197,197,168,4,253,32,40,142,128,93,28,248,220
2,0,38,139,76,128,168,64,140,17,83,2,140,138,120,74,106,1,27,145,130,16,66,208,4,48,138,200,21,10,49,128
3,193,0,140,20,145,140,229,68,64,80,199,32,8,178,192,72,2,19,197,199,40,4,189,32,32,138,192,29,12,184,28
39,73,106,206,68,18,207,240,68,192,94,134,113,109,183,100,88,96,19,239,193,160,44,168,96,40,167,128,117,251,112,252
3,193,0,140,20,145,140,229,68,64,80,199,32,8,182,224,72,2,18,197,199,40,4,157,40,40,142,192,29,28,248,28
0,129,0,136,132,129,4,37,4,0,80,2,0,0,32,64,64,2,2,128,80,8,0,149,32,32,130,64,20,8,176,0
62,72,114,229,68,26,106,20,97,160,182,10,11,9,149,16,106,228,21,234,136,178,100,200,118,216,132,128,103,185,82,8
2,193,0,136,132,129,140,165,4,0,80,2,0,8,48,64,72,2,19,193,80,8,0,181,32,32,142,192,20,24,176,8
3,193,32,140,132,145,140,229,68,64,80,198,32,8,182,224,72,2,18,197,197,40,36,157,32,40,142,128,29,28,248,76
2,205,32,138,148,129,142,167,4,65,89,135,32,46,50,64,68,67,147,199,208,8,12,181,40,0,142,192,20,30,176,88
54,104,96,174,79,193,154,232,133,68,145,171,99,204,53,0,90,185,151,227,72,35,12,189,145,64,137,187,117,63,54,210
2,132,0,152,52,161,136,66,22,75,88,147,136,14,48,64,205,27,19,149,50,12,0,215,8,22,154,192,148,76,48,64
1,216,122,204,102,133,191,244,76,8,116,34,48,29,181,96,78,112,19,202,193,40,32,253,99,41,170,128,85,153,113,169
6,130,36,154,28,129,136,232,22,21,81,163,96,206,58,64,92,41,163,215,2,64,14,253,8,2,139,229,20,15,52,64
130,132,0,153,20,161,136,2,22,1,80,18,128,10,32,72,73,11,19,144,34,12,65,215,12,22,154,192,148,8,48,0
130,143,0,138,148,129,142,229,4,4,89,151,96,106,58,64,93,67,131,199,246,8,12,183,40,36,142,193,28,30,184,88
62,24,82,238,7,134,90,80,5,8,117,2,111,95,33,80,254,185,151,226,8,131,24,173,211,233,162,138,51,59,32,3
130,216,20,152,75,193,148,196,142,17,64,19,44,158,96,73,204,25,147,193,66,15,18,241,17,0,218,43,21,28,165,218
130,142,0,154,16,195,26,224,22,5,81,179,96,198,32,64,92,51,131,208,34,8,8,191,8,6,139,193,20,15,52,80
2,135,32,136,150,225,152,99,6,5,88,163,8,46,34,64,78,19,147,145,18,8,0,213,40,4,138,195,148,12,180,82
3,193,0,136,4,129,140,101,4,64,80,135,32,8,50,64,72,2,19,133,214,40,4,157,32,32,142,128,29,28,184,92
3,193,32,140,4,145,142,165,68,64,80,199,32,8,182,192,72,0,19,199,197,40,4,189,32,40,142,128,29,28,248,92
163,34,34,153,84,131,168,64,84,1,80,23,0,136,54,9,88,8,19,53,166,182,68,210,0,8,154,228,93,12,120,132
38,8,6,154,77,193,154,64,132,4,209,163,40,222,49,73,74,57,147,227,2,131,26,253,17,0,138,187,21,15,52,146
131,205,0,158,20,145,142,231,86,64,88,199,32,40,178,192,72,34,19,197,231,40,12,191,40,6,158,192,29,12,248,28
130,166,128,152,147,193,152,71,22,5,80,179,8,142,98,64,75,27,147,145,50,12,2,215,40,6,158,227,148,12,165,210
2,133,0,136,149,225,144,99,6,9,88,34,0,24,32,64,73,10,147,145,18,40,0,149,41,4,138,67,148,8,180,2
131,0,96,145,70,145,168,66,94,115,80,215,136,8,246,41,107,9,19,149,166,244,36,210,4,26,218,224,157,12,121,196
161,4,99,76,20,147,128,98,84,64,82,82,96,8,180,228,88,32,18,45,165,188,37,159,0,46,130,0,87,140,112,236
2,135,32,136,146,225,152,99,6,5,88,179,8,174,34,64,79,27,131,149,18,8,0,215,40,6,158,195,149,76,181,195
130,193,32,136,148,193,140,231,4,64,88,147,32,12,50,64,72,2,19,197,242,8,4,221,32,32,142,192,20,28,176,72
82,18,134,129,78,64,184,64,140,116,18,163,12,14,120,75,110,149,187,161,0,1,7,192,20,0,218,143,5,4,53,211
2,135,32,136,150,161,152,103,6,5,88,163,8,46,50,64,76,11,131,149,18,8,0,213,40,4,138,193,148,12,180,192
131,207,32,156,20,129,140,231,20,68,88,151,32,46,50,65,76,35,147,133,230,12,4,223,32,36,142,128,28,76,180,92
11,65,67,205,4,18,237,117,101,64,82,66,48,2,181,228,104,36,18,168,193,184,37,204,36,40,162,128,39,188,240,44
131,141,34,156,20,145,140,39,84,66,88,215,32,40,182,225,72,35,19,133,229,172,4,255,32,42,154,128,29,76,120,92
2,131,32,136,148,145,140,101,4,69,80,135,32,12,50,64,76,3,147,133,214,8,4,221,32,32,138,193,29,12,184,92
2,148,18,152,147,229,56,66,30,11,72,18,12,158,32,64,231,27,147,145,50,140,16,215,9,22,26,67,144,64,37,147
60,193,106,78,68,18,231,252,69,0,127,2,115,73,188,100,120,192,6,234,200,178,44,173,114,233,160,0,119,187,240,160
66,50,146,136,122,131,184,72,142,165,153,231,12,142,106,72,118,29,251,181,134,3,131,208,24,4,139,254,156,6,45,17
2,48,176,152,59,229,184,66,30,91,88,51,140,158,98,72,197,27,179,17,18,68,146,208,13,22,218,235,144,68,5,211
2,135,34,136,147,225,152,103,6,5,88,179,12,46,34,64,111,19,147,145,50,136,0,215,40,36,138,195,149,76,181,82
37,133,99,200,212,35,203,251,86,226,125,82,80,97,189,101,89,8,18,184,177,160,44,222,40,14,167,196,215,232,112,164
3,201,66,140,4,144,140,101,68,64,82,198,32,8,182,228,72,35,18,205,197,168,4,253,32,40,142,128,29,28,248,156
3,160,229,129,20,187,169,2,94,97,90,214,144,12,148,172,45,14,51,157,147,216,101,197,12,14,154,192,133,12,81,252
114,0,66,164,4,2,72,64,5,128,146,2,75,10,57,64,120,165,29,161,8,163,1,200,144,224,138,148,37,170,112,0
60,8,106,238,68,18,66,80,69,128,117,2,83,73,177,112,120,232,23,234,136,178,36,172,82,233,160,8,119,187,112,128
3,34,208,145,110,153,184,2,238,81,16,197,140,136,214,136,166,9,206,21,135,40,198,209,4,28,26,232,220,12,25,213
130,144,146,153,23,229,184,66,30,3,64,18,140,158,96,72,231,25,147,144,18,156,18,215,13,20,26,66,144,0,33,146
39,72,226,28,12,144,138,64,214,192,90,71,96,200,183,224,88,104,50,199,135,166,166,235,0,46,139,136,93,47,120,196
3,193,99,140,4,18,175,181,68,64,82,198,112,12,180,228,124,100,18,237,197,152,37,205,32,40,142,128,31,188,240,124
60,72,98,110,36,139,202,112,69,128,241,2,107,73,53,32,122,224,6,99,200,163,12,173,146,249,160,24,119,187,112,132
37,5,99,78,148,51,166,121,68,192,121,66,64,104,189,164,88,96,18,107,149,176,44,140,32,46,135,4,215,254,112,228
82,145,146,152,203,164,60,103,142,25,8,2,44,182,32,66,230,19,187,128,18,11,18,209,185,52,218,74,144,64,161,27
58,0,102,225,6,2,232,80,97,32,178,2,11,9,60,66,122,133,21,161,136,177,1,200,146,233,170,132,103,168,112,0
2,159,2,136,146,162,186,99,4,5,90,167,12,110,34,64,126,35,147,149,150,136,4,221,40,36,138,195,20,4,189,81
61,72,122,110,102,146,219,112,69,0,117,2,123,73,181,96,122,224,22,234,205,178,44,189,98,233,160,128,119,187,112,169
53,8,107,207,4,2,107,80,69,192,87,66,81,65,181,100,120,228,22,234,137,176,37,136,82,168,162,128,39,171,112,32
0,201,0,140,132,129,14,165,4,0,80,2,32,34,32,64,64,2,2,192,80,8,0,181,40,32,142,64,20,24,176,8
58,80,114,108,70,131,90,120,5,128,245,171,107,77,53,20,94,176,151,226,200,163,4,157,210,233,129,152,119,175,116,145
6,232,132,158,12,129,136,232,150,176,80,2,96,202,121,66,88,104,59,209,66,67,138,221,8,2,207,172,20,42,48,8
3,203,2,140,20,144,140,165,68,64,84,199,32,8,182,228,72,34,18,205,197,136,4,253,32,40,142,128,31,28,184,92
3,195,1,140,4,145,140,165,4,64,80,199,32,12,178,228,76,35,19,205,197,8,4,221,32,32,142,128,28,28,184,92
2,201,32,136,148,129,140,229,4,0,80,130,32,44,48,64,72,34,19,193,210,8,4,189,40,32,142,192,20,12,144,8
2,135,2,137,146,131,184,103,14,5,90,167,172,14,50,64,110,11,131,149,22,152,4,213,44,4,138,195,21,12,189,217
56,0,98,172,4,3,74,120,69,68,242,143,67,13,54,80,124,140,151,165,140,179,5,140,146,233,160,128,119,174,116,208
2,32,144,145,74,128,184,0,172,17,16,131,140,134,64,74,110,25,187,148,2,16,194,192,4,16,154,232,132,4,33,145
3,195,34,136,20,129,140,101,4,68,80,135,32,12,50,64,76,42,19,133,198,136,4,157,32,0,138,192,28,12,176,92
6,104,80,129,108,129,232,64,173,16,144,2,140,138,113,74,106,169,31,209,2,16,64,208,4,16,138,232,20,25,49,136
60,0,106,236,68,18,74,88,5,128,247,131,91,79,177,64,126,180,151,238,136,179,37,136,210,233,161,132,55,175,112,80
39,10,99,206,68,130,171,112,68,196,83,198,112,72,181,100,120,96,18,239,129,176,36,236,0,40,162,128,93,187,112,228
3,200,99,136,20,145,166,228,68,64,80,70,32,136,182,228,104,40,18,193,199,168,36,253,32,40,138,128,93,28,120,204
54,72,98,224,68,0,234,64,41,0,240,2,11,10,53,64,106,129,23,227,136,179,0,192,146,200,138,196,53,153,98,128
3,131,32,136,148,145,140,37,4,68,80,135,40,12,50,64,76,3,147,133,214,8,4,213,40,32,142,192,29,12,184,92
58,0,98,172,4,3,202,88,69,192,240,11,3,9,55,32,88,164,23,231,136,179,4,140,146,233,160,144,119,175,112,196
102,0,6,136,12,3,136,72,132,0,145,2,64,202,49,64,88,32,123,227,0,3,2,156,16,0,139,188,20,43,48,128
36,8,106,78,68,147,195,80,69,128,117,2,113,73,181,32,88,224,18,106,128,162,44,184,82,9,161,128,117,171,112,160
60,64,98,232,84,2,74,80,65,0,242,10,11,11,53,16,120,136,23,227,136,179,0,204,146,233,162,132,103,187,112,128
51,8,98,196,68,18,232,64,65,224,182,2,10,8,181,38,104,228,23,233,141,179,37,200,18,8,130,128,103,172,112,172
130,0,18,153,36,128,184,64,30,25,80,18,172,138,48,72,226,41,19,145,2,144,2,209,4,48,154,138,20,8,33,129
46,8,106,202,68,147,203,80,69,0,117,2,121,73,181,100,88,168,19,170,128,178,36,220,66,9,162,128,119,171,112,160
2,149,6,152,155,225,184,99,140,85,72,179,44,190,34,65,239,19,147,145,18,136,18,213,9,6,154,195,149,4,165,210
60,0,66,238,68,131,194,112,5,0,117,2,115,73,57,64,88,168,6,106,8,162,8,157,82,201,160,8,119,171,112,128
130,148,18,152,23,164,56,66,30,11,66,18,12,150,32,72,231,25,19,144,34,140,18,215,9,54,154,66,144,0,33,131
6,0,6,158,12,130,168,72,132,1,83,2,64,194,40,72,88,40,51,130,0,144,2,204,0,34,202,136,20,11,48,128
54,72,98,140,12,130,202,64,133,192,241,131,67,204,53,96,120,225,31,231,136,35,4,200,144,104,139,152,53,63,112,68
56,0,66,236,68,130,232,112,5,0,117,2,123,75,32,64,120,168,6,170,72,178,0,141,82,233,162,128,119,170,112,128
0,128,18,153,116,129,184,64,30,25,80,16,172,138,48,64,226,9,2,145,18,184,2,213,4,16,26,66,16,8,33,129
2,148,18,136,19,225,152,98,4,1,88,162,40,30,32,64,107,27,147,144,18,136,16,215,8,4,154,195,148,72,37,18
54,8,66,238,70,130,74,80,129,128,241,130,75,206,53,80,126,241,23,226,8,163,8,236,146,233,138,136,53,187,96,0
35,200,99,204,84,145,134,228,68,64,112,70,32,8,181,228,72,104,18,203,197,170,36,189,34,40,130,128,95,157,120,172
35,73,99,76,4,144,173,117,68,64,86,66,40,8,180,228,106,34,18,201,197,184,36,237,38,40,130,128,87,156,240,236
2,131,32,140,20,129,136,101,6,5,80,135,32,8,50,64,72,42,147,133,214,136,4,157,32,36,138,192,29,12,184,76
130,158,6,156,19,224,56,39,20,71,82,179,44,46,34,65,103,51,147,129,50,140,2,223,8,38,154,195,20,4,37,91
2,193,0,140,132,129,140,37,4,0,80,2,32,8,48,64,72,2,19,129,80,40,0,157,32,32,142,192,20,8,176,8
2,207,0,136,148,129,140,231,6,5,88,135,32,40,50,64,76,35,131,197,214,8,4,157,40,36,142,192,28,12,184,88
2,151,32,136,146,129,156,103,6,5,88,167,40,46,50,64,78,27,131,133,82,8,0,221,40,36,142,195,21,12,181,219
2,129,32,140,132,128,140,37,4,64,80,131,32,46,48,64,68,3,19,133,208,8,0,221,32,32,138,128,20,12,176,72
2,151,0,136,146,193,60,103,4,5,88,167,44,38,32,64,102,19,147,129,82,136,0,213,40,32,138,195,20,4,165,91
130,143,32,136,148,193,156,231,4,5,88,163,40,46,50,64,76,19,147,197,82,8,4,255,40,32,142,193,20,12,180,88
3,193,32,140,148,145,140,165,68,64,80,199,32,8,50,224,72,2,19,197,197,8,4,189,32,32,142,192,28,28,184,92
3,193,32,136,4,144,140,37,68,68,80,135,32,12,50,96,72,2,19,133,213,40,36,149,32,32,138,192,29,12,184,92
2,133,0,136,151,225,156,231,6,5,88,163,8,46,48,64,72,19,147,145,82,8,0,213,40,4,138,193,20,12,180,66
3,193,33,136,149,149,140,229,68,73,80,71,32,12,54,96,200,2,19,197,214,40,52,221,41,40,142,192,21,12,240,76
3,200,32,140,4,145,142,165,68,64,80,199,32,8,178,224,72,0,19,199,197,40,4,189,32,32,138,128,29,28,184,92
2,131,2,140,148,128,140,39,4,0,90,6,160,42,50,64,72,35,19,129,80,136,0,221,32,32,138,192,28,8,184,8
3,201,32,136,148,129,142,165,4,68,80,199,0,12,50,64,76,3,19,197,212,8,4,181,32,0,142,192,28,12,184,92
27,72,96,204,4,16,194,164,69,64,208,2,35,8,183,100,72,224,20,65,205,32,36,189,160,233,138,144,53,29,112,12
3,198,0,156,20,145,140,166,22,70,80,199,32,8,50,64,77,2,131,133,230,12,4,191,32,38,154,128,28,28,56,92
3,131,32,136,132,129,140,37,4,68,80,135,32,12,50,64,76,3,147,133,212,8,4,149,32,32,138,192,28,12,176,88
2,201,0,140,21,133,140,101,4,0,64,130,32,14,48,64,72,35,19,129,66,8,16,221,33,32,138,64,21,12,176,8
3,207,32,140,132,129,140,167,4,68,88,135,32,40,50,64,72,34,19,69,212,8,4,189,32,0,142,128,29,28,184,92
68,8,6,142,76,0,130,0,132,128,208,2,32,136,49,67,72,96,123,67,0,35,130,168,16,32,202,24,21,43,48,8
39,8,194,158,12,144,138,64,68,192,83,71,96,200,179,232,72,104,50,199,133,160,6,168,0,32,202,136,157,47,120,132
2,193,0,140,132,129,140,37,4,0,80,2,32,8,48,64,72,2,19,129,80,40,0,149,32,0,142,192,20,8,176,8
130,141,32,158,149,129,142,167,20,7,72,18,96,40,48,65,73,98,3,131,112,8,24,191,40,38,222,1,148,88,184,8
2,140,160,158,20,128,142,47,84,130,80,19,96,104,56,96,89,98,19,165,224,200,12,175,40,38,223,128,28,44,56,12
35,200,98,140,4,145,174,228,68,64,80,7,32,8,182,96,104,32,19,197,199,168,36,253,32,40,138,128,85,28,112,204
2,145,18,152,91,229,16,66,142,17,72,2,44,150,96,64,236,59,147,144,18,11,18,213,25,0,154,107,16,8,37,146
2,128,18,137,70,129,184,64,140,0,80,2,172,138,48,64,106,9,19,129,2,49,0,213,20,48,138,128,20,8,33,128
58,0,98,204,68,3,200,80,5,0,117,2,73,73,180,68,88,168,23,168,136,178,0,220,82,104,128,128,119,170,112,128
3,193,32,138,132,1,140,165,4,64,16,131,0,12,50,96,72,2,19,133,212,40,4,144,32,0,142,128,21,30,176,92
2,0,50,136,102,128,184,64,172,0,210,2,140,138,113,74,230,49,59,145,128,129,2,192,20,32,138,138,4,0,33,129
39,0,99,200,84,147,201,104,69,64,113,198,64,204,188,164,88,168,22,175,153,178,36,156,16,8,139,204,87,174,112,244
3,131,34,136,20,129,140,101,4,4,80,135,32,136,50,64,76,11,147,133,214,136,4,221,32,32,138,128,28,12,184,216
2,192,0,136,4,129,140,37,4,0,80,2,32,8,48,64,72,0,19,129,0,32,0,149,32,0,138,128,20,8,176,0
35,8,64,138,84,145,138,224,68,64,80,199,40,200,183,96,76,169,19,199,199,42,12,253,16,8,138,136,29,15,120,220
3,149,50,136,183,165,184,99,76,73,88,35,140,158,54,96,238,27,147,129,150,184,16,213,41,24,138,194,20,12,177,199
32,193,72,104,84,131,67,120,6,0,117,2,113,193,168,16,88,168,2,40,66,162,8,29,114,141,161,0,117,138,112,168
3,131,32,136,20,129,12,101,6,5,80,135,32,8,50,64,72,11,147,133,214,8,4,221,32,36,138,192,28,12,184,72
2,145,50,136,19,135,184,97,76,1,96,2,44,158,36,64,238,59,147,129,82,184,16,221,41,60,10,66,81,8,161,130
2,141,2,137,20,171,168,35,12,1,90,2,160,8,48,64,104,42,2,1,18,184,65,221,4,52,138,192,20,8,145,8
2,131,2,136,148,128,156,103,6,5,88,135,40,138,50,64,68,43,131,133,82,136,0,213,40,36,142,201,20,12,180,72
3,193,0,140,132,145,140,167,68,64,88,199,32,40,50,192,72,2,19,197,197,40,4,189,32,32,142,128,28,28,184,92
2,135,32,136,148,161,136,99,6,5,88,163,0,46,50,64,72,3,131,149,18,8,0,213,40,4,138,193,148,12,180,64
3,201,99,12,4,144,142,164,68,64,84,198,32,72,183,228,72,96,18,207,197,32,36,253,32,40,142,128,29,189,120,108
3,195,32,140,148,129,140,37,4,4,80,135,32,42,50,64,72,3,147,133,212,8,4,149,40,32,142,192,20,12,176,92
34,192,98,140,4,129,140,229,68,64,80,2,32,8,52,96,72,32,19,193,192,40,4,253,32,40,138,128,21,28,240,12
2,131,32,136,148,129,140,101,6,5,80,135,32,14,50,64,76,3,147,133,214,8,4,149,40,32,138,193,20,12,180,88
2,147,0,136,144,193,12,33,4,68,80,167,8,6,48,64,68,19,147,133,80,8,0,213,40,32,138,193,20,12,180,80
2,133,34,136,20,129,136,99,4,1,88,2,32,10,48,64,72,2,19,129,210,136,0,213,32,32,138,192,20,8,176,0
2,135,32,136,146,225,152,99,6,69,88,163,8,46,34,64,76,27,147,145,18,8,0,213,40,0,138,195,21,12,180,210
130,148,18,152,53,164,56,66,30,11,80,50,140,154,32,72,231,27,19,144,50,140,2,215,9,54,26,194,144,64,33,131
33,72,97,78,68,145,131,240,68,64,112,66,32,72,181,164,72,104,18,75,193,162,44,189,32,8,138,0,87,191,112,172
2,193,0,136,132,129,12,37,4,0,80,2,32,10,48,64,64,2,19,129,80,8,0,149,32,32,142,192,20,8,176,8
2,135,32,136,150,193,152,99,6,69,88,163,8,46,50,64,76,19,147,149,82,8,4,213,40,0,138,193,21,12,180,208
45,0,107,76,68,18,235,80,68,192,87,2,81,73,183,100,120,100,19,238,129,176,45,200,66,41,163,132,119,171,112,224
130,0,22,153,100,136,168,64,172,17,82,18,140,138,112,75,106,9,51,145,2,148,2,209,4,16,218,192,20,8,33,128
0,193,1,140,4,0,12,37,4,0,80,66,32,10,32,192,64,34,2,0,64,40,0,157,32,32,142,0,20,24,184,8
2,176,146,152,155,229,184,67,158,25,64,51,12,158,96,72,231,27,179,145,18,72,18,209,9,22,154,235,144,4,165,211
2,192,32,140,4,1,140,101,68,0,80,2,32,8,48,64,72,0,19,129,192,40,0,157,32,32,138,128,21,8,176,8
82,48,82,128,101,77,112,64,41,32,178,10,14,26,64,16,170,137,78,176,8,51,144,192,149,208,10,118,65,8,67,2
130,197,0,156,148,129,132,167,20,2,80,18,32,40,48,64,72,2,19,1,112,12,0,159,32,32,142,192,20,24,176,8
48,0,74,225,4,10,96,16,33,32,114,10,3,3,4,80,32,132,4,0,8,144,1,128,150,201,160,4,37,136,80,0
2,193,0,136,148,129,140,37,4,0,80,2,32,10,48,64,72,2,19,129,80,8,0,149,32,32,138,192,20,8,176,8
3,193,32,140,4,144,140,37,68,64,80,7,32,8,178,96,72,0,19,197,196,40,36,157,32,32,138,128,21,12,176,76
3,148,161,152,147,245,185,66,30,73,88,247,12,190,98,196,231,27,147,145,23,8,48,215,9,22,154,226,156,76,53,247
130,205,32,156,21,149,140,231,84,90,80,19,32,40,50,97,73,2,19,133,224,12,54,191,33,38,222,192,20,12,176,76
3,193,32,140,4,129,140,165,4,64,80,135,32,12,50,64,72,0,19,133,212,8,4,149,32,32,138,192,20,12,176,92
129,205,1,142,132,144,142,167,84,66,88,86,32,40,178,96,73,66,2,71,245,40,12,191,32,32,142,0,28,92,184,76
0,193,0,136,148,129,132,101,4,0,80,2,32,8,48,64,72,2,19,129,80,40,0,157,32,32,142,64,20,8,144,8
131,140,0,158,20,128,138,168,22,67,80,211,96,108,56,225,89,98,19,133,231,204,12,191,40,38,155,128,28,44,56,28
131,0,39,156,20,147,136,104,86,65,82,215,96,200,178,105,88,44,51,165,165,148,37,159,0,38,218,128,28,12,56,68
131,0,167,153,68,145,168,64,94,83,82,82,136,10,182,237,105,9,18,149,167,244,103,208,4,10,218,192,157,12,121,228
6,205,0,138,149,197,134,231,4,17,24,2,0,32,32,65,72,66,19,82,82,40,24,181,41,0,142,64,21,90,176,138
3,8,38,156,4,178,136,34,84,66,80,199,96,236,179,224,72,32,51,133,133,136,38,189,0,38,218,128,28,13,56,76
2,205,4,138,157,133,14,231,132,17,136,2,96,42,48,64,73,67,27,211,114,9,24,247,41,0,142,64,20,90,176,8
34,195,32,136,92,129,156,229,132,21,208,167,32,140,50,64,76,11,131,197,198,11,6,245,48,0,142,249,21,12,180,200
18,204,0,158,26,128,14,166,148,0,152,130,104,110,48,64,103,115,159,195,106,9,8,255,168,38,143,208,20,6,33,24
6,58,162,152,68,193,184,64,22,214,81,167,8,206,115,72,110,57,147,215,130,150,2,192,0,0,139,173,21,45,53,208
18,149,18,136,187,229,176,99,174,9,88,34,140,150,32,64,231,27,159,144,18,9,18,213,153,20,26,202,144,0,165,131
34,216,17,136,114,133,18,228,13,8,112,106,44,158,32,80,206,57,23,66,67,11,0,253,48,16,8,170,20,24,37,187
