56,0,66,164,4,2,72,80,33,0,243,2,75,10,40,80,120,133,21,162,8,147,1,200,144,233,170,132,37,162,32,0
131,205,2,140,150,144,140,167,20,66,88,199,40,42,178,224,78,35,19,197,245,8,4,255,32,34,158,128,29,28,184,28
3,200,5,152,20,145,138,228,196,64,80,66,32,136,178,225,72,40,18,69,199,40,6,189,32,32,138,128,29,28,56,12
3,203,0,134,132,16,142,165,4,0,17,199,96,72,58,192,64,66,18,199,212,8,12,165,40,0,142,192,28,30,184,12
2,135,32,136,20,163,138,107,4,5,89,135,96,234,50,64,92,43,131,165,150,8,4,157,32,36,138,193,20,78,60,92
0,129,0,140,132,1,12,33,4,0,80,2,32,8,32,64,64,2,2,0,80,8,0,149,32,32,138,0,20,8,144,0
2,202,0,140,20,129,10,100,6,5,80,135,32,142,50,64,76,41,131,197,66,136,0,189,32,32,138,201,20,12,52,72
3,203,32,140,20,129,138,164,6,5,80,135,32,136,50,64,72,34,19,197,198,8,4,189,40,38,154,192,28,12,16,72
35,8,34,142,84,129,138,64,4,68,81,135,32,136,50,64,72,40,19,135,134,146,4,221,0,32,138,136,29,14,56,220
0,129,0,136,4,129,4,33,4,0,80,2,32,0,32,64,72,2,19,0,82,8,16,157,32,32,138,64,20,8,176,8
2,208,0,136,15,197,152,101,134,1,64,2,40,146,32,64,200,9,27,129,66,9,18,213,33,32,138,75,16,8,33,138
7,13,34,142,148,178,138,34,68,64,91,199,96,104,178,224,72,98,18,71,181,136,44,191,32,38,138,192,28,79,56,84
1,72,3,204,4,2,46,164,100,64,82,66,48,2,177,228,104,100,2,203,193,144,36,105,32,32,134,0,28,48,48,44
35,201,96,200,84,145,143,228,70,64,80,2,32,8,182,36,72,2,19,77,198,40,36,189,42,8,142,224,87,156,240,236
97,0,103,92,76,146,65,56,209,192,247,10,114,193,181,125,88,164,54,232,201,231,166,141,18,42,192,152,103,168,112,36
248,0,110,124,4,18,73,80,117,0,246,18,19,1,176,125,104,164,61,168,184,191,37,140,82,235,240,64,103,136,112,32
61,72,98,110,68,19,202,112,69,0,117,2,123,73,181,100,88,232,22,234,205,178,108,189,66,233,160,0,119,187,112,172
2,159,34,138,146,128,158,35,4,69,91,231,104,110,42,64,124,51,147,165,150,152,4,221,40,36,138,195,156,6,189,83
130,132,86,153,52,168,104,2,173,19,114,18,141,10,32,73,99,1,31,144,50,141,0,215,132,242,218,192,148,0,33,0
60,16,106,108,102,3,91,88,69,192,247,35,115,89,177,100,126,180,23,234,136,178,37,140,82,233,161,128,119,191,112,195
112,18,114,172,14,3,82,104,129,128,241,170,75,220,53,16,94,181,206,99,136,163,64,140,146,224,128,26,117,43,118,19
4,233,132,158,148,128,6,172,22,147,16,2,96,224,121,72,81,106,34,211,98,72,138,185,40,38,223,36,148,123,144,0
130,144,18,152,19,165,184,66,30,25,80,19,12,158,32,72,231,27,147,144,50,140,16,215,9,22,154,194,144,0,33,147
6,32,48,136,108,133,184,64,138,24,16,2,140,222,124,2,206,25,23,145,130,3,130,208,4,24,138,174,20,5,35,129
2,128,146,152,49,164,184,66,158,25,80,16,140,130,32,72,231,9,19,16,50,140,2,211,13,22,26,202,144,0,33,129
2,149,18,136,245,165,184,98,14,9,88,50,140,158,32,64,231,27,147,145,18,8,0,215,9,20,26,234,144,0,33,131
35,202,96,140,20,145,142,228,68,68,80,199,32,136,182,0,72,40,19,69,198,40,4,189,32,8,138,128,93,28,88,204
2,149,16,136,147,225,24,98,4,1,72,162,8,54,32,64,67,19,147,144,18,8,0,215,8,4,138,195,148,8,37,18
2,144,18,152,19,225,152,98,22,1,64,179,44,150,32,64,239,51,147,145,50,140,16,215,9,38,154,195,148,4,37,91
35,202,97,136,4,209,143,228,68,68,84,199,32,12,182,164,72,0,147,207,196,40,36,189,32,8,142,129,85,28,212,252
3,193,0,136,148,129,142,229,68,65,80,199,32,8,50,64,72,2,18,69,215,8,4,189,40,32,142,192,28,28,184,12
3,201,1,142,20,145,142,165,6,65,80,66,32,168,48,224,64,66,18,67,71,8,12,189,40,36,158,128,28,30,184,12
1,205,1,206,4,145,7,167,68,65,88,66,32,32,180,228,64,98,2,202,197,8,44,189,32,44,134,0,28,218,176,44
2,149,16,136,147,225,24,99,4,3,88,163,12,54,32,64,79,19,147,145,18,8,16,213,41,4,138,195,148,64,165,19
3,133,35,141,20,178,168,35,68,65,90,66,40,40,182,228,96,39,18,161,149,152,37,223,12,46,154,192,21,12,184,108
3,32,235,193,84,176,169,82,106,67,92,18,152,138,212,108,107,137,19,153,131,180,164,194,4,12,186,160,135,196,115,228
0,0,8,128,4,0,8,0,4,0,16,2,0,8,32,64,64,0,2,0,0,0,0,128,0,0,138,0,20,8,16,0
3,205,32,136,20,145,138,224,68,64,88,71,96,72,62,96,88,34,19,117,199,40,12,157,40,8,139,196,93,14,120,12
33,201,97,202,84,145,134,101,68,0,80,66,32,200,180,160,72,40,19,75,195,42,36,189,34,8,138,40,95,14,112,172
2,129,18,136,180,128,56,39,44,9,90,2,172,162,32,64,226,43,2,128,18,152,0,221,44,52,154,192,16,0,177,9
2,131,0,136,148,129,12,39,4,5,88,131,32,38,48,64,68,2,131,133,80,8,0,157,40,32,138,193,20,12,180,72
130,48,144,144,19,193,16,66,22,3,0,178,12,150,96,72,207,25,147,144,34,4,18,210,9,6,154,227,148,8,37,19
2,195,0,140,20,129,4,37,6,5,80,131,32,132,34,64,68,34,131,68,82,8,0,189,40,32,142,193,20,12,180,72
3,195,0,140,4,128,140,37,4,68,80,135,32,8,50,64,64,2,19,133,196,40,4,149,32,32,142,128,28,12,152,92
3,197,0,140,132,128,140,167,4,68,24,199,32,32,50,64,64,2,19,69,212,8,4,149,40,32,142,192,28,28,184,88
3,200,32,12,4,16,142,132,68,64,84,2,32,8,183,96,72,64,19,75,196,40,36,177,32,40,142,128,20,29,176,76
2,20,144,136,19,229,56,66,6,1,72,2,12,150,32,64,239,27,147,144,2,0,16,214,9,4,154,195,148,72,37,19
50,72,18,136,70,129,138,100,4,0,240,2,44,10,33,64,106,137,23,224,72,171,0,221,176,32,138,136,21,24,49,136
2,200,2,137,68,129,168,196,132,0,80,2,168,138,33,64,104,41,27,192,66,152,66,245,4,16,138,168,20,24,48,136
2,200,2,153,52,137,160,128,30,1,82,0,164,128,32,64,200,40,19,80,66,152,64,181,4,20,154,192,20,8,16,136
3,137,35,141,148,147,172,39,68,96,90,66,32,168,180,224,64,46,19,5,213,184,36,157,40,44,142,192,21,12,208,76
3,201,99,204,148,131,142,39,68,224,90,66,32,40,180,228,72,38,19,97,209,184,36,157,40,44,143,192,21,60,208,108
0,0,0,128,4,0,8,0,4,0,16,2,0,8,32,64,64,0,2,0,0,0,0,128,0,0,138,0,20,8,16,0
2,132,18,152,52,169,184,66,30,11,80,16,172,130,32,64,195,41,19,16,34,140,0,215,0,54,26,192,144,8,33,129
56,0,66,168,84,131,64,88,5,0,112,2,19,9,56,64,88,136,6,33,8,178,0,156,210,201,160,68,119,138,112,128
130,0,146,152,36,129,168,66,30,19,80,18,140,138,48,72,195,41,19,17,34,132,2,211,4,54,154,200,148,8,49,129
3,201,0,140,148,129,140,165,4,68,80,135,32,40,50,64,64,2,19,197,212,8,4,181,32,32,142,192,28,28,184,92
39,8,99,78,68,19,195,88,69,192,117,2,96,72,181,36,88,224,19,111,129,162,44,141,0,40,129,136,119,191,112,228
2,20,162,152,147,229,56,66,30,67,72,151,12,190,96,72,231,27,147,145,50,12,16,214,9,6,154,195,148,68,37,83
2,151,32,136,179,225,24,99,14,69,72,167,12,46,34,64,71,19,147,149,22,8,4,215,40,6,154,195,148,76,165,83
2,151,0,136,147,225,24,99,6,69,72,183,12,174,34,64,207,27,131,145,18,8,0,215,40,6,154,195,148,76,181,211
66,32,80,128,100,8,216,0,139,0,48,8,142,138,84,18,134,129,93,17,2,34,194,192,150,216,10,186,84,8,67,1
2,48,146,152,106,141,56,0,174,25,16,32,140,150,96,74,135,25,187,16,2,65,130,208,4,16,90,170,144,0,1,147
54,0,82,174,69,6,104,80,37,8,241,2,107,90,45,80,248,169,23,162,8,179,16,205,147,232,130,2,113,42,96,130
18,0,66,164,4,2,72,64,41,0,179,2,75,10,40,80,122,133,29,162,8,147,1,200,144,224,138,128,37,34,33,0
48,160,72,160,116,137,200,64,40,0,176,10,147,10,68,16,74,136,14,144,10,34,64,209,148,217,170,120,85,8,82,128
58,195,96,168,132,193,156,101,4,4,80,163,41,14,48,64,76,147,151,133,88,40,0,149,96,225,170,193,53,12,180,192
3,128,2,153,20,129,168,0,30,65,82,86,128,138,50,72,104,40,19,145,7,148,67,215,4,36,154,192,28,12,57,0
2,135,34,156,148,128,172,103,20,7,90,151,40,42,50,65,110,3,147,133,246,136,4,223,32,38,218,192,20,76,181,88
52,72,106,238,68,131,207,240,68,0,116,2,51,73,177,64,88,232,23,234,200,162,0,61,114,233,160,136,117,187,112,136
3,72,7,152,28,145,138,100,196,64,80,70,32,136,179,225,72,40,18,199,199,168,38,189,32,32,138,136,29,29,56,140
3,143,0,134,148,0,142,167,4,5,25,199,96,104,50,192,65,66,131,199,212,8,12,167,40,0,142,193,28,94,184,12
3,195,0,142,132,17,142,165,4,68,81,199,0,8,178,192,76,66,130,199,212,8,12,177,32,32,142,128,28,30,184,92
0,0,0,136,4,1,0,64,4,0,16,2,0,0,32,64,72,0,2,0,0,0,0,128,0,0,130,0,20,8,48,0
2,132,34,136,4,129,136,98,4,64,88,135,32,12,50,96,64,32,19,133,210,136,4,157,0,32,138,192,28,12,56,4
130,0,130,136,20,128,168,64,20,1,80,18,0,138,48,72,104,8,19,145,2,132,1,199,0,36,154,192,148,8,48,0
59,72,98,101,6,26,236,84,65,192,118,2,43,8,181,36,106,236,23,233,204,176,37,232,50,233,164,128,103,189,112,172
3,201,4,156,20,145,136,165,86,81,80,199,32,8,50,225,64,2,18,197,231,8,4,189,40,32,154,192,28,12,184,12
35,0,99,200,100,152,105,80,233,0,112,74,8,131,180,244,106,168,6,152,129,178,96,192,22,56,130,136,67,128,98,164
134,32,146,146,97,132,56,64,190,25,81,16,140,146,97,72,246,57,19,144,2,148,130,208,21,16,26,202,128,1,33,129
56,88,106,238,70,211,223,240,4,68,84,163,49,221,49,32,90,248,147,195,200,162,60,189,115,9,168,137,119,187,116,218
6,16,146,152,23,226,48,66,30,1,75,18,12,222,40,72,251,59,147,145,18,156,18,198,9,38,154,67,144,2,37,18
58,88,66,170,23,195,90,224,5,0,208,171,43,222,33,0,94,249,151,227,74,35,24,189,179,193,136,187,53,159,52,154
3,201,67,141,36,144,174,165,76,64,82,66,168,10,180,228,106,3,18,205,199,184,36,253,36,56,142,128,30,28,241,140
2,24,146,154,19,225,48,66,30,3,72,50,44,246,32,72,227,59,179,144,2,140,18,255,1,38,26,67,144,9,37,154
6,235,4,154,30,193,26,224,134,20,144,163,104,206,49,64,72,113,171,211,66,9,10,253,8,0,139,249,20,15,52,72
134,143,32,154,148,129,142,167,20,7,89,151,96,104,58,64,81,67,131,199,242,8,12,183,40,38,142,192,20,94,180,72
37,0,106,206,4,2,171,16,68,128,87,2,112,73,181,96,88,32,18,170,129,160,36,136,64,40,170,128,21,171,112,32
7,8,99,206,4,2,131,0,68,64,83,66,96,72,181,100,72,96,18,203,129,160,44,168,0,40,138,128,87,175,112,36
2,142,32,136,18,161,154,231,6,5,88,179,40,174,114,64,79,11,131,149,22,8,8,247,40,4,158,227,148,12,180,73
2,199,0,140,148,129,14,167,4,5,88,135,32,42,50,64,68,67,131,197,80,8,0,245,40,36,142,193,20,92,180,72
3,195,32,136,148,129,140,229,4,68,80,135,32,8,50,64,72,2,19,197,212,8,4,149,40,32,142,192,28,28,184,84
2,129,2,140,4,128,12,37,4,0,80,2,32,34,32,64,64,2,19,128,80,8,0,157,32,32,138,192,20,8,176,0
130,131,2,136,20,131,136,104,20,1,82,18,32,72,48,64,88,41,19,145,50,188,1,223,0,36,138,192,20,12,48,0
3,203,0,142,148,145,142,229,4,64,80,199,96,104,62,192,76,67,19,199,212,8,12,253,40,40,143,128,29,30,184,28
0,133,115,201,52,129,168,99,76,1,120,66,168,8,52,64,234,3,19,145,146,184,4,213,12,24,138,64,85,8,241,128
2,202,32,136,20,129,138,229,6,5,80,135,32,142,50,64,68,41,131,197,198,8,4,253,40,36,138,193,20,12,52,72
35,10,34,142,84,129,138,64,4,4,81,135,32,136,50,64,76,40,147,199,134,130,4,253,0,32,138,136,21,15,48,200
2,195,32,136,148,129,140,101,4,69,80,135,40,12,50,64,76,3,147,133,214,8,4,221,40,32,138,193,21,12,180,88
2,129,0,140,21,129,12,33,4,0,64,2,32,2,32,64,72,2,19,128,82,8,16,157,33,32,138,0,20,8,176,8
2,209,16,136,93,197,152,101,132,17,192,2,40,146,32,64,200,9,27,129,66,11,18,213,49,48,138,74,16,0,161,138
2,193,34,140,132,129,12,231,68,64,88,131,0,44,50,64,72,2,19,133,208,8,4,213,32,32,142,192,20,92,176,72
3,141,32,140,4,144,142,167,4,64,88,7,32,40,178,96,72,98,19,197,197,40,36,255,32,32,142,192,29,12,184,76
39,13,226,72,212,179,142,75,68,192,90,2,64,104,183,32,88,42,19,53,148,170,37,140,42,12,131,192,213,109,112,196
7,76,2,154,148,178,170,194,84,195,90,199,96,106,179,200,89,98,18,215,183,156,12,254,40,38,142,192,156,95,56,84
5,72,11,206,4,2,175,16,100,192,83,66,112,67,177,100,104,100,18,234,193,144,36,104,96,40,162,128,4,179,48,40
2,134,32,136,18,225,152,99,22,5,88,179,40,174,50,64,77,59,131,149,54,8,4,223,8,6,154,195,148,12,53,90
7,141,34,129,148,178,170,99,4,229,90,135,8,44,183,64,125,46,19,181,149,184,37,206,40,14,143,196,141,76,184,212
7,76,131,154,148,179,174,192,86,194,80,70,96,232,181,236,89,104,18,223,167,164,46,234,32,14,159,128,157,127,120,140
118,0,66,160,4,2,72,64,33,0,243,130,75,14,44,80,126,133,29,160,8,131,0,200,144,232,138,132,37,162,98,0
2,193,2,140,148,128,172,229,4,1,82,199,40,10,50,64,106,3,19,133,210,136,4,221,32,32,142,192,28,12,185,24
39,104,230,158,76,144,170,64,194,192,81,199,104,200,119,170,108,105,51,199,197,231,142,232,0,8,207,168,13,63,122,156
118,0,2,140,12,2,202,64,133,0,145,2,66,200,57,64,120,164,95,163,8,35,0,200,144,32,138,156,21,42,48,128
2,135,2,136,146,128,60,103,12,5,88,163,44,38,34,64,102,27,147,133,82,136,0,221,40,32,138,194,20,4,165,81
32,201,72,174,84,129,199,244,4,0,116,2,49,73,48,64,72,106,19,203,66,42,8,61,96,9,170,0,117,155,112,168
167,104,227,94,68,128,195,96,83,194,112,74,112,232,245,174,88,104,50,203,225,102,174,171,16,46,199,168,85,171,114,164
2,151,0,136,146,129,188,231,12,69,88,167,44,46,34,64,110,19,147,133,82,136,0,213,40,4,138,195,20,4,165,217
35,201,97,200,20,145,143,228,70,64,80,67,32,8,180,100,72,8,19,205,199,40,36,189,32,8,142,192,87,156,240,252
53,8,98,238,4,131,194,80,69,192,241,10,99,200,53,32,120,232,23,227,140,163,12,172,146,233,131,24,117,175,112,4
2,148,18,153,55,172,184,35,62,9,90,48,140,158,32,64,231,27,147,16,50,152,0,215,13,22,26,66,144,0,161,3
3,217,3,142,6,18,174,101,4,64,82,231,104,78,180,228,94,35,147,239,197,136,36,205,32,40,142,128,29,62,185,28
6,112,16,129,75,205,48,64,142,184,16,42,140,222,97,8,166,57,219,81,2,19,26,208,29,16,11,239,16,11,5,147
227,0,103,92,76,146,225,48,209,192,247,10,114,201,181,125,88,164,54,232,201,247,166,140,82,42,192,136,103,168,112,36
40,200,112,97,116,27,206,244,65,160,116,2,27,9,181,0,74,232,23,234,200,178,100,188,102,217,165,164,119,185,82,137
240,0,110,93,68,18,105,16,117,0,246,18,19,1,180,121,104,164,63,136,184,191,37,204,82,235,240,64,103,136,112,32
2,160,16,145,96,137,184,0,174,17,82,0,140,130,96,72,231,9,51,144,18,156,66,209,4,16,154,192,16,0,33,129
61,72,98,110,100,147,202,240,69,64,116,2,123,73,181,96,88,232,22,234,205,178,108,189,98,233,160,0,119,187,112,172
2,159,34,136,146,160,154,35,4,5,91,231,108,110,42,64,126,51,147,165,150,152,4,221,40,36,138,195,156,6,189,83
66,4,86,249,36,168,104,50,173,3,122,18,143,11,52,88,103,163,63,129,26,156,1,199,134,254,218,192,182,128,97,1
45,72,99,78,68,147,227,112,68,64,116,66,112,72,181,228,120,232,18,106,193,178,36,237,34,40,162,128,127,187,112,164
60,24,82,174,126,131,82,120,129,128,177,42,111,217,33,16,254,185,6,98,72,35,8,157,146,217,1,58,119,171,98,1
2,132,22,152,52,172,120,98,173,27,90,16,140,138,32,73,231,3,31,145,50,141,2,213,133,50,90,200,144,8,33,1
61,88,98,110,102,19,203,112,69,192,119,34,115,89,181,100,94,176,23,238,200,178,44,140,82,233,161,128,119,191,112,225
56,18,114,172,14,3,210,120,65,128,241,171,75,92,61,16,94,177,199,227,136,163,4,156,146,225,160,186,117,170,118,17
4,233,132,158,148,129,134,172,22,147,16,2,96,224,121,73,89,106,34,83,98,96,138,185,40,6,207,36,148,123,144,0
2,0,150,153,38,136,184,0,174,25,82,18,140,138,32,73,230,43,59,17,18,152,2,209,12,48,26,194,148,0,33,129
130,144,18,152,51,165,184,66,62,25,80,50,140,158,32,72,231,27,147,144,50,156,2,215,13,22,26,194,144,0,33,131
2,149,18,136,147,225,48,99,14,1,72,163,44,190,32,64,227,27,147,145,18,136,16,213,41,36,138,67,148,12,165,154
6,48,176,136,110,133,184,72,138,24,16,34,140,222,116,2,206,25,23,145,130,3,130,208,5,24,138,174,20,12,35,129
0,0,2,129,68,129,168,64,164,1,210,2,136,138,96,64,104,136,10,208,2,51,128,192,20,0,138,72,21,9,49,128
10,128,22,185,36,128,120,80,191,17,82,16,141,130,32,72,226,41,38,16,18,156,2,209,140,240,26,200,148,0,33,129
130,144,146,152,49,164,56,66,190,25,80,48,140,146,32,72,231,27,27,16,50,141,2,215,137,54,26,202,144,0,33,131
33,72,97,78,68,129,135,240,68,64,116,2,48,72,181,100,72,96,18,75,193,34,36,189,32,40,130,0,87,187,112,172
2,161,32,136,147,193,152,99,6,69,8,163,12,158,34,0,72,27,147,145,18,10,16,213,41,4,138,107,149,12,181,210
2,148,16,136,243,165,184,67,14,9,88,18,140,158,32,64,229,27,147,145,18,8,16,215,9,20,154,202,144,8,161,131
3,195,32,136,4,129,140,37,4,68,80,135,32,12,50,64,72,2,19,133,196,8,4,149,32,32,138,192,28,12,152,88
2,128,18,153,52,161,184,2,62,17,82,18,140,10,48,72,227,11,19,145,18,188,0,215,12,22,154,192,148,8,49,129
2,135,0,136,146,225,152,99,4,5,88,163,8,46,32,64,75,19,147,145,18,8,0,213,8,36,138,195,20,12,164,18
2,128,2,137,4,129,168,64,14,17,82,2,140,138,48,72,106,9,19,145,2,176,3,209,4,32,154,192,21,8,49,128
3,193,32,140,132,129,140,37,4,64,80,135,32,8,50,64,72,0,19,5,196,8,4,149,32,32,142,192,28,28,184,92
62,0,66,232,68,130,74,80,5,0,241,2,75,203,37,80,120,169,23,162,8,179,0,204,146,233,138,136,55,170,112,128
35,201,98,140,4,147,172,101,68,64,80,199,32,8,182,228,72,32,18,197,197,168,36,157,32,40,138,128,93,28,248,204
2,148,18,152,19,229,184,66,30,9,64,50,44,150,32,64,231,51,147,144,50,140,16,223,9,6,154,195,20,4,37,27
48,32,0,129,68,9,232,64,33,32,176,10,10,10,64,0,104,136,6,128,8,50,0,192,148,128,138,32,5,8,50,128
35,201,98,140,20,145,140,101,68,64,80,71,32,8,182,228,72,32,18,69,197,168,36,189,32,40,138,128,93,28,248,204
2,148,18,152,19,228,56,103,28,1,72,178,44,54,32,64,231,51,147,129,50,136,16,223,41,54,154,195,16,0,165,27
2,193,0,140,4,129,12,37,4,0,80,2,32,2,48,64,64,2,19,129,80,8,0,149,40,32,138,192,20,8,176,0
34,203,97,136,4,209,142,228,68,68,80,231,32,12,182,164,72,0,147,207,199,40,36,189,32,0,142,193,85,28,220,252
2,148,18,153,146,224,56,2,62,9,90,50,140,54,32,64,231,19,147,144,18,152,1,215,12,22,154,195,148,64,37,19
3,203,0,136,148,129,140,229,4,68,80,135,32,12,50,64,76,34,19,197,214,40,4,189,32,0,142,192,29,12,184,88
3,131,32,136,132,129,12,37,4,68,80,135,32,12,50,64,64,2,19,133,212,8,4,149,32,32,142,192,28,12,176,80
2,129,0,136,148,129,12,37,4,64,80,135,0,6,50,64,68,3,147,133,82,8,0,213,40,0,138,192,20,12,176,80
2,203,32,136,148,129,142,229,4,4,80,135,40,14,50,64,76,3,147,197,210,8,0,253,40,32,142,193,20,12,180,72
3,129,50,136,182,149,188,97,76,73,82,3,140,26,50,96,230,3,19,133,214,168,36,213,41,48,138,194,20,12,177,69
34,203,0,136,84,129,10,228,4,5,80,135,32,142,48,64,76,139,147,197,66,10,8,245,56,0,142,232,21,12,176,200
2,147,0,136,144,193,24,101,6,69,16,167,8,14,32,64,78,19,147,145,18,8,0,213,40,0,138,195,148,12,180,82
3,201,0,136,148,129,142,229,4,65,80,199,32,8,50,64,72,2,19,197,214,8,4,181,40,32,142,192,28,28,184,12
2,201,0,138,20,129,142,228,6,1,80,199,32,136,50,192,76,75,51,199,210,10,10,181,40,32,142,232,28,14,184,24
3,201,1,142,20,145,142,165,70,65,80,70,32,168,176,224,64,66,18,67,199,8,12,189,40,36,158,128,28,30,184,12
1,205,41,78,20,145,135,182,68,65,92,66,32,32,180,228,64,98,2,202,197,40,44,189,32,44,134,0,28,154,240,108
2,133,2,141,20,131,40,35,4,1,90,2,32,34,48,64,64,38,19,161,16,152,65,157,44,36,138,192,20,8,176,8
3,73,1,142,132,16,142,164,68,64,80,198,32,8,181,228,72,98,18,79,197,40,4,169,32,40,142,128,29,63,248,12
3,207,0,140,20,145,14,166,68,1,88,199,32,40,50,192,65,66,19,197,196,8,4,189,40,36,142,128,28,92,184,28
2,135,32,140,148,128,142,167,4,5,88,135,32,44,50,64,72,66,131,197,212,168,4,181,40,32,142,193,21,12,148,76
2,21,144,136,151,229,144,66,6,9,72,2,12,62,32,64,205,19,147,17,18,40,16,148,9,4,138,66,145,72,53,147
2,145,0,136,149,193,8,33,4,65,64,131,8,62,48,64,72,19,147,145,18,8,16,213,41,0,138,67,20,12,180,82
35,201,99,76,20,147,205,53,69,64,82,66,32,0,180,228,72,34,18,72,193,184,36,157,32,40,130,128,23,152,208,44
48,209,18,140,71,133,212,101,13,0,240,2,46,152,36,64,238,187,6,1,90,171,16,221,177,184,10,10,113,8,161,139
3,131,32,136,132,193,140,37,4,68,80,131,0,12,50,64,76,3,147,133,214,8,4,213,40,32,138,193,21,12,148,80
34,133,66,205,116,138,236,51,5,0,126,2,33,41,180,68,72,34,23,136,80,184,65,221,38,120,130,192,119,136,240,136
3,133,34,141,20,178,168,35,68,65,90,130,40,44,182,100,104,39,18,161,149,152,37,223,12,46,154,192,21,12,184,76
33,0,163,204,84,146,129,64,84,66,81,82,32,200,181,236,88,40,18,9,129,182,36,138,16,44,146,8,21,47,112,164
3,135,2,140,22,130,56,103,4,5,90,135,40,34,34,64,110,35,147,132,22,152,0,221,40,36,154,192,28,12,184,25
50,200,66,140,92,129,202,228,133,0,208,10,32,138,33,64,72,168,19,224,66,11,0,253,176,0,138,184,20,24,48,136
103,0,98,132,68,18,232,64,225,192,83,199,72,138,190,203,120,173,19,165,133,147,132,192,18,40,202,136,13,166,122,196
48,0,64,161,68,2,200,72,9,32,176,10,10,8,0,0,104,133,6,160,8,178,65,192,144,128,138,20,117,8,112,128
32,8,98,204,84,145,160,64,196,0,240,2,40,136,53,97,104,169,23,161,128,179,36,200,16,40,138,8,85,10,113,140
0,0,8,136,4,1,0,0,4,0,16,2,0,0,32,64,72,0,19,0,0,0,0,128,0,32,138,0,20,8,48,0
34,0,98,233,100,128,232,64,109,8,112,2,41,138,53,0,234,169,6,128,130,178,0,205,22,217,170,136,117,136,97,136
3,5,98,137,20,179,136,106,68,96,88,66,32,8,182,160,88,32,18,37,133,184,37,157,0,8,138,128,93,12,120,140
2,132,2,153,112,160,40,66,44,1,90,130,172,134,32,64,230,59,19,144,18,152,0,221,12,52,154,192,148,0,33,144
2,206,32,138,20,129,138,231,6,5,88,135,32,76,50,64,77,35,147,213,194,8,12,255,40,4,142,193,20,14,52,72
3,207,32,138,148,129,138,228,68,4,88,135,96,72,58,64,88,2,19,215,214,40,12,189,40,4,138,192,29,14,176,72
2,135,0,136,148,225,24,35,4,5,88,163,0,46,50,64,76,19,147,149,18,8,0,213,40,0,138,193,148,12,180,80
2,128,0,136,20,129,136,32,4,0,80,2,8,10,48,64,72,1,19,129,2,0,0,213,0,32,138,192,20,8,48,0
2,145,34,136,23,192,184,101,6,1,80,130,44,158,48,64,110,27,147,129,82,136,16,221,41,36,154,195,21,12,181,154
0,129,18,136,180,128,56,39,44,1,90,2,172,162,32,64,226,43,34,128,18,152,0,221,44,52,154,64,20,0,177,8
34,201,0,136,84,129,142,231,4,4,88,7,32,136,50,64,72,42,19,197,194,42,4,189,32,0,142,200,29,12,184,204
2,131,0,140,144,129,14,39,4,4,88,131,32,38,48,64,68,2,131,197,80,8,0,189,40,32,138,193,20,12,180,72
2,150,0,136,146,225,24,66,6,5,24,179,8,38,32,64,77,19,147,145,50,8,0,215,8,6,154,195,148,76,52,82
2,199,32,136,148,193,12,231,4,4,88,131,32,134,48,64,72,42,131,197,82,8,0,221,32,32,138,193,20,12,180,200
3,200,0,140,4,16,142,164,68,64,80,70,32,8,183,224,64,96,18,197,197,128,4,189,32,40,138,128,29,28,56,12
2,195,0,136,20,129,4,229,4,5,80,131,32,140,50,64,68,10,131,69,82,8,0,189,32,32,142,193,20,12,180,72
3,195,0,140,132,129,12,37,4,4,80,135,32,8,50,64,64,2,19,133,212,8,4,157,32,32,142,192,28,12,184,88
3,197,0,140,132,129,140,167,4,64,24,199,32,32,50,64,64,2,19,69,213,8,4,149,40,32,142,192,28,28,184,92
3,193,32,136,132,17,140,164,68,64,80,3,0,8,182,96,64,64,19,197,212,8,36,149,32,40,142,192,29,28,176,76
3,192,0,140,4,145,140,165,68,64,80,199,32,8,50,224,72,0,19,197,197,40,4,157,32,32,138,128,28,28,184,28
36,72,96,206,4,16,130,128,68,0,81,2,96,8,53,96,72,96,2,67,128,160,44,169,0,40,130,0,85,27,112,132
3,195,0,136,4,129,140,229,4,64,80,135,32,8,50,64,72,0,19,197,196,40,4,149,32,32,142,192,29,28,184,92
2,20,16,128,19,225,24,66,6,1,8,162,8,22,32,64,77,19,147,144,2,8,16,212,8,4,138,195,148,76,36,18
2,16,144,152,19,165,56,66,30,9,80,18,12,146,96,72,231,25,147,144,2,4,18,211,9,20,26,226,144,0,33,131
2,131,32,136,132,129,12,33,4,4,80,135,0,8,50,64,64,2,19,5,208,8,4,149,40,0,142,192,20,12,144,80
2,4,128,128,16,225,24,66,6,5,24,163,0,54,32,64,65,19,147,144,2,8,0,212,8,4,138,195,148,72,36,18
3,72,1,140,4,16,128,132,68,64,80,67,32,8,179,224,64,96,18,69,197,32,36,185,32,32,138,128,28,29,56,76
2,16,144,152,19,229,24,66,22,3,0,18,8,150,96,72,77,25,147,144,2,4,16,210,9,6,154,99,144,8,37,146
2,195,32,136,132,129,12,37,4,4,80,135,0,8,50,64,64,0,19,133,208,8,4,149,40,0,142,192,28,12,152,80
2,148,0,136,146,225,24,2,6,1,72,163,8,38,32,64,71,19,131,144,18,8,0,213,8,4,138,195,148,76,52,18
2,128,98,217,100,144,232,80,205,17,116,2,136,137,180,105,106,40,19,136,146,184,38,213,6,56,146,200,87,136,113,132
50,72,82,136,70,131,202,100,5,0,240,2,44,10,33,64,106,169,23,224,72,171,0,221,176,0,138,128,21,24,48,136
2,8,34,137,108,133,168,64,140,8,80,3,172,142,49,65,238,41,19,133,130,50,2,216,5,16,138,136,20,12,49,152
2,72,2,137,68,129,168,64,132,0,80,2,168,138,33,64,104,41,19,192,66,184,66,253,4,16,138,168,20,8,48,136
2,136,2,153,52,137,160,64,30,9,82,0,164,128,32,64,232,40,19,80,2,156,2,253,4,52,154,192,16,8,17,136
58,200,66,238,84,129,74,112,5,0,116,131,41,143,52,64,110,185,151,206,74,138,0,253,98,233,170,128,55,143,112,216
66,201,2,142,92,129,142,229,134,0,216,2,32,136,48,64,72,170,27,67,66,43,10,253,48,32,138,184,20,10,48,136
3,137,35,141,20,147,172,101,68,64,82,66,32,136,180,224,104,42,18,69,213,184,36,157,44,40,142,192,21,12,240,76
3,137,99,204,148,131,140,39,68,224,90,66,32,168,180,228,72,38,19,65,209,184,36,157,40,44,142,192,21,12,208,108
0,0,0,136,4,0,0,0,4,0,16,2,0,0,32,64,72,0,2,0,0,0,0,144,0,0,130,0,20,8,48,0
3,143,0,140,148,160,6,167,4,5,88,135,32,32,50,64,64,66,3,199,212,8,4,181,32,36,142,129,20,92,184,76
60,8,96,174,68,131,202,112,69,0,113,2,115,73,49,64,88,160,23,226,136,162,0,189,82,233,160,128,119,171,112,128
2,0,146,153,5,132,168,64,142,25,80,2,12,130,96,72,226,9,34,144,2,0,2,208,5,16,202,136,16,8,33,128
130,0,146,153,36,128,168,2,158,19,80,18,172,138,48,73,66,41,51,17,34,148,2,211,4,50,218,136,148,8,49,128
3,201,0,138,148,145,142,165,68,65,80,199,32,8,50,192,72,2,19,197,215,40,12,181,40,32,142,192,29,30,184,92
39,72,99,78,68,147,195,248,69,64,113,66,96,72,181,164,88,232,18,111,129,162,44,189,32,40,129,136,87,191,112,228
2,149,32,136,147,225,184,67,14,69,72,179,12,174,50,64,103,27,147,149,18,8,20,215,41,6,154,195,148,68,181,82
2,151,32,136,146,241,156,103,6,69,88,167,44,46,50,64,79,19,147,149,86,8,36,213,40,4,142,195,148,12,181,95
2,151,32,136,146,225,152,103,6,5,88,183,40,46,34,64,79,27,131,149,22,8,4,215,40,4,154,195,148,12,180,91
114,32,112,224,100,8,88,16,105,32,48,10,143,11,84,16,170,137,21,48,138,50,192,192,150,216,130,182,102,136,82,1
66,48,146,144,106,137,56,0,174,25,16,160,140,150,96,74,166,25,187,16,2,0,130,192,4,16,90,170,144,0,1,145
130,208,20,152,79,193,152,196,142,16,64,146,12,158,32,73,238,25,147,193,2,10,18,245,17,0,218,107,20,28,165,154
50,16,82,172,69,70,208,64,173,0,241,2,74,90,45,80,248,161,23,160,8,163,16,204,145,168,138,11,49,42,96,130
130,176,22,152,109,133,184,64,142,25,16,16,140,146,96,73,196,9,27,16,2,73,2,209,133,144,26,234,16,0,33,131
50,194,66,140,4,129,204,229,5,4,208,135,40,8,54,64,76,161,151,197,204,139,0,221,176,32,138,144,61,28,248,216
131,128,2,153,52,145,168,2,30,65,82,86,140,136,48,232,75,41,18,145,39,156,69,215,4,54,154,192,156,8,57,4
3,135,34,156,150,128,188,103,20,7,90,215,40,42,50,65,110,35,147,133,246,136,4,223,32,38,154,192,29,76,185,92
32,73,106,206,68,131,207,244,68,0,116,2,49,73,181,96,72,224,23,234,200,162,36,61,98,169,160,128,117,187,112,168
3,77,99,158,4,146,142,102,68,66,88,198,32,44,180,228,76,99,19,207,229,136,36,239,32,46,138,128,31,190,48,252
7,207,0,142,132,17,142,165,68,64,25,199,96,104,186,192,89,66,130,199,212,8,12,165,40,0,143,192,28,94,184,12
0,0,0,136,4,1,0,0,4,0,16,2,0,0,32,64,72,0,19,0,0,0,0,128,0,32,138,0,20,8,48,0
2,0,2,136,4,0,168,72,20,1,80,18,0,138,48,72,88,8,19,145,2,128,2,209,0,32,154,204,20,8,48,128
51,72,98,229,70,18,238,84,73,128,246,2,11,8,181,32,106,237,23,235,204,178,36,232,50,232,134,128,103,189,112,140
131,201,33,156,20,145,138,164,84,64,80,66,32,8,180,225,72,98,18,197,231,44,38,189,32,42,154,128,93,12,56,76
6,40,82,144,100,129,232,64,173,128,113,2,140,138,101,9,238,41,19,210,2,178,0,224,4,24,138,232,68,3,35,128
49,0,98,76,68,18,232,80,65,64,244,70,11,8,183,180,120,172,6,168,141,178,36,204,18,104,128,0,127,168,122,140
62,72,96,202,68,17,202,212,69,64,84,131,97,13,181,68,72,192,23,207,136,34,44,168,66,73,170,128,55,191,112,200
134,48,146,144,67,133,184,64,190,25,81,18,12,214,105,72,244,57,19,145,2,151,18,192,21,16,26,234,128,1,33,131
56,74,98,172,68,195,202,96,69,68,240,131,99,205,179,0,88,168,151,103,204,178,4,157,114,233,160,129,119,190,116,216
6,16,146,152,23,226,176,66,22,1,75,50,12,222,40,72,251,57,147,145,18,148,18,214,9,36,154,67,149,10,37,146
131,197,33,156,132,145,140,167,84,66,84,214,32,44,178,228,72,66,19,205,229,40,36,191,32,32,142,128,20,28,184,124
58,88,82,174,23,195,90,240,5,0,208,163,123,223,33,0,94,185,151,227,74,163,24,189,243,193,136,59,55,191,52,154
3,193,2,141,148,144,172,165,76,64,82,199,168,40,182,224,104,3,18,197,215,152,69,221,36,40,142,192,29,12,185,12
6,203,4,154,26,193,26,224,134,20,144,163,104,198,33,64,72,113,235,211,66,9,10,253,40,0,139,251,20,15,52,202
134,143,4,154,144,129,30,166,22,21,80,179,96,110,34,65,77,83,131,199,114,72,8,247,40,2,222,193,148,13,180,72
131,197,32,140,133,149,140,39,68,64,72,19,32,8,54,96,64,2,19,133,244,8,52,215,33,40,138,64,21,12,176,78
2,134,0,136,148,225,152,66,6,5,88,163,8,14,32,64,77,27,131,145,18,8,0,213,8,4,154,195,148,12,52,64
130,48,144,152,19,193,152,66,22,19,0,179,12,158,96,8,79,25,147,145,34,4,18,210,9,6,154,107,149,12,37,146
2,135,0,136,150,225,152,66,6,5,88,163,0,14,48,64,77,27,147,149,18,8,0,213,8,4,138,193,148,12,52,82
2,135,32,136,148,129,140,39,4,4,88,135,0,46,50,64,77,3,147,133,214,8,4,213,40,32,142,193,20,12,180,80
130,129,6,154,20,195,10,64,22,1,81,2,32,194,32,64,88,40,19,144,2,136,0,221,8,4,138,193,20,11,52,0
3,207,32,140,148,129,142,167,4,4,88,135,32,40,50,64,76,66,131,197,212,8,4,189,40,36,142,193,28,92,184,92
2,143,32,138,148,129,138,231,6,5,88,135,40,46,50,64,77,3,147,213,214,8,12,253,40,4,142,193,156,14,188,92
0,129,0,140,148,129,128,39,4,0,88,2,160,40,32,64,72,2,2,0,80,40,0,149,32,48,138,64,20,8,176,0
0,133,115,201,52,129,169,99,76,1,120,66,172,8,52,64,234,3,2,145,147,184,4,213,12,24,138,64,85,8,241,129
2,202,32,140,20,129,138,100,6,4,80,135,32,136,50,64,72,40,147,197,198,136,4,189,32,36,138,193,28,12,56,72
45,0,107,77,68,18,235,88,68,224,119,2,81,73,189,96,88,228,23,234,137,178,109,8,66,41,163,132,119,171,112,160
3,0,34,138,68,145,170,64,68,64,81,199,40,200,58,64,120,40,19,167,135,178,4,220,0,32,138,136,29,15,56,148
2,131,32,136,148,129,140,101,4,69,80,135,40,12,50,64,76,3,147,133,210,8,4,221,40,32,138,193,21,12,180,72
0,133,0,136,149,225,0,35,4,0,72,2,32,0,32,64,72,2,19,0,82,40,0,149,33,32,138,65,20,8,180,2
18,129,16,136,93,133,152,97,140,9,208,2,140,154,32,64,200,11,23,144,90,11,18,213,153,144,138,234,16,8,177,131
1,141,2,140,20,147,128,99,68,64,90,70,32,40,48,192,72,34,18,37,213,168,4,157,32,32,138,0,29,14,56,140
2,148,18,152,19,229,184,66,30,1,72,50,12,150,32,64,231,27,147,145,18,140,16,215,9,22,154,194,144,0,37,147
56,0,98,232,68,2,72,80,69,0,246,2,27,9,52,80,120,140,6,168,136,178,1,136,210,233,162,0,103,136,112,128
2,197,32,140,148,128,12,167,4,64,88,131,32,46,50,64,72,2,19,133,208,8,4,215,40,32,142,192,20,92,176,72
131,141,32,140,20,144,136,166,20,64,88,135,32,44,178,96,76,98,19,197,229,8,36,255,32,36,138,128,29,12,56,92
3,72,67,140,4,147,142,228,68,64,82,199,32,8,183,228,72,96,18,199,197,168,36,253,34,40,142,128,29,60,120,220
66,48,176,152,75,101,144,66,154,95,0,55,140,158,98,75,197,25,179,145,2,70,146,192,1,18,218,171,144,68,37,211
7,76,131,154,148,179,142,194,86,194,80,70,32,232,179,236,89,106,18,223,167,164,14,238,40,6,159,128,157,127,56,132
3,195,2,140,20,144,172,37,68,64,82,199,32,40,182,192,76,35,147,133,212,136,4,221,32,32,138,128,29,12,184,220
54,0,66,160,4,2,72,64,33,128,243,10,75,11,44,16,126,133,21,160,8,179,0,200,146,232,138,132,103,162,98,0
3,165,98,65,244,155,173,55,109,225,126,2,168,40,150,164,46,46,18,157,213,184,37,221,46,24,142,192,71,140,209,236
39,106,230,158,76,144,170,64,130,192,209,199,104,200,119,130,108,105,51,199,196,195,142,232,16,8,207,168,13,47,59,148
118,0,66,136,12,2,202,64,133,0,145,2,66,200,57,66,120,132,95,163,8,163,128,200,144,32,138,156,21,42,48,0
3,201,97,136,20,129,142,228,68,64,80,66,40,8,180,224,72,33,19,193,195,40,4,253,32,40,142,192,29,28,240,172
32,201,72,174,68,129,207,244,4,0,116,2,113,65,177,64,88,104,19,203,66,170,8,61,96,169,162,128,117,187,112,168
39,104,227,94,68,128,203,80,83,194,112,66,112,232,181,172,88,104,18,203,225,230,174,202,16,46,195,168,71,170,112,164
35,201,97,136,20,145,142,229,68,64,80,195,32,12,180,224,72,43,19,197,199,40,36,253,34,8,142,192,21,28,240,252
52,8,98,174,4,131,194,80,69,192,241,10,99,72,53,32,120,232,23,227,136,163,12,172,146,233,131,24,119,175,112,4
2,148,18,153,51,224,184,35,14,1,74,178,172,190,32,64,231,27,147,145,50,152,16,215,45,54,26,67,148,0,165,19
3,217,3,142,6,18,174,101,4,64,80,230,104,78,180,228,94,35,19,239,197,136,36,205,32,40,142,128,29,62,185,28
2,48,18,137,75,201,176,72,14,49,80,171,140,158,96,8,174,25,131,17,2,80,2,208,13,16,27,239,148,12,5,147
225,0,107,92,68,2,225,120,81,192,246,74,80,137,181,125,120,172,54,168,137,247,166,200,82,42,240,136,103,168,114,164
40,72,112,97,116,155,206,244,65,160,116,2,59,9,181,0,74,232,23,106,200,186,100,188,102,217,165,164,119,184,82,137
240,0,110,93,68,50,105,16,117,3,246,18,19,9,180,121,104,140,54,136,168,190,37,64,86,171,242,64,103,136,112,32
2,160,18,153,96,133,184,66,62,25,80,16,140,150,96,72,231,9,19,144,18,24,2,209,12,16,154,194,148,0,33,129
61,72,106,110,68,146,202,240,69,64,116,2,123,73,181,96,120,232,22,234,205,178,108,189,114,233,160,0,119,187,112,168
2,159,2,136,146,160,186,35,4,5,90,167,108,110,42,64,126,51,147,165,150,152,4,253,40,36,138,195,28,6,189,83
66,4,86,248,36,160,120,18,173,3,122,18,143,139,52,88,231,131,61,129,18,140,2,199,134,254,218,192,182,192,97,1
60,0,98,224,70,18,232,80,69,160,118,2,27,9,188,16,126,140,23,185,136,178,37,204,82,201,162,132,103,168,112,129
60,88,114,238,102,131,91,120,69,128,245,42,123,217,181,20,126,184,23,106,200,163,8,157,210,233,161,152,119,191,112,129
2,132,22,152,36,164,184,98,141,27,90,16,140,154,32,73,231,3,63,17,18,141,2,213,129,54,90,202,144,72,33,1
2,48,18,153,110,128,184,0,174,25,80,34,140,154,96,72,230,25,59,17,18,9,2,209,12,16,26,202,20,4,33,129
2,131,0,137,146,147,172,103,6,5,90,231,44,10,50,64,126,3,147,165,214,152,5,221,44,36,138,197,28,12,185,92
61,88,99,78,102,147,203,112,68,0,119,34,121,89,181,228,94,240,23,238,201,178,44,189,98,233,160,128,119,187,112,225
56,16,114,236,70,3,82,120,65,128,240,171,107,93,53,16,94,185,135,227,136,163,4,156,146,233,161,152,119,171,118,17
6,233,132,158,28,131,134,232,150,145,17,2,96,232,121,11,89,104,51,211,66,66,138,185,8,2,207,236,148,58,16,8
2,0,22,153,38,168,184,0,174,17,82,18,172,138,32,72,230,43,59,17,18,152,2,209,12,48,26,194,148,0,33,129
2,148,18,152,147,229,184,67,30,9,72,19,12,158,32,64,231,27,147,145,50,140,16,215,9,22,154,195,144,4,165,147
56,2,106,109,68,18,235,112,68,196,119,134,83,77,179,96,120,160,134,174,136,178,36,140,66,233,160,129,119,171,116,240
2,131,0,136,150,129,156,103,6,5,88,163,40,46,50,64,76,27,131,149,82,8,0,221,40,36,138,193,20,12,180,200
2,180,32,153,87,225,184,66,30,69,88,179,140,158,32,72,203,27,147,145,18,28,80,215,13,6,154,227,149,12,53,210
0,0,2,137,68,129,168,64,164,1,210,2,136,138,96,64,104,136,10,208,2,51,64,192,20,0,138,72,21,9,49,128
58,64,98,224,68,2,206,84,1,0,240,2,11,11,53,80,120,141,23,224,136,178,0,204,178,201,162,132,103,185,112,128
10,128,22,185,36,128,120,16,191,17,82,16,173,130,32,72,226,41,38,16,18,156,2,213,132,240,26,192,148,128,33,129
2,128,146,152,49,164,184,66,190,25,80,16,140,130,32,72,231,9,31,16,50,140,2,213,141,54,26,202,144,0,33,129
35,201,97,140,4,145,142,228,68,64,80,66,32,8,181,228,72,96,19,207,197,40,36,189,32,40,142,128,93,28,248,204
2,181,16,136,211,229,144,67,14,1,72,3,12,158,96,0,237,27,147,145,18,10,18,215,25,20,154,107,144,12,165,146
2,147,0,136,148,129,140,39,4,68,88,167,40,14,50,64,76,19,147,133,82,8,0,149,40,0,138,193,20,12,180,80
2,128,48,153,116,161,184,2,30,17,82,18,140,138,48,72,231,11,19,145,178,156,2,215,12,20,154,192,148,8,33,129
35,72,98,140,84,145,138,228,68,64,80,199,32,136,183,224,72,40,18,71,199,170,4,189,32,8,138,128,93,28,120,140
3,195,0,136,148,129,140,101,4,68,80,135,32,8,50,64,72,2,19,133,214,8,4,221,32,32,138,192,29,12,184,92
2,0,2,137,68,129,168,64,4,1,82,2,8,138,48,72,104,9,27,145,2,153,1,208,20,32,154,192,20,8,49,128
2,128,18,136,38,129,184,64,141,8,80,2,172,138,48,64,230,25,31,145,2,1,2,213,144,144,10,234,20,8,33,129
2,144,22,152,51,197,184,66,30,25,80,50,44,150,32,72,230,59,147,144,50,140,18,213,9,54,154,194,16,4,37,27
2,32,18,136,110,133,184,64,142,24,16,2,140,138,96,10,134,9,19,17,2,1,130,208,4,16,10,170,20,8,33,129
2,149,2,152,19,225,184,103,28,1,72,179,44,62,32,64,230,51,147,129,50,136,16,223,41,38,154,195,20,12,165,91
2,193,0,136,4,129,140,37,4,0,80,2,32,8,48,64,72,0,19,1,80,40,0,149,32,0,138,192,20,8,176,8
35,203,97,136,4,209,142,229,4,68,84,163,40,12,182,164,76,17,147,197,215,40,36,253,32,0,142,227,21,28,220,252
2,148,18,137,146,224,56,3,46,1,90,50,140,54,32,64,231,19,147,144,18,152,1,215,12,54,154,195,148,64,165,19
2,203,32,140,20,129,140,229,4,4,80,135,32,12,50,64,76,35,147,197,214,8,4,253,40,32,142,192,21,12,180,216
3,193,32,140,4,145,140,165,68,68,80,135,32,12,50,96,72,0,19,133,197,8,36,157,32,0,142,192,28,28,184,92
2,129,0,136,148,129,12,37,4,64,80,135,8,6,48,64,68,19,147,133,82,8,0,213,40,0,138,192,20,12,176,80
2,203,32,136,148,129,140,229,4,5,80,135,40,14,50,64,76,3,147,197,210,8,0,253,40,0,142,193,20,12,180,72
3,145,50,136,151,149,188,101,76,72,82,3,140,26,50,96,230,3,19,133,214,168,52,213,41,48,138,194,20,12,177,77
2,193,32,136,4,129,140,101,4,0,80,2,32,8,48,64,72,2,19,1,210,40,0,149,32,0,142,192,21,24,144,8
34,203,64,136,84,129,10,228,4,5,80,131,32,138,48,64,76,155,147,197,82,10,8,245,56,0,142,233,21,12,180,200
3,201,0,136,148,129,142,229,4,5,80,135,32,8,50,64,72,2,19,197,214,8,4,189,40,0,142,192,28,12,184,8
3,203,0,138,20,129,142,228,6,1,80,199,32,136,50,192,72,11,51,199,214,10,10,181,40,32,142,232,28,14,184,136
3,201,1,142,20,145,142,165,70,65,80,70,32,160,178,228,72,74,18,79,199,8,44,189,40,36,158,128,28,30,184,12
2,193,32,136,132,129,140,37,4,0,80,2,32,8,48,64,72,2,19,129,208,40,0,157,32,32,142,128,20,8,176,8
2,133,2,141,20,131,40,35,4,1,90,2,32,34,48,64,64,38,19,161,80,152,65,221,44,36,138,192,20,8,176,8
7,73,65,142,132,16,142,160,68,64,80,198,32,40,181,228,72,98,18,79,197,40,44,185,32,40,142,128,29,63,120,12
3,207,0,140,20,145,142,166,70,65,88,199,32,40,178,192,65,66,18,197,198,8,4,191,40,36,142,128,29,92,184,28
2,135,32,140,148,128,142,167,4,5,88,135,32,44,50,64,72,66,131,197,214,136,4,181,40,32,142,193,21,12,148,72
2,21,144,136,151,229,144,66,6,1,72,3,4,60,32,64,205,19,147,145,18,40,16,148,9,4,138,67,145,72,52,146
3,204,0,156,20,145,138,230,86,65,80,71,32,136,51,224,72,106,18,69,167,12,4,191,32,38,154,128,29,29,56,12
3,201,97,76,20,147,140,103,68,64,88,66,32,8,180,228,72,34,18,201,197,168,36,157,32,40,138,128,31,28,248,44
2,131,32,136,132,193,140,101,4,68,80,131,8,12,50,64,72,3,147,133,86,8,4,213,40,32,142,193,21,12,148,84
42,129,114,205,116,132,236,113,69,9,118,2,40,41,52,64,104,162,23,8,208,184,0,205,38,248,128,192,119,136,240,136
2,205,0,140,133,133,14,167,4,2,72,2,32,42,48,64,72,34,19,3,64,40,16,191,33,32,142,0,20,88,144,8
3,133,34,141,20,178,168,34,68,65,90,2,40,40,182,100,104,38,18,161,149,184,37,223,12,44,138,192,21,12,120,76
35,0,163,140,84,146,129,64,84,66,81,82,32,200,181,236,88,40,18,9,129,182,36,138,16,44,154,136,21,46,112,164
3,135,2,136,22,130,168,103,4,5,90,135,41,42,50,64,108,35,147,133,22,152,0,221,40,100,138,192,28,12,184,24
26,210,98,204,70,208,92,53,69,68,84,163,41,14,182,100,78,177,151,133,204,136,36,221,98,105,170,129,55,148,244,125
2,32,16,136,108,133,184,64,142,24,16,0,140,138,96,2,194,9,19,0,2,0,66,208,4,16,10,170,20,8,1,129
0,0,8,136,4,1,0,0,4,0,16,2,16,0,32,64,64,0,19,0,0,0,0,0,0,128,170,0,20,8,48,0
40,0,98,237,68,144,232,80,69,0,116,2,57,9,52,32,106,168,23,137,192,178,36,205,70,105,162,128,119,136,112,136
3,9,99,137,20,147,136,99,68,224,88,66,32,8,180,164,72,34,18,45,133,184,101,157,4,8,138,128,85,12,120,172
2,206,32,138,20,129,138,227,6,5,88,135,32,76,50,64,77,35,147,213,194,8,12,255,40,4,138,193,20,14,52,72
2,20,128,144,19,229,24,66,22,3,72,147,12,150,96,72,79,27,147,144,34,4,16,210,9,6,154,99,148,72,37,18
2,128,0,136,4,129,136,96,4,0,80,2,32,10,48,64,72,0,19,129,0,0,0,213,0,32,138,192,20,8,48,0
2,145,34,136,23,192,184,101,4,1,80,130,44,158,48,64,238,19,147,129,82,136,16,213,41,36,138,195,21,8,161,154
34,201,0,138,84,129,142,230,4,4,88,7,32,136,50,64,72,42,19,197,194,42,4,253,32,0,138,200,29,14,56,204
2,135,0,136,144,193,14,39,4,5,88,131,32,6,48,64,68,18,131,197,82,8,0,245,40,32,138,193,20,12,180,88
2,135,0,136,144,225,24,98,6,5,24,163,8,38,32,64,77,19,131,145,18,8,0,149,8,4,138,193,148,76,52,82
2,128,0,136,4,129,136,32,4,0,80,2,32,8,48,64,72,0,19,129,2,32,0,149,0,32,138,192,20,8,48,0
2,195,2,136,148,129,12,231,4,5,88,131,32,140,50,64,76,10,131,197,82,136,0,189,40,32,142,193,20,12,180,200
3,131,32,136,148,129,12,37,4,4,80,135,32,42,50,64,64,2,19,133,212,8,4,149,40,32,138,192,20,12,176,72
3,197,0,140,148,129,140,167,4,68,88,199,32,32,50,64,68,2,19,69,213,8,4,157,40,32,142,192,28,28,184,92
3,193,32,136,132,145,140,165,68,64,80,3,0,8,178,96,64,2,19,197,212,8,36,149,32,32,142,192,20,28,176,76
3,193,32,136,4,145,140,229,68,64,80,199,32,8,50,192,72,0,19,197,197,40,4,189,32,32,138,192,28,28,184,28
2,20,16,128,19,225,24,66,6,1,8,162,8,22,32,64,79,17,147,144,2,0,16,214,9,4,154,195,148,76,36,18
3,195,32,136,4,129,140,229,4,68,80,135,32,8,50,64,72,0,19,197,212,8,4,157,32,32,142,192,29,28,184,92
2,129,0,136,4,0,132,33,4,0,80,2,0,8,48,64,72,2,19,1,80,40,0,149,32,32,138,192,21,8,144,0
2,16,146,152,51,165,56,66,30,9,88,18,140,146,96,72,231,25,19,144,2,12,18,211,9,20,26,226,144,0,33,131
130,48,144,152,111,133,184,64,30,27,80,50,12,158,96,9,239,25,147,145,34,70,130,208,17,16,218,170,144,8,33,131
2,4,128,136,18,225,24,66,6,5,24,163,0,54,32,64,65,19,147,145,2,8,0,212,8,4,138,195,148,72,36,18
3,72,1,140,4,16,136,132,68,64,80,67,32,8,177,224,64,96,18,69,197,32,36,185,32,32,138,128,28,29,56,12
130,48,144,152,19,229,16,66,22,3,0,18,12,150,96,72,205,25,147,144,2,4,16,210,9,6,154,98,144,8,37,146
2,131,0,136,148,129,12,33,4,4,80,135,0,12,50,64,68,2,131,149,82,8,0,149,40,32,142,193,20,12,180,80
2,129,2,152,27,225,24,103,134,5,72,163,44,134,32,64,106,59,131,128,18,8,2,213,0,32,154,203,20,0,37,154
3,9,3,140,20,146,170,102,68,64,90,66,40,40,180,228,104,34,18,205,197,184,36,253,32,40,138,128,29,14,112,44
2,20,144,152,19,225,24,66,22,3,8,178,12,22,32,72,79,27,147,144,2,12,16,214,9,6,154,67,148,12,37,18
50,72,82,140,70,131,202,100,5,0,240,2,44,10,49,64,106,169,23,225,72,171,0,221,176,128,138,136,53,24,112,136
51,0,98,201,84,147,232,64,69,64,214,2,8,8,182,100,104,136,23,173,141,179,37,220,18,8,138,192,53,12,120,228
2,72,2,137,100,129,168,64,140,0,80,2,168,138,49,65,232,41,19,193,66,184,66,253,4,16,138,136,20,8,49,136
2,134,34,137,22,225,184,66,12,5,90,163,168,14,36,64,111,27,147,145,146,152,4,215,12,4,154,195,149,12,53,214
130,200,18,153,52,141,160,64,30,9,82,0,172,192,32,64,226,40,19,80,2,156,0,255,5,20,26,194,16,8,49,137
58,200,66,238,84,129,74,112,5,0,244,131,41,207,52,64,76,185,23,206,74,139,0,253,114,233,138,136,55,142,112,216
114,201,0,142,92,129,138,228,132,0,208,10,32,202,48,64,72,170,31,195,74,11,10,253,176,32,138,184,20,10,48,136
35,201,99,204,148,131,141,117,68,224,82,66,32,8,180,228,72,34,19,73,193,184,36,157,40,40,142,192,87,12,208,108
2,1,0,136,132,0,12,1,4,0,16,2,0,10,32,64,72,2,19,128,0,0,0,128,0,32,138,128,20,8,176,0
3,143,0,140,148,160,14,167,4,5,88,135,32,34,50,64,64,66,3,197,212,136,4,245,32,36,142,193,20,76,184,72
3,193,32,140,4,129,140,37,68,64,80,135,32,40,50,64,72,2,19,133,212,8,4,157,32,32,142,192,28,12,184,92
3,201,32,142,148,145,142,229,68,64,80,71,32,8,182,224,72,2,18,197,213,40,44,189,32,40,142,192,29,30,184,76
35,72,99,76,68,147,206,244,69,64,112,70,32,72,181,164,72,224,18,111,197,162,36,189,34,40,129,128,95,189,112,236
2,176,144,152,107,197,176,64,142,25,80,48,140,158,96,9,135,25,179,17,18,79,146,209,13,16,26,235,144,8,37,147
66,0,150,145,106,136,184,0,174,17,18,128,140,134,96,74,166,17,127,144,2,0,130,192,132,16,90,234,132,0,33,145
130,138,32,154,22,193,154,194,22,7,81,179,40,206,32,72,79,25,147,131,34,132,10,247,0,6,154,131,149,13,53,210
54,16,82,236,69,70,90,80,5,0,241,2,75,91,45,64,248,169,23,162,8,163,16,204,147,232,130,2,115,42,96,130
50,202,66,172,4,128,206,228,5,4,208,135,41,8,54,64,76,161,151,197,204,171,4,253,176,104,138,144,61,28,120,216
131,143,2,156,148,144,172,103,20,71,90,215,40,42,50,65,110,35,147,133,246,136,4,223,32,38,218,192,29,28,185,12
60,73,106,238,68,131,207,112,68,0,116,2,113,73,177,96,88,232,23,234,200,178,36,60,114,169,160,128,117,187,112,168
24,149,90,168,211,193,176,99,4,1,124,34,61,55,32,64,106,155,147,128,82,138,16,213,235,225,42,67,51,8,165,147
3,207,0,142,148,144,142,167,4,7,25,199,96,104,186,192,85,66,131,199,244,8,12,191,40,36,143,193,28,94,184,92
3,207,0,142,132,17,142,165,4,68,89,135,64,8,186,64,76,66,131,199,212,8,44,181,40,32,142,192,28,94,184,92
38,0,2,138,76,128,138,64,132,0,209,2,64,194,56,64,88,8,19,163,2,3,10,209,16,32,138,200,20,10,48,128
57,72,98,228,68,18,236,84,65,192,118,2,43,9,183,32,122,164,23,233,204,178,37,136,114,233,164,128,103,188,112,200
0,0,0,136,4,0,128,64,4,0,80,2,0,8,48,64,72,0,2,129,0,32,0,128,0,32,138,0,20,8,48,0
131,200,39,156,20,145,138,164,84,64,80,66,32,8,180,229,72,32,18,197,231,44,38,189,32,42,154,128,93,12,120,108
51,0,99,77,84,16,232,64,105,64,240,66,8,8,181,244,104,168,6,168,133,178,100,200,22,40,130,128,111,136,122,164
6,56,146,152,101,132,184,64,174,25,81,0,140,154,97,9,236,57,19,210,2,211,130,192,21,16,154,234,128,1,33,131
35,200,104,202,132,17,207,244,69,64,84,130,48,13,181,100,72,64,19,207,192,32,44,169,98,41,174,128,55,158,240,252
56,66,98,172,68,3,202,112,69,196,240,135,99,205,51,0,88,168,151,103,204,179,4,141,178,233,160,129,119,190,116,216
6,16,146,154,23,228,176,66,30,1,67,18,12,222,33,72,241,57,147,145,18,150,18,210,1,36,154,75,144,9,37,146
58,88,66,174,23,195,90,96,5,0,208,163,123,223,33,0,90,185,151,227,74,163,24,189,243,193,136,185,55,191,52,154
3,193,2,141,148,146,172,167,76,65,90,199,168,40,182,224,104,3,18,197,215,152,69,221,44,40,142,192,29,12,185,28
6,235,4,154,28,193,26,232,134,20,144,163,104,198,33,64,72,113,235,211,66,9,10,253,56,0,139,251,20,15,52,202
134,143,36,154,144,129,30,166,22,21,80,179,96,110,58,65,93,67,131,215,114,72,10,247,40,2,222,193,148,13,180,72
131,133,32,140,133,149,140,39,84,64,72,19,32,8,50,96,64,2,19,133,244,8,52,223,33,32,138,64,20,12,176,78
3,195,32,138,148,129,142,101,4,68,81,135,0,8,50,64,76,2,131,199,212,8,12,181,40,32,142,192,28,14,184,80
56,0,106,197,68,18,233,88,68,128,86,2,81,9,188,96,120,132,23,168,136,176,37,136,66,105,162,132,103,168,112,160
3,8,35,142,4,16,138,96,68,64,81,66,96,72,181,228,72,96,18,207,133,160,44,185,0,40,138,128,93,63,112,108
130,199,32,140,148,129,140,167,4,69,88,135,32,44,50,64,76,2,147,197,212,8,4,253,40,32,142,193,20,28,180,92
3,195,32,136,132,129,140,229,4,68,80,135,32,8,50,64,76,2,19,197,214,8,4,181,40,0,142,192,29,28,184,92
130,2,2,152,20,195,136,72,22,5,81,18,32,200,48,64,88,40,131,145,34,128,0,221,0,0,138,193,20,12,52,0
3,207,32,136,148,129,142,231,4,68,88,135,32,40,50,64,72,66,3,197,246,8,4,191,40,36,142,192,29,28,184,92
2,134,160,152,146,225,152,231,22,5,88,179,12,174,114,64,79,27,131,149,50,8,6,247,40,6,158,195,149,12,181,83
0,129,0,136,180,129,128,35,4,0,88,2,128,32,48,64,200,2,2,1,82,40,64,149,36,48,138,64,20,8,144,0
2,133,115,201,52,129,169,98,76,1,120,66,172,8,52,64,234,3,19,145,147,184,0,213,4,24,138,192,85,8,113,161
2,202,32,136,20,129,136,100,134,5,80,163,32,142,50,64,76,41,139,197,66,9,2,253,32,32,138,233,20,12,52,72
50,74,98,172,70,193,154,100,4,4,80,163,41,14,54,64,76,169,147,199,0,130,4,253,48,96,138,137,21,29,116,216
2,148,144,152,151,225,152,66,30,3,72,19,12,158,96,72,233,27,147,145,18,14,18,211,9,6,154,107,149,12,53,146
2,133,0,136,149,193,140,35,4,0,88,2,32,40,48,64,72,2,19,129,82,8,0,157,32,32,138,65,20,8,176,10
2,131,32,136,148,129,140,103,4,69,88,167,40,14,50,64,78,3,147,133,214,8,4,221,40,32,138,193,21,12,180,216
2,194,0,152,20,129,136,68,22,21,80,163,32,138,50,64,72,56,131,129,66,12,2,157,0,0,154,137,21,12,52,200
3,197,32,140,148,145,140,231,68,64,88,131,32,44,54,96,72,2,19,197,212,40,36,245,40,40,142,128,20,92,176,76
130,52,176,152,19,229,184,66,30,91,80,51,12,158,96,72,239,27,147,145,34,14,18,211,9,22,154,235,144,76,37,211
3,141,32,140,20,144,142,166,4,64,88,135,32,40,178,96,72,34,19,197,229,40,36,255,32,32,138,128,29,12,56,92
3,131,32,140,148,145,140,101,4,68,80,199,40,8,54,64,76,35,147,133,214,8,4,221,32,32,142,193,29,12,184,92
2,48,176,152,11,228,144,66,30,87,8,21,140,158,98,72,197,27,179,145,2,68,146,194,9,22,154,43,144,68,37,211
7,76,131,154,20,147,138,192,86,194,80,70,32,232,183,236,89,106,18,223,167,164,14,238,40,14,159,128,157,127,120,140
62,0,66,230,68,2,74,80,33,128,243,130,75,15,60,80,126,141,21,162,8,179,0,136,146,233,138,132,103,170,98,0
3,165,114,65,244,159,253,119,109,105,126,130,40,44,182,36,38,42,19,136,215,184,36,221,47,24,142,194,71,132,209,237
35,106,226,158,76,144,170,192,130,192,208,199,40,200,119,130,108,105,51,199,197,67,142,233,16,40,139,168,13,63,58,156
3,201,3,136,20,129,174,229,4,64,80,195,40,10,48,224,104,35,19,197,215,136,4,253,32,32,142,192,29,28,184,12
118,0,66,140,12,2,202,64,133,0,145,2,66,200,57,64,120,164,95,163,8,35,0,200,144,32,138,156,21,43,112,128
39,104,227,222,68,146,139,64,210,194,113,66,96,232,181,172,88,104,18,139,129,230,174,232,0,14,203,168,87,175,112,164
2,135,2,136,146,128,60,103,12,5,88,163,44,38,50,64,102,19,147,133,82,136,0,213,40,36,138,195,20,4,165,201
61,72,98,238,4,131,194,80,69,192,241,10,107,72,53,32,120,224,21,227,140,163,76,172,146,233,160,24,119,191,112,0
119,10,66,12,64,18,74,64,225,192,247,199,75,202,183,244,124,164,158,239,141,131,36,204,146,104,130,152,47,167,122,84
2,149,18,136,51,225,184,99,14,1,90,178,172,190,32,64,231,27,147,145,18,136,16,215,44,52,26,195,148,0,165,27
241,0,106,93,68,50,105,18,117,3,118,18,17,9,180,121,104,172,55,136,136,190,165,64,86,171,242,192,103,128,112,32
2,128,18,153,48,173,184,2,62,25,82,16,140,146,96,72,231,9,19,16,18,156,2,213,13,20,154,194,144,4,33,131
35,129,99,65,212,19,237,125,69,224,86,66,16,8,180,36,120,12,18,253,209,184,101,204,44,8,135,196,87,172,240,236
66,4,210,248,36,160,120,18,189,11,126,18,141,171,52,88,231,163,63,153,26,12,2,211,134,254,154,202,150,192,97,1
2,159,2,136,146,162,58,99,4,5,90,167,44,110,34,64,126,51,147,181,150,152,4,221,40,36,138,195,28,4,189,83
61,72,107,79,100,147,207,112,68,64,117,66,121,73,181,224,122,96,22,234,205,176,44,189,98,233,160,128,119,187,120,172
61,0,106,76,68,18,235,112,69,128,119,2,89,73,181,228,120,168,6,234,137,178,36,140,82,233,160,0,119,171,112,160
60,88,114,238,102,131,90,112,197,128,245,42,107,217,181,20,126,184,23,106,200,163,8,157,242,233,129,186,119,187,114,129
61,88,107,78,102,147,235,112,68,64,119,162,115,93,181,100,94,176,23,234,201,178,36,173,114,233,160,128,119,171,112,241
6,233,132,158,28,129,136,232,150,176,80,2,96,232,121,3,88,104,51,209,66,74,138,185,8,2,207,236,20,42,16,136
2,128,22,153,36,168,184,0,174,17,82,16,172,138,32,72,230,43,59,144,18,152,2,209,12,48,26,194,148,0,33,129
2,135,32,137,146,163,184,103,14,5,88,163,12,142,50,64,111,27,131,149,18,152,1,213,44,4,154,199,149,12,189,201
3,203,97,140,4,145,142,229,68,68,80,199,32,12,182,228,76,33,19,205,197,40,36,253,32,40,142,128,29,28,248,220
2,148,18,152,147,229,184,99,30,1,72,19,44,62,32,64,239,27,147,145,50,140,16,215,9,22,154,195,144,4,165,211
2,135,32,137,150,161,184,99,14,5,88,163,172,46,50,64,111,27,147,149,18,24,68,213,44,4,154,227,149,12,181,195
2,135,32,136,150,193,152,103,6,5,88,163,40,142,50,64,78,27,147,149,82,8,0,221,40,36,138,195,21,12,181,202
2,149,18,152,147,229,48,67,30,1,72,18,44,158,32,64,231,27,147,145,50,136,16,215,9,52,154,75,144,0,165,146
59,0,83,225,70,18,104,80,37,0,242,66,15,11,180,164,110,137,23,137,141,178,36,204,146,200,138,128,63,136,104,164
2,151,16,152,147,225,56,99,30,69,72,179,44,182,32,64,231,27,147,145,50,8,16,215,9,6,154,195,148,4,165,83
50,64,66,136,68,1,232,68,45,0,240,2,8,10,49,64,106,137,31,241,10,51,64,192,148,32,138,232,21,9,113,128
2,193,32,136,20,129,140,165,4,0,80,2,0,10,48,64,72,2,19,129,210,8,0,149,40,32,142,192,20,8,176,0
54,64,98,232,84,2,74,64,65,0,240,10,11,10,61,16,120,137,23,226,136,179,0,140,178,201,130,132,117,187,114,128
2,135,34,136,150,128,140,103,4,5,88,135,40,46,50,64,76,3,147,133,214,8,4,213,40,32,138,193,21,12,180,88
35,73,99,206,68,147,175,112,68,64,114,66,112,72,181,228,120,96,18,234,193,176,36,237,32,40,130,128,87,191,112,172
2,180,16,152,241,165,184,66,30,9,88,18,140,158,96,8,205,27,147,145,18,14,18,211,9,20,26,234,144,12,33,147
2,131,0,136,144,129,140,37,4,68,80,135,32,14,50,64,76,3,147,133,82,8,0,213,40,0,138,193,20,12,180,80
35,200,66,140,20,147,138,224,68,64,80,70,32,136,183,228,72,40,18,71,199,170,4,189,34,8,138,128,93,29,120,140
2,144,178,153,52,165,184,66,30,25,80,51,140,158,116,72,207,25,147,149,146,12,2,213,13,28,154,234,148,12,33,147
37,72,99,76,68,147,227,112,69,0,117,66,112,65,181,228,88,32,2,234,193,178,44,189,32,40,161,0,127,187,112,164
2,0,2,137,68,129,168,64,12,17,82,2,136,138,48,72,104,9,27,145,2,153,1,208,20,32,154,196,20,8,49,128
2,128,18,136,52,129,184,64,172,0,80,2,172,138,48,64,230,25,31,145,2,1,2,213,144,144,10,234,20,0,33,129
35,203,96,136,20,209,142,229,68,68,80,231,32,12,182,192,72,34,147,197,199,40,36,189,34,0,142,193,93,28,216,220
35,131,34,140,20,145,172,103,4,68,88,135,32,8,50,64,72,34,19,133,214,168,4,221,32,32,138,192,29,12,248,220
2,150,0,136,147,225,152,66,6,1,88,179,12,30,32,72,79,19,147,145,50,8,0,215,8,6,154,195,148,12,37,19
2,148,18,152,19,224,184,103,28,1,72,179,44,62,32,64,230,51,147,129,50,136,16,223,41,38,154,195,20,4,165,27
2,193,0,140,132,129,140,229,4,0,80,2,0,8,48,64,72,2,19,129,80,8,0,149,32,32,138,192,20,8,176,8
34,203,97,136,84,145,143,228,68,68,84,135,32,12,182,132,76,104,147,207,198,42,44,189,34,8,142,161,87,156,220,252
3,147,32,136,183,133,188,103,12,77,88,167,12,62,34,64,238,19,147,133,214,8,0,213,40,16,142,194,29,12,185,223
2,151,18,137,178,224,184,35,14,1,90,163,140,62,32,64,231,19,147,145,18,152,1,215,44,52,154,195,148,68,165,19
3,193,32,136,4,129,142,165,4,64,80,131,32,12,48,96,72,0,19,69,196,40,4,181,32,0,142,192,21,28,176,76
3,209,32,136,151,209,156,229,12,64,80,162,44,30,54,96,238,27,147,193,215,8,52,213,41,0,142,195,21,12,181,222
2,203,32,136,148,129,140,229,4,5,80,135,40,14,50,64,76,3,147,197,210,8,4,253,40,0,142,193,20,12,180,72
3,193,32,140,4,145,140,165,68,64,80,135,32,12,50,96,72,0,19,133,196,8,36,157,32,0,142,192,20,28,176,92
3,129,34,136,183,133,188,103,12,73,90,131,140,14,50,96,226,3,19,149,214,152,4,213,45,48,142,194,20,12,177,213
34,203,96,138,84,129,138,228,6,5,80,131,32,138,48,64,76,139,147,213,194,10,8,253,56,0,142,233,21,30,180,136
2,193,1,140,132,129,140,37,4,0,80,2,32,8,48,64,72,2,19,129,80,8,0,149,32,32,142,192,20,8,176,8
3,203,0,136,148,129,140,229,4,1,80,131,32,8,50,64,72,2,19,197,214,8,4,189,40,0,142,193,29,12,184,8
2,151,16,136,146,225,28,99,4,1,88,162,12,22,32,64,70,19,147,144,82,8,0,213,40,0,138,195,20,64,165,19
3,201,1,142,20,145,142,166,70,65,88,70,32,40,182,228,64,66,18,79,199,8,44,189,32,46,158,128,28,30,184,76
2,129,2,141,148,139,168,35,4,1,90,2,160,8,48,64,104,34,19,129,16,152,65,157,36,48,138,192,20,8,176,8
3,201,1,142,132,16,142,164,68,64,80,198,32,40,181,228,72,98,18,71,197,168,12,173,32,40,142,128,29,63,120,12
3,207,0,140,20,145,142,166,70,65,88,199,32,40,50,192,65,98,19,197,230,8,4,191,40,38,158,128,28,92,184,28
2,143,32,140,148,128,142,167,4,4,88,135,32,40,50,64,76,66,131,197,212,136,4,189,40,32,142,193,21,12,148,76
2,20,176,136,21,229,144,66,14,9,88,18,12,188,96,64,205,27,147,17,146,40,16,210,9,22,154,226,144,72,53,147
3,206,0,156,20,145,138,230,86,65,88,199,32,136,50,192,64,106,19,197,230,8,4,191,32,38,154,128,28,28,56,12
35,201,99,76,148,147,140,103,68,64,90,66,32,40,180,228,72,34,18,73,197,184,36,189,32,40,138,128,87,12,248,44
48,201,106,204,84,129,103,245,68,0,116,2,49,9,176,64,104,162,6,200,202,168,36,61,98,169,162,0,117,152,240,136
34,129,98,205,116,152,236,51,77,1,126,2,40,41,180,68,72,34,19,136,208,184,32,221,38,56,130,192,87,136,240,168
3,133,3,140,20,144,168,103,4,65,90,194,40,44,176,228,104,35,19,205,215,152,36,221,32,32,138,192,29,12,185,28
2,141,0,142,133,165,14,167,4,2,72,2,32,42,32,64,72,34,19,194,64,8,24,191,33,36,142,0,16,90,176,8
39,0,227,204,84,178,169,64,84,64,81,66,32,200,181,236,88,40,18,137,129,182,36,202,0,44,154,136,149,174,112,228
3,132,35,137,52,176,168,34,44,65,90,210,168,14,182,228,102,43,19,157,183,152,37,223,4,62,154,192,28,4,57,84
11,145,98,200,151,212,189,113,68,64,68,38,56,30,182,100,102,19,147,141,211,136,52,213,99,41,138,194,55,132,177,117
2,22,0,136,23,225,144,66,6,5,88,163,12,158,32,64,75,27,147,145,18,8,0,213,9,4,154,195,148,12,53,211
34,232,32,152,94,193,154,228,134,84,16,163,40,142,48,0,72,57,147,197,66,11,6,253,16,0,138,235,21,12,52,218
4,0,0,138,4,0,2,128,4,0,17,2,64,64,40,64,88,64,19,98,0,0,8,160,0,0,138,0,20,27,48,0
2,0,82,168,116,132,232,64,45,8,112,2,44,138,52,64,234,169,23,128,2,178,0,205,22,216,138,128,81,136,97,136
130,137,0,152,150,193,154,231,22,69,80,163,40,142,32,64,73,27,147,209,82,8,2,247,40,4,158,195,20,12,180,218
130,48,144,152,3,197,152,66,30,27,0,19,12,158,96,72,237,25,147,145,34,68,18,210,1,6,154,171,144,12,37,146
2,0,32,136,4,129,136,64,4,0,80,2,8,10,48,64,72,1,19,129,128,0,0,213,0,0,138,192,20,8,48,0
35,203,34,142,84,145,138,100,4,4,80,135,32,8,54,64,72,42,19,197,198,42,12,253,32,8,138,128,29,14,120,204
2,131,0,136,148,129,140,101,4,68,80,135,32,14,50,64,76,3,147,133,214,8,4,149,40,0,138,193,28,12,184,84
2,135,32,138,148,129,142,231,4,5,88,135,32,46,50,64,76,2,131,197,210,8,0,189,40,32,138,193,20,14,180,72
2,128,0,136,4,129,136,96,4,0,80,2,32,8,48,64,72,0,19,129,2,32,0,157,0,32,138,128,20,8,48,0
2,199,0,136,144,193,12,231,4,5,88,163,32,14,50,64,76,59,131,197,82,8,0,189,32,0,138,193,20,12,180,72
3,192,0,140,4,145,140,165,68,64,80,199,32,8,178,192,72,32,19,197,197,40,4,157,32,32,142,128,29,28,184,28
3,193,0,140,148,128,140,167,4,68,88,135,32,34,50,64,68,66,19,197,213,8,4,189,40,32,142,128,28,28,184,92
3,193,32,136,132,145,140,229,68,64,80,3,0,8,50,96,64,2,19,197,212,8,36,149,40,32,142,192,20,28,176,76
3,200,0,140,4,145,142,229,68,64,80,199,32,8,178,224,72,0,19,197,197,40,4,189,32,32,138,128,29,28,184,28
2,135,0,136,144,225,136,66,6,5,24,163,0,46,32,64,77,19,147,145,18,8,0,212,8,4,138,195,148,76,52,82
2,193,0,136,4,128,132,33,4,0,80,2,32,8,48,64,72,2,19,1,64,40,0,149,32,32,138,192,20,8,176,8
2,148,144,152,19,229,184,66,30,1,72,18,12,150,96,72,231,27,147,144,18,12,16,215,9,22,26,66,144,0,33,131
2,52,176,152,19,229,152,66,30,3,0,179,12,158,96,72,207,27,147,145,34,12,18,210,9,4,154,227,149,12,37,210
2,195,0,136,148,129,140,37,4,4,80,135,0,8,50,64,72,2,19,133,214,8,4,149,40,0,142,192,28,12,152,80
2,148,0,152,147,225,152,67,22,71,72,179,8,62,32,64,79,27,147,145,50,8,16,215,9,6,154,195,148,76,181,82
36,0,106,76,4,2,195,80,68,128,87,2,81,73,189,96,88,36,2,42,129,160,36,8,66,40,163,0,101,170,112,160
130,16,144,152,3,165,16,66,30,11,0,18,12,150,96,72,237,25,147,144,2,4,18,210,9,6,154,98,144,8,37,147
2,52,144,136,19,225,24,66,6,1,8,179,12,150,96,64,75,27,147,144,18,8,16,215,9,4,154,227,148,12,37,18
1,9,99,207,20,130,175,113,68,64,87,66,112,64,180,100,120,32,18,235,209,184,36,237,32,40,170,128,23,170,112,236
130,20,144,152,19,229,16,66,22,3,64,18,12,150,96,72,239,27,147,144,34,12,16,211,9,6,26,99,144,8,37,19
50,72,66,136,84,129,234,96,5,0,240,2,40,10,49,64,106,161,31,193,72,171,64,253,176,48,138,128,21,8,113,136
51,0,98,168,84,18,200,80,69,64,210,135,9,12,182,96,120,136,23,165,141,179,37,204,146,104,138,128,53,140,120,212
130,16,50,153,23,227,184,66,28,67,82,179,12,158,38,72,239,57,147,145,34,148,4,214,5,4,154,195,149,12,53,211
2,72,6,153,36,129,168,64,140,16,80,2,172,130,49,65,202,40,19,193,66,152,66,253,4,48,138,128,20,8,49,136
128,136,18,153,53,141,48,66,62,9,82,0,172,128,32,64,224,40,2,0,34,156,16,255,5,54,26,66,16,8,49,137
2,201,2,142,92,129,138,224,134,0,208,2,32,200,48,64,72,168,27,195,66,43,10,253,48,32,138,184,21,10,48,136
58,200,98,238,84,129,202,240,5,0,244,131,41,207,180,68,110,169,23,206,202,138,0,253,114,233,138,128,55,143,112,216
2,159,18,136,18,227,184,98,12,5,90,163,44,30,32,64,102,59,131,128,18,152,0,223,32,36,138,195,17,0,37,219
3,193,99,140,20,147,173,101,68,65,82,66,32,136,180,224,104,42,19,197,215,184,36,221,40,40,138,192,21,12,240,108
35,201,99,204,20,131,173,117,68,64,82,66,32,136,180,228,72,42,18,73,193,184,36,157,40,40,142,192,85,12,240,108
2,65,0,136,132,0,140,5,0,0,16,2,0,8,48,64,72,0,19,129,0,0,0,128,32,32,142,128,20,24,176,0
3,207,0,140,148,144,142,231,68,0,88,71,32,104,50,64,72,98,2,197,212,40,4,189,40,36,142,192,28,92,184,12
3,131,32,140,148,129,140,37,4,5,80,135,32,40,50,64,76,3,147,133,214,8,4,221,32,32,142,192,28,12,184,88
48,8,74,238,68,2,66,16,4,128,119,2,115,73,161,80,88,228,21,106,8,162,32,8,82,233,160,0,53,171,112,0
3,193,0,140,6,145,140,101,4,64,80,199,40,14,178,224,78,3,19,133,199,8,4,221,32,32,138,128,29,12,184,28
