130,144,18,152,19,229,184,66,22,19,64,19,12,150,32,73,229,25,147,145,34,140,18,215,1,6,154,67,144,12,37,146
2,133,0,140,4,129,132,39,4,0,88,66,32,32,32,64,64,2,19,0,82,8,0,157,40,32,142,192,28,8,176,8
130,48,146,147,3,164,56,64,62,27,67,18,12,150,104,72,247,25,51,145,2,148,18,194,5,20,154,198,128,0,33,131
0,136,0,140,4,129,2,32,4,0,80,66,32,64,48,192,64,32,2,195,65,8,0,189,0,32,138,64,28,9,24,8
56,216,72,234,87,197,222,212,6,0,116,3,49,223,33,0,76,249,151,195,74,34,24,189,115,193,168,129,53,155,52,154
0,129,0,140,132,0,12,33,4,0,80,2,0,8,32,64,64,2,2,0,80,8,0,149,32,32,138,64,20,8,176,0
3,195,0,140,132,129,140,37,4,4,80,135,0,8,50,64,64,2,19,133,212,8,4,149,32,32,138,192,28,12,184,16
128,132,35,201,20,139,160,66,78,1,112,82,136,8,52,64,104,8,19,145,178,188,0,215,12,12,154,64,213,8,112,128
2,135,0,152,146,225,152,231,22,5,88,163,12,46,34,64,79,19,131,145,18,8,0,215,40,6,158,195,148,76,181,83
3,10,34,142,20,129,138,64,4,68,81,135,32,136,50,64,72,40,19,199,134,160,4,253,0,32,138,128,29,14,56,220
131,199,32,140,4,144,140,167,4,68,88,135,32,40,50,64,72,34,19,197,245,8,36,191,32,32,142,128,28,12,184,92
39,139,96,138,84,145,142,225,4,68,81,135,96,72,62,0,88,40,19,231,214,42,44,189,34,8,138,192,93,14,240,208
7,140,3,154,148,178,174,162,20,67,82,211,72,110,49,233,117,99,19,183,183,140,12,255,40,38,207,196,156,117,57,4
60,8,98,174,68,131,66,80,69,192,241,10,99,73,51,0,120,232,23,227,136,178,76,172,146,233,160,0,119,191,112,0
2,159,34,136,146,160,186,35,4,5,91,167,108,110,42,64,127,51,147,181,150,136,4,221,40,36,138,195,148,4,189,83
2,48,144,152,11,229,152,66,30,31,0,51,12,158,96,72,229,25,179,145,2,68,18,208,9,18,218,235,144,12,37,147
66,48,16,128,108,9,184,64,138,24,16,40,140,154,96,2,134,17,95,17,2,3,130,208,4,16,10,186,16,8,3,131
4,233,132,158,156,128,6,168,150,145,16,2,96,224,121,75,81,104,34,211,66,64,10,189,40,2,207,4,148,59,16,0
2,48,144,144,3,229,144,66,30,19,0,19,12,158,96,72,229,25,147,145,2,68,18,210,9,22,154,107,144,4,37,211
44,0,106,206,68,2,235,80,68,128,119,2,81,73,185,96,120,100,19,234,128,176,44,8,66,169,162,128,101,171,112,160
35,200,97,204,4,145,143,228,68,64,80,66,48,72,181,228,72,96,18,75,193,40,44,189,32,8,142,128,85,28,112,236
2,48,176,153,83,197,184,72,30,17,64,19,140,158,96,72,205,25,147,145,2,6,18,211,13,20,154,235,149,12,37,211
50,0,66,136,84,2,202,64,37,0,241,2,10,10,36,80,120,136,23,226,8,179,0,196,144,136,138,136,101,11,114,128
45,72,99,78,68,146,239,112,69,192,119,66,120,73,181,228,120,96,18,234,129,160,36,236,32,40,130,128,87,191,112,228
44,8,106,78,68,131,227,112,69,128,117,2,115,73,181,36,120,168,23,234,136,178,36,140,82,169,160,0,119,171,112,160
60,0,98,236,68,2,224,88,69,0,114,2,67,73,56,64,88,128,6,32,136,176,0,136,66,233,162,0,119,170,112,128
33,200,99,76,4,145,134,228,68,64,112,66,32,8,181,228,72,32,18,75,199,168,36,189,34,8,130,0,87,28,120,140
3,201,99,140,20,147,132,101,68,64,82,66,32,8,180,228,72,32,18,77,197,168,36,157,32,40,138,128,93,28,248,172
2,135,34,140,16,129,8,103,4,5,88,135,40,46,50,64,76,35,147,133,210,136,4,221,40,32,138,193,20,12,180,88
2,131,0,136,146,193,28,39,4,5,72,131,40,38,32,64,68,19,131,129,82,8,0,221,41,32,138,195,20,12,180,72
2,139,32,140,148,129,12,103,4,5,88,135,32,46,50,64,76,35,147,197,214,136,4,221,40,32,142,128,20,12,180,88
2,131,32,136,148,129,12,33,4,4,80,135,0,12,50,64,64,2,131,133,210,8,0,149,40,32,138,193,20,12,148,80
3,193,0,140,4,129,12,37,68,64,80,135,32,8,50,64,64,0,19,5,197,8,4,149,32,32,142,128,28,28,152,92
2,161,16,136,177,229,144,67,14,9,88,2,140,146,96,64,193,27,19,144,18,8,0,213,9,20,138,227,144,8,161,3
2,145,16,136,147,133,152,101,6,1,64,130,12,30,32,64,196,27,147,145,82,8,16,213,41,16,142,66,16,12,161,146
98,0,64,129,68,8,200,0,9,32,176,10,142,10,16,0,106,129,29,129,8,32,64,192,132,16,138,176,37,8,83,0
0,193,0,136,132,129,12,37,4,0,80,2,32,8,32,64,64,0,2,0,80,8,0,149,32,32,138,64,20,8,144,0
2,135,0,156,16,193,24,39,6,5,88,163,32,166,32,64,73,51,163,128,18,136,0,159,40,38,154,195,20,12,180,90
52,0,66,128,68,2,232,64,1,32,243,2,74,8,56,64,120,133,6,161,8,179,0,200,144,32,138,4,69,42,112,128
2,145,66,152,83,193,176,97,134,17,64,163,8,158,32,64,106,155,147,145,82,10,18,213,17,0,138,107,21,12,180,146
41,0,106,105,84,153,224,80,69,64,116,2,49,9,180,32,104,136,19,137,134,176,101,149,86,105,162,128,119,136,112,204
130,16,2,153,86,131,184,64,28,3,80,179,172,142,33,73,110,57,147,145,34,150,0,220,4,38,154,194,149,8,49,153
2,4,2,137,20,161,168,66,4,1,90,147,172,142,48,64,108,59,19,149,18,152,0,223,4,52,138,192,20,12,49,152
2,13,2,141,20,131,40,35,4,1,90,2,160,138,48,64,104,42,19,129,16,152,1,221,4,52,138,192,20,8,48,8
0,141,2,141,20,139,32,35,4,1,90,2,160,32,32,64,72,34,2,0,16,152,65,189,44,38,130,64,20,8,16,8
130,0,150,152,36,133,56,64,158,25,80,16,140,130,96,73,197,9,51,144,2,64,2,208,5,16,218,170,16,0,33,129
2,203,128,140,148,129,140,39,6,5,88,135,32,160,50,64,64,34,35,5,80,8,6,157,32,36,158,128,28,28,144,72
2,135,0,144,144,225,28,103,22,7,24,179,0,46,34,65,69,19,131,144,114,8,0,151,40,6,158,193,148,76,148,64
2,132,18,152,53,165,56,66,30,9,80,18,140,130,32,72,229,27,19,144,50,140,0,215,9,22,154,194,144,0,33,1
16,0,2,128,68,2,232,64,5,0,242,2,10,10,32,64,104,128,6,128,8,179,0,192,144,0,138,0,5,8,48,0
3,193,32,136,132,129,140,37,4,64,80,135,0,12,50,64,64,2,147,5,212,8,4,149,40,32,142,192,20,12,148,88
60,0,98,236,68,2,64,80,69,0,113,2,67,73,53,64,88,160,6,32,136,178,0,136,82,233,160,0,119,170,112,128
0,193,0,140,132,129,12,37,4,0,80,2,0,8,32,64,72,0,2,0,80,8,0,149,32,0,142,64,20,24,144,0
0,128,0,136,4,129,4,33,4,0,80,2,32,0,48,64,64,0,2,129,80,8,0,149,32,32,138,64,20,8,176,0
33,201,97,76,20,145,135,228,68,0,116,66,32,8,180,228,72,32,18,75,195,40,36,189,32,40,130,0,87,24,112,172
3,205,128,158,148,128,142,166,20,71,16,135,96,104,50,65,65,98,19,199,228,72,12,191,40,38,223,128,28,124,152,92
2,148,18,136,147,225,184,66,14,1,88,34,12,158,32,64,111,27,147,144,18,10,18,213,25,4,138,203,145,0,37,147
33,201,99,204,4,145,173,101,68,0,116,66,40,8,180,228,104,32,18,200,193,168,36,221,34,40,130,0,87,152,225,172
33,201,97,204,4,145,134,229,68,64,80,66,32,8,180,228,72,64,18,67,199,40,36,189,34,8,142,0,85,28,248,204
2,131,32,136,148,129,140,101,4,68,80,135,32,14,50,64,72,11,3,133,214,8,4,213,40,0,138,193,21,12,180,216
3,193,32,140,132,145,140,165,68,64,80,7,32,8,50,96,64,2,19,133,213,8,36,149,32,32,142,192,28,28,184,76
130,0,146,152,52,160,184,2,30,11,82,18,140,130,32,72,195,9,34,16,34,140,2,215,4,54,154,194,148,8,33,129
3,193,0,136,132,145,12,165,68,64,80,71,32,8,50,96,64,2,19,133,213,8,4,149,32,32,142,192,28,28,184,76
2,52,144,152,147,229,56,66,30,11,88,147,12,190,96,72,231,27,147,145,18,12,16,214,9,6,154,226,148,68,37,211
2,180,144,152,147,225,152,67,14,69,72,183,12,190,98,64,207,27,147,145,18,8,16,215,9,6,154,227,148,68,165,211
2,131,32,138,20,129,8,33,4,5,89,135,96,14,50,64,68,3,131,133,210,8,0,149,32,32,138,193,20,14,180,88
2,182,16,152,147,225,144,67,22,69,72,183,12,190,96,64,207,27,147,145,50,8,16,215,9,6,154,227,149,76,165,211
2,135,0,138,148,161,136,43,4,5,89,135,64,72,58,64,92,2,147,181,18,8,8,149,8,32,138,193,20,14,180,64
2,144,146,152,19,229,56,66,30,87,64,183,12,158,32,72,231,27,179,145,18,12,18,215,9,6,154,67,144,68,37,211
37,0,106,76,68,2,235,88,64,128,119,2,81,73,188,32,120,140,22,170,136,178,44,72,82,41,161,132,101,171,112,160
82,0,18,129,6,8,168,64,172,16,146,2,140,10,112,66,102,129,95,129,2,1,1,192,148,0,138,192,21,0,33,128
130,0,22,152,36,129,184,64,158,25,80,18,140,138,112,73,206,25,19,145,2,16,2,208,4,16,218,168,20,8,49,129
2,135,34,152,148,225,168,99,20,7,90,179,40,46,50,65,109,3,147,133,50,136,4,215,40,38,154,193,20,76,181,64
3,72,5,156,4,145,138,100,84,64,80,66,32,8,181,229,72,32,18,79,197,40,36,189,0,40,202,128,21,29,112,236
0,201,1,140,4,0,4,37,4,0,80,66,48,0,32,64,72,34,2,0,65,8,0,29,32,32,174,0,28,56,56,8
2,129,32,140,20,129,136,32,4,1,80,2,32,8,48,64,64,34,19,129,146,8,0,157,0,32,138,192,20,12,48,64
3,200,1,156,20,145,140,164,84,80,80,70,32,8,180,225,72,0,18,69,231,40,4,189,32,40,138,192,29,28,56,12
2,0,130,136,4,128,168,64,4,0,80,2,0,138,48,64,72,40,2,145,2,178,0,192,0,32,138,136,20,8,48,128
35,77,107,206,4,18,239,113,68,192,95,198,112,76,183,100,120,100,19,239,193,176,36,200,96,40,170,128,45,254,112,124
0,0,82,200,70,129,184,64,12,0,112,2,13,10,52,64,110,1,19,128,0,32,0,209,0,73,130,2,85,8,97,129
134,48,146,147,67,132,56,64,62,27,67,18,140,150,104,72,247,25,147,145,2,148,146,194,21,20,154,230,144,0,33,131
2,23,0,128,130,32,28,35,0,69,24,231,8,38,50,64,78,19,147,133,148,8,4,192,40,0,142,130,156,68,140,80
56,200,104,238,68,209,214,240,68,68,116,131,49,205,51,0,88,232,147,195,74,34,44,189,99,73,160,169,119,191,84,218
6,16,146,152,23,226,184,66,30,3,75,18,12,222,40,72,243,57,179,145,18,148,17,214,9,38,154,71,149,0,37,18
3,217,49,200,36,149,175,245,76,72,80,98,172,28,180,228,206,27,18,201,195,40,36,253,32,24,142,130,23,28,177,237
56,216,72,234,87,197,90,244,6,0,208,131,59,223,33,0,204,249,151,195,74,34,24,189,243,193,168,9,53,27,52,219
22,139,0,138,31,193,154,224,134,4,145,171,32,206,33,64,88,177,219,227,74,3,10,253,176,0,139,251,20,15,52,90
3,133,2,137,148,179,172,103,68,65,90,199,8,40,178,64,104,10,19,133,214,184,5,213,36,32,138,192,29,12,184,148
32,72,90,206,116,133,251,244,4,8,116,2,49,19,161,64,110,112,6,202,66,168,32,125,97,169,162,128,113,155,96,171
44,0,106,68,68,18,224,88,68,128,118,2,83,9,188,96,88,132,6,168,136,176,37,136,66,233,160,4,103,170,112,128
130,240,16,152,91,197,144,196,150,17,0,27,44,158,96,9,201,25,147,209,66,78,18,241,25,16,154,107,16,12,165,154
7,8,99,206,4,0,139,0,68,192,80,66,48,72,181,100,72,96,18,203,129,160,36,168,0,40,138,128,21,187,112,44
2,129,0,140,132,133,140,37,4,8,80,2,32,8,48,64,72,2,19,1,80,40,0,149,33,32,138,192,16,8,176,0
5,8,106,78,4,2,203,16,68,128,119,2,80,65,181,100,88,100,18,234,129,160,36,72,64,40,162,0,101,171,112,32
130,176,128,152,27,193,16,198,150,5,0,179,12,158,96,64,203,27,147,145,50,12,2,247,9,4,158,235,148,12,181,218
2,131,0,136,132,129,140,39,4,68,88,135,0,8,50,64,68,2,147,197,214,8,4,149,32,32,142,192,20,28,180,92
130,2,2,152,20,131,136,64,20,4,81,18,0,200,48,65,88,40,19,177,34,176,0,221,0,0,138,192,20,12,52,128
0,133,83,137,52,161,169,66,14,1,122,66,140,10,52,192,106,11,2,145,19,184,0,215,12,28,138,64,213,8,97,128
2,203,0,136,20,129,138,229,6,5,80,131,32,142,50,64,76,43,147,197,66,8,0,253,40,36,138,193,20,12,180,72
2,207,0,140,20,129,142,167,6,5,88,135,32,40,50,64,72,34,147,197,214,8,4,189,40,36,142,192,28,12,184,72
2,135,0,152,146,225,152,231,6,5,88,163,12,46,34,64,79,19,131,145,18,8,0,215,40,6,158,195,148,76,181,83
2,202,34,138,20,129,138,96,4,68,209,135,32,140,50,64,76,40,147,199,194,130,4,253,0,0,138,137,21,15,52,216
3,203,32,136,20,129,140,229,4,64,80,199,32,8,50,64,72,0,19,197,198,8,4,189,32,0,138,128,29,28,184,220
2,193,0,136,132,129,140,165,4,0,80,2,32,8,48,64,72,2,19,129,80,40,0,149,32,32,142,192,21,24,176,0
0,148,18,152,21,165,56,66,30,9,72,18,140,154,32,72,229,27,2,144,18,140,16,215,13,22,26,66,144,72,33,130
34,195,32,140,20,129,140,229,4,68,80,135,32,8,50,64,76,3,147,197,214,40,4,221,32,0,142,192,29,12,176,216
131,197,32,136,132,1,140,167,4,68,88,151,32,44,50,64,76,3,19,133,212,8,4,151,40,32,142,192,21,28,176,92
3,133,2,140,20,146,140,99,68,64,90,70,32,40,176,224,72,34,18,133,213,152,4,221,32,32,138,128,28,12,184,12
2,131,32,136,148,145,140,101,4,68,80,135,32,12,54,64,76,3,147,133,214,8,36,213,40,32,138,193,21,12,180,92
131,207,32,156,4,144,140,167,20,68,88,151,32,40,50,64,72,34,19,133,244,12,4,191,32,36,142,128,28,12,184,92
2,220,160,138,23,225,154,198,6,69,88,167,40,206,51,64,79,91,147,213,38,10,28,255,40,4,158,171,157,95,61,222
47,9,98,65,212,147,198,113,69,224,116,70,0,8,183,164,88,40,18,125,213,186,101,156,46,12,135,196,95,172,248,132
131,13,99,222,148,176,142,162,84,66,90,82,96,98,180,228,72,98,18,202,177,168,44,239,32,46,138,128,23,223,240,100
7,140,3,154,148,178,174,160,20,67,82,214,72,106,177,233,117,99,51,181,181,136,12,255,40,38,206,196,156,103,57,4
3,72,3,140,4,146,142,164,68,64,80,70,32,8,181,228,72,96,18,207,197,168,36,253,32,40,138,128,31,60,120,12
2,218,146,152,51,197,188,199,30,31,80,183,44,158,96,72,231,59,147,145,66,78,2,243,33,22,158,171,148,84,165,219
3,144,134,148,18,131,56,73,30,241,82,231,76,206,114,200,119,45,179,149,135,220,7,220,8,6,219,196,156,4,57,88
66,0,4,129,76,0,168,0,172,16,146,2,140,10,80,75,98,133,127,129,0,64,195,192,132,48,202,132,4,0,49,0
35,39,66,129,212,179,168,99,68,224,90,199,8,8,182,164,120,47,18,181,149,184,5,204,44,12,138,192,205,12,120,212
3,131,0,140,148,145,140,103,4,68,88,199,40,40,50,64,76,35,147,133,212,8,4,221,32,32,138,192,28,12,184,92
2,145,146,152,235,196,188,231,142,25,24,34,172,190,96,66,166,27,179,193,82,9,130,209,45,16,94,235,20,0,165,155
8,161,104,97,244,184,120,19,103,65,126,131,25,15,210,112,103,138,23,156,146,184,37,197,78,237,178,196,167,128,208,193
33,4,234,196,212,35,137,127,84,226,94,18,16,168,180,32,89,40,19,185,177,188,37,142,104,14,191,132,213,232,112,168
32,72,105,204,4,129,143,240,68,64,84,2,48,8,181,96,72,96,19,203,193,168,36,61,96,40,170,128,85,185,112,168
60,8,98,238,68,130,74,112,69,128,245,2,123,75,49,80,88,232,6,234,136,178,0,172,210,233,160,0,119,171,96,128
82,133,48,132,244,136,248,39,41,9,120,10,175,42,20,80,170,131,21,129,218,56,128,197,188,252,138,224,132,8,195,129
3,129,2,140,148,144,172,101,4,64,82,199,32,40,54,192,104,35,19,197,215,136,4,253,32,32,138,128,29,12,184,28
32,4,234,69,84,34,233,82,65,161,126,2,81,41,184,80,120,140,19,184,144,186,65,204,94,173,178,196,231,200,114,128
60,8,66,238,68,3,74,112,5,128,245,2,99,73,49,80,88,232,23,235,8,179,72,172,210,233,160,136,55,175,112,128
54,0,98,232,68,2,200,80,69,160,242,2,3,8,52,64,120,140,23,161,136,178,1,136,146,233,130,132,101,168,112,128
60,8,98,238,68,131,66,112,69,192,241,10,99,73,51,0,88,232,23,227,136,178,76,172,210,233,160,0,119,191,112,200
36,8,106,204,4,2,235,80,68,128,119,2,81,73,177,96,120,100,19,234,128,176,36,8,66,41,162,128,101,171,112,160
61,72,106,110,100,19,202,240,69,0,116,2,123,73,181,96,90,224,22,234,205,178,108,189,102,233,161,0,119,187,112,168
18,0,80,225,6,0,120,16,41,32,50,2,15,10,20,80,42,129,21,161,8,176,1,192,146,233,138,128,37,128,97,1
2,159,34,136,146,162,186,35,4,5,91,167,108,110,34,64,126,51,147,181,150,136,0,221,40,36,138,195,148,4,189,83
56,0,98,225,68,10,104,80,97,32,118,2,27,9,24,16,122,132,23,168,136,176,65,128,86,233,160,132,103,136,114,0
60,16,82,108,70,131,90,120,5,128,245,170,107,221,49,20,126,176,151,106,8,163,0,157,210,233,129,154,119,187,114,129
61,88,98,110,70,147,203,112,69,64,119,162,123,93,177,100,94,176,151,234,136,178,44,141,66,233,161,128,119,191,116,177
6,233,132,158,28,131,136,232,150,144,80,2,96,232,121,3,89,104,115,211,66,64,138,189,8,2,207,172,148,58,16,8
60,0,106,228,68,2,104,88,65,128,119,2,91,11,184,80,120,132,21,168,136,178,5,136,82,233,160,4,103,170,112,128
35,200,97,206,4,145,143,244,68,64,80,66,48,72,181,228,72,96,18,75,193,40,44,189,32,8,142,128,87,158,112,236
2,131,0,136,128,128,12,37,4,68,80,135,32,14,50,64,68,19,147,133,80,8,0,213,32,32,138,193,20,12,180,80
3,201,32,140,20,145,142,231,68,64,88,199,32,8,182,192,72,34,19,197,197,8,4,189,32,40,142,128,29,28,152,92
2,48,176,153,87,197,184,74,30,81,64,19,140,158,96,8,237,25,147,145,2,30,82,209,13,20,154,235,149,12,53,210
50,0,66,168,84,2,202,64,5,0,240,2,11,10,36,80,120,136,23,226,8,179,0,204,146,232,130,128,117,139,114,128
2,195,34,136,20,129,136,101,6,5,80,167,32,140,50,64,76,42,131,197,214,136,4,157,32,0,138,193,21,12,188,220
35,73,99,204,4,144,174,98,68,64,88,66,40,8,181,228,72,96,18,207,197,168,36,253,34,40,130,128,95,189,120,236
3,193,32,140,4,145,140,37,68,64,80,7,32,8,50,64,72,0,19,133,196,8,4,157,32,32,138,128,28,12,184,12
44,72,107,78,68,131,227,112,69,0,117,2,113,73,181,36,88,168,18,106,193,162,36,173,98,40,160,0,119,187,112,164
60,0,98,236,68,2,192,80,68,0,119,2,81,73,56,64,88,160,6,42,136,178,0,136,66,233,160,0,119,170,112,128
50,0,2,136,76,130,168,64,132,0,209,2,0,202,56,64,120,168,27,163,0,163,0,204,144,32,138,152,21,10,48,128
39,8,106,206,68,146,235,80,68,64,84,130,49,77,183,96,108,240,19,239,128,178,36,236,66,41,170,128,55,187,112,248
66,0,18,136,36,136,232,64,173,0,208,2,172,138,48,64,238,33,31,129,0,1,0,205,148,48,138,136,20,8,33,9
35,201,99,76,20,145,134,228,68,64,80,66,32,8,181,164,72,96,18,79,199,168,36,189,34,40,130,128,93,28,120,204
37,0,106,206,4,18,235,16,68,128,87,2,80,73,189,100,88,36,19,170,128,160,36,200,66,40,162,128,119,171,112,32
56,8,66,238,68,130,74,112,5,0,245,2,123,73,49,80,122,168,23,234,72,178,0,173,210,233,160,128,119,171,112,128
3,72,99,204,20,144,175,116,68,64,82,66,56,8,181,228,104,32,18,201,193,168,36,253,32,40,138,128,23,156,112,236
2,134,2,152,18,224,184,98,20,5,90,179,40,142,32,64,111,59,147,145,50,140,0,223,8,38,154,195,149,4,37,219
3,200,99,204,20,145,172,101,68,64,82,66,32,8,180,228,104,32,18,205,197,184,36,253,32,40,138,128,23,140,240,172
2,135,2,136,18,224,24,103,4,5,88,163,40,174,34,64,78,59,147,129,18,136,0,223,40,36,138,195,20,4,181,91
2,135,0,136,147,193,28,39,4,5,72,131,44,38,32,64,98,19,131,129,82,8,0,213,41,36,138,195,20,4,165,10
3,192,0,140,4,145,140,229,68,64,80,199,32,8,50,224,72,0,19,197,197,40,4,157,32,32,138,128,29,28,152,12
3,139,32,140,148,128,140,103,4,68,88,135,32,44,50,64,76,35,147,197,214,8,4,253,40,36,142,192,29,12,184,92
3,129,32,136,149,193,132,229,68,69,64,135,32,8,50,64,72,2,19,133,86,8,20,149,40,32,142,65,28,12,184,90
3,203,0,136,148,129,140,231,4,69,88,135,32,40,50,64,72,2,19,197,214,8,4,189,32,32,142,192,29,28,184,28
2,131,32,136,148,129,12,37,4,68,80,135,0,8,50,64,68,2,147,133,212,8,4,149,40,32,142,192,28,12,176,80
3,195,0,140,4,145,140,229,68,64,80,199,32,8,50,64,72,2,19,197,199,8,4,181,32,32,142,192,28,28,184,28
2,149,0,137,176,161,56,35,14,5,88,165,140,38,48,64,199,19,147,21,18,8,64,213,44,52,138,194,148,76,149,81
3,193,32,140,4,129,140,37,68,64,80,135,32,12,50,96,72,0,19,133,214,40,4,213,32,32,138,192,21,12,176,92
2,133,16,137,181,229,48,67,14,9,72,0,140,178,96,64,193,11,2,144,18,8,0,213,13,20,154,195,144,64,161,3
39,8,107,206,4,2,139,16,68,192,87,2,112,64,181,100,72,96,18,106,129,160,44,168,64,40,162,128,85,187,112,36
7,72,99,206,4,0,139,0,68,192,82,66,112,64,181,100,72,96,18,203,129,160,44,232,0,40,138,128,21,187,112,108
2,193,0,136,132,129,12,37,4,64,80,131,0,14,48,64,76,3,19,133,80,8,0,149,32,32,138,192,20,12,176,88
2,145,16,136,147,133,156,103,14,1,72,131,12,158,32,64,204,27,147,145,82,8,16,213,41,16,138,194,16,12,161,146
2,133,18,137,182,161,184,35,14,1,90,0,140,170,32,64,231,11,19,144,18,152,0,213,12,20,154,194,148,0,161,1
2,135,0,140,144,129,28,39,4,5,88,167,32,46,50,64,68,35,131,133,80,8,0,221,32,38,158,129,20,76,180,88
0,193,0,136,4,129,12,37,4,0,80,2,32,10,48,64,64,0,19,129,80,8,0,149,32,32,138,64,20,8,176,0
2,135,0,156,19,193,24,39,6,5,88,163,40,166,32,64,78,51,163,128,18,136,0,223,40,38,154,195,20,12,180,91
3,195,32,136,132,129,140,101,4,68,80,135,0,8,50,64,72,2,19,133,214,8,4,149,32,0,138,192,20,12,152,68
130,32,144,153,102,129,184,64,30,19,80,146,140,142,112,9,238,25,19,145,34,84,2,208,4,16,154,168,20,0,33,145
2,0,82,129,70,8,168,64,172,16,48,2,140,10,112,66,106,1,19,129,0,49,0,192,20,16,138,132,21,8,33,128
50,72,66,172,4,0,74,96,5,128,210,2,43,10,49,64,120,169,21,227,72,178,0,141,144,225,138,128,53,58,112,8
130,16,144,152,53,133,56,64,30,11,16,50,12,146,96,72,231,25,147,144,34,4,2,210,9,22,26,170,144,8,33,131
34,16,50,200,117,133,152,64,141,9,112,34,12,158,36,0,204,25,23,144,130,11,2,213,19,28,26,234,209,8,97,131
33,0,106,201,84,19,225,88,68,64,116,2,17,136,190,32,120,136,19,41,128,178,36,221,82,9,160,128,117,136,112,228
130,16,2,153,86,131,184,66,28,3,82,179,172,142,49,73,110,57,147,149,34,156,0,222,4,38,154,192,148,8,49,153
34,64,99,206,92,131,139,121,70,0,85,66,112,200,188,100,88,40,19,171,195,162,44,221,48,8,138,168,87,142,112,164
2,4,2,137,20,163,168,66,4,1,90,131,172,142,48,64,110,43,19,149,18,152,0,223,4,52,154,192,20,12,49,24
3,145,50,136,151,133,184,97,76,73,82,2,44,158,54,96,238,43,19,145,150,184,16,221,41,40,138,194,85,12,161,199
2,137,2,141,20,131,40,35,4,1,90,2,160,10,48,64,104,34,19,129,16,152,1,221,4,52,138,192,20,12,48,8
130,48,144,152,3,197,152,64,22,27,16,50,12,158,96,72,205,25,147,145,2,68,18,210,1,4,154,171,144,8,37,147
34,203,2,136,84,129,168,229,4,5,80,135,32,138,50,64,104,11,19,197,82,138,0,253,48,32,138,200,21,12,180,200
0,141,2,141,20,139,32,39,4,1,90,2,160,32,32,64,72,34,2,0,18,152,65,189,44,6,130,64,20,8,16,8
2,135,0,136,146,225,24,34,4,5,88,163,8,38,32,64,69,19,131,144,18,8,0,213,8,0,138,195,148,76,52,82
130,0,146,152,45,132,56,64,158,27,80,16,140,130,96,73,197,9,51,144,2,68,2,208,5,16,218,170,144,0,33,129
2,195,34,140,148,129,140,39,6,5,88,135,32,168,50,64,64,42,35,5,210,136,6,157,40,36,158,128,28,28,152,8
2,4,128,136,147,224,24,2,6,5,72,163,8,182,32,72,67,27,147,145,18,8,0,215,8,38,154,195,148,68,37,18
2,131,32,136,148,129,12,37,4,5,80,135,8,46,50,64,68,3,147,133,214,8,4,213,40,32,142,192,28,12,184,88
2,199,0,136,148,129,12,167,4,7,24,135,0,40,50,64,77,2,131,21,212,8,4,151,40,6,158,193,20,92,156,76
3,195,0,136,20,129,140,229,4,68,80,135,32,8,50,64,72,2,3,197,198,40,4,189,32,32,142,192,29,12,152,92
2,130,0,136,4,129,136,101,4,4,80,135,32,6,50,64,76,0,147,133,86,8,0,149,32,32,138,192,20,12,180,72
36,0,106,78,4,18,195,16,68,128,119,2,113,73,181,96,88,100,2,106,128,160,36,8,66,41,163,0,119,171,112,32
2,200,98,204,4,129,138,196,68,0,80,2,32,8,53,96,72,0,19,193,192,32,4,253,32,40,138,128,21,28,112,12
130,128,18,152,52,165,56,66,30,9,80,18,140,130,32,72,231,25,19,144,34,140,2,215,12,22,154,194,144,0,33,129
3,200,1,140,4,16,142,164,68,64,80,71,32,8,179,224,64,96,18,197,197,32,36,189,32,32,138,128,28,28,56,92
3,192,32,140,4,145,132,165,68,64,80,3,32,8,178,96,72,0,19,133,196,40,36,157,32,32,138,128,21,28,176,76
3,193,32,136,4,145,140,165,68,64,80,135,32,12,50,96,72,2,19,5,212,8,36,149,32,32,142,192,20,28,144,92
0,193,0,140,132,128,140,37,4,0,80,2,0,10,32,64,72,3,2,128,80,8,0,213,32,32,138,64,20,8,176,0
60,0,98,236,68,2,192,80,69,128,243,2,67,73,60,64,88,160,6,32,136,178,0,136,146,233,160,0,119,170,112,128
0,193,0,140,132,129,12,37,4,0,80,2,32,8,32,64,72,0,2,0,80,8,0,149,32,0,142,64,20,24,144,8
2,193,0,136,132,129,12,165,4,0,80,2,32,2,48,64,64,2,19,129,80,8,0,149,40,32,142,192,20,8,176,8
2,193,0,136,132,129,12,165,4,64,80,131,32,14,48,64,64,2,19,133,80,8,0,157,32,32,142,128,20,28,176,88
0,128,0,140,4,129,0,33,4,0,80,2,0,2,48,64,64,0,2,129,80,8,0,149,32,32,130,64,20,8,176,0
131,205,32,152,132,161,142,167,20,66,88,147,0,44,50,64,73,66,19,199,228,12,12,183,32,38,158,128,20,92,176,88
33,201,97,76,20,145,135,228,68,64,116,66,32,8,180,228,72,34,18,75,195,40,36,189,32,40,138,0,87,28,112,44
3,200,132,158,20,128,142,160,22,71,16,135,96,106,51,65,65,98,51,199,228,72,12,191,40,38,223,128,28,62,56,92
3,201,0,140,20,145,136,230,4,65,88,199,32,8,50,64,72,34,19,197,199,8,4,253,32,36,138,192,29,12,56,220
2,149,18,136,19,225,184,66,14,9,88,34,12,158,32,64,239,27,147,144,18,10,18,213,25,4,138,202,145,0,37,147
62,10,98,172,68,2,74,80,69,4,241,135,99,73,55,64,88,168,135,231,140,162,8,136,146,233,160,129,119,175,116,192
32,0,98,201,68,3,168,64,68,0,240,2,0,136,52,0,104,168,19,128,128,179,68,192,22,8,130,0,85,136,112,128
3,200,99,204,6,145,175,244,68,64,84,130,56,12,181,228,108,48,19,207,193,168,36,253,34,40,138,128,23,156,112,252
3,193,99,204,6,144,172,101,68,64,80,66,40,8,182,228,110,49,18,137,197,168,36,221,34,40,138,128,85,24,249,172
50,200,2,174,92,129,74,228,5,0,208,10,35,130,33,80,72,168,23,194,74,11,0,189,176,224,136,184,52,27,48,8
33,201,98,76,68,145,172,117,68,0,116,2,40,8,180,228,104,32,18,200,193,168,36,221,34,40,130,0,87,152,224,172
33,201,97,204,20,145,134,228,68,64,80,66,32,8,180,228,72,0,18,67,199,40,36,189,32,8,142,0,93,28,248,204
3,193,32,136,132,129,140,165,4,68,80,135,32,12,50,64,64,2,19,197,213,8,4,149,40,32,142,192,28,28,184,92
2,148,18,152,53,164,56,66,30,11,90,50,140,146,32,72,231,27,19,144,50,140,0,215,9,54,154,194,144,72,33,3
3,193,0,136,132,129,12,165,4,64,80,199,32,8,50,64,64,2,19,197,213,8,4,157,32,32,142,192,28,28,184,92
2,149,32,136,147,225,152,67,14,69,72,163,12,190,32,64,103,27,147,145,18,8,16,213,41,4,154,227,148,68,181,211
2,149,32,136,147,225,152,99,6,69,72,167,12,174,34,64,79,27,147,149,18,8,20,213,40,4,154,195,148,76,181,210
2,135,0,138,20,129,8,35,4,5,89,135,96,14,50,64,76,3,131,133,18,8,8,221,40,32,138,193,20,14,180,88
2,151,32,136,147,225,152,99,6,69,72,179,8,174,34,64,79,27,131,145,18,8,0,215,8,4,154,227,148,12,180,211
2,134,0,138,20,225,152,66,6,5,89,163,72,78,58,64,93,19,147,149,18,8,8,213,0,36,138,193,148,14,52,64
39,8,99,76,68,18,235,80,69,192,116,66,112,72,181,100,88,228,18,238,129,162,36,232,2,40,163,128,119,187,112,228
2,144,146,152,147,229,56,66,30,91,64,151,12,158,96,72,231,27,179,145,18,204,18,211,9,22,154,195,144,4,37,211
39,8,99,76,68,2,235,80,68,192,113,66,80,72,181,100,88,228,18,239,129,178,44,232,0,40,163,128,117,171,112,228
50,0,66,128,4,2,200,72,37,0,243,2,11,10,56,80,122,137,29,161,8,131,1,204,144,224,138,132,53,10,112,0
2,20,25,136,23,229,185,66,14,1,72,18,28,158,32,68,239,27,19,145,19,8,16,215,73,6,154,66,148,8,37,51
3,192,4,140,12,145,140,228,196,64,208,199,32,8,50,192,72,32,27,197,199,9,4,189,32,32,138,128,28,28,56,156
60,72,106,236,68,131,206,240,69,128,244,10,115,201,49,32,88,232,23,235,136,178,4,189,114,201,161,152,119,187,112,128
2,22,148,152,34,96,48,2,158,27,16,176,140,54,32,75,199,19,179,0,32,68,2,192,0,18,90,130,144,64,37,19
37,73,106,206,68,147,207,112,68,192,118,130,113,77,181,96,88,224,23,239,200,178,36,140,114,41,161,128,117,187,112,232
2,129,40,140,20,129,136,32,4,1,80,66,32,8,48,64,72,34,19,129,146,8,0,157,0,32,138,192,20,8,48,0
3,193,4,136,28,145,140,165,196,80,80,199,32,8,50,193,72,0,19,197,199,8,4,157,32,32,138,192,28,12,184,28
131,13,99,158,4,146,142,38,84,194,90,198,40,44,183,228,76,98,19,207,229,140,36,239,32,46,138,128,31,236,48,124
2,0,2,136,20,129,168,64,6,1,82,2,8,138,48,64,104,9,19,145,18,152,0,212,8,0,138,192,149,8,49,128
2,0,80,232,70,1,184,64,12,0,112,2,13,26,36,64,110,145,130,128,0,2,0,209,0,200,138,130,21,8,33,129
134,48,146,145,67,228,184,64,62,27,65,19,12,150,104,72,247,25,147,145,2,20,146,210,21,20,154,238,144,4,33,131
131,193,0,156,132,144,140,37,20,64,80,215,32,12,50,193,72,2,19,133,245,8,4,151,32,32,142,128,28,28,184,92
2,147,0,128,128,0,28,39,0,68,24,231,0,46,50,192,76,67,147,197,213,8,4,132,40,0,142,192,28,68,152,84
56,72,104,238,68,195,222,240,68,68,116,171,35,205,51,0,88,248,147,231,76,162,12,189,114,201,160,169,119,191,84,218
3,209,33,204,245,149,140,229,76,72,80,226,172,60,180,228,206,59,147,197,215,40,36,253,40,24,142,194,29,12,177,253
6,148,146,137,147,226,184,66,54,5,75,179,12,158,40,72,123,25,147,145,18,156,17,211,9,38,154,71,149,64,37,146
3,217,49,204,36,133,143,245,76,8,80,98,176,157,180,100,78,58,19,203,195,40,32,253,33,24,174,130,23,152,177,173
62,88,64,170,23,193,82,224,5,64,208,171,43,222,33,0,90,185,151,227,74,3,24,189,179,193,136,59,53,31,52,218
3,133,2,137,148,147,172,103,12,65,90,199,136,40,178,192,104,11,19,133,214,152,5,213,44,36,138,192,29,12,185,148
3,193,32,140,5,145,140,37,68,64,64,3,32,8,50,96,72,2,19,133,212,40,52,157,33,32,138,0,20,28,176,76
6,139,36,154,144,193,154,225,22,21,81,163,96,108,58,65,93,115,179,215,114,72,10,253,40,2,223,193,20,15,180,72
60,88,18,174,3,197,82,112,5,0,225,2,127,214,33,80,254,185,151,226,72,3,24,189,211,225,10,27,49,35,36,27
130,199,32,138,148,129,142,231,4,4,89,151,64,12,50,64,76,2,131,199,214,8,12,245,40,0,142,193,20,14,184,80
50,0,66,161,4,2,200,64,1,32,242,2,11,10,52,64,104,140,21,161,8,178,1,192,146,232,130,132,37,136,112,0
3,193,32,140,4,145,140,165,68,64,80,199,32,8,50,64,72,0,19,133,197,8,4,157,32,32,138,192,29,28,184,92
2,177,144,152,219,197,144,69,158,25,64,26,140,158,96,8,166,27,147,17,18,74,146,209,25,16,30,107,144,4,167,147
0,129,0,136,180,128,12,37,4,8,80,2,32,10,32,64,64,2,2,128,80,8,0,149,32,48,138,64,20,8,176,0
3,72,99,142,4,16,138,196,68,64,80,66,32,8,181,228,72,96,18,71,197,160,44,189,32,40,138,128,29,63,120,44
3,195,0,136,132,145,140,229,68,68,80,135,32,8,50,64,72,2,19,197,214,8,4,181,32,0,142,192,29,28,184,92
2,166,128,152,146,193,152,199,22,5,88,179,12,174,98,64,79,27,131,145,18,8,2,247,40,6,158,227,149,12,165,219
128,132,3,201,20,171,160,66,92,1,90,82,128,8,52,192,105,8,19,145,179,188,1,215,12,12,154,64,85,8,120,128
2,207,32,136,20,129,136,167,6,5,88,135,32,40,50,64,68,35,147,197,214,8,4,253,40,4,142,193,20,12,188,72
38,2,6,136,92,195,136,64,132,0,81,2,0,202,49,73,88,40,19,163,2,162,0,220,0,0,138,137,21,14,52,128
2,143,32,138,150,129,158,231,4,5,88,167,40,46,50,64,77,3,147,197,214,8,12,245,40,4,142,193,28,14,188,92
50,192,0,136,87,193,152,100,4,4,80,163,40,142,32,64,78,25,147,193,66,10,0,221,48,0,138,235,21,12,52,218
3,200,0,140,4,145,142,228,4,64,80,199,32,8,50,224,72,32,19,199,199,168,4,189,32,32,138,128,29,28,184,156
2,193,0,136,132,129,140,229,4,0,80,2,0,8,48,64,72,2,19,129,80,40,0,149,32,32,142,192,21,24,176,8
35,195,32,136,20,129,140,229,4,68,80,135,32,8,50,64,76,3,147,197,214,40,4,157,32,0,142,192,29,28,184,220
130,197,32,136,132,129,140,231,4,64,88,147,32,44,50,64,76,3,19,133,208,8,4,151,40,32,142,192,20,28,176,88
3,135,2,142,20,163,8,99,4,1,91,71,32,42,50,192,72,34,19,133,148,136,4,223,0,36,138,128,28,14,56,12
2,131,32,136,148,129,156,101,4,5,80,167,32,12,54,64,76,3,147,133,210,8,4,213,40,0,138,193,21,12,180,88
131,141,32,156,4,145,140,39,84,66,88,151,32,40,182,96,72,34,18,133,229,172,36,191,32,40,142,128,29,12,216,92
39,9,98,73,212,147,206,113,69,224,116,70,0,8,183,164,88,40,18,125,213,186,101,156,42,12,133,196,127,172,248,196
7,140,135,156,144,178,168,170,52,83,83,199,72,238,185,232,119,101,179,181,181,216,14,207,8,38,207,196,156,102,57,20
2,250,160,154,83,197,186,198,30,79,80,167,44,142,99,72,239,123,147,145,98,14,26,251,33,6,158,171,149,92,53,219
135,141,99,218,148,162,175,243,84,66,90,66,80,96,189,101,89,98,18,171,179,160,44,255,32,46,143,192,151,251,240,164
2,16,150,153,41,164,184,2,158,27,80,16,140,158,96,75,199,25,179,17,34,68,130,210,13,22,218,234,144,68,33,3
35,39,98,129,212,179,168,99,68,224,90,199,128,40,182,164,120,46,18,189,149,184,5,204,44,12,142,192,77,12,248,204
2,251,150,152,235,192,188,229,142,25,80,34,172,158,96,66,230,27,179,193,82,8,130,241,36,16,94,171,20,16,165,155
33,4,106,196,84,35,137,127,84,227,94,18,81,169,180,96,89,42,19,185,177,184,37,142,104,14,191,132,213,232,112,168
36,72,106,238,4,130,203,112,68,128,87,2,113,73,177,96,88,96,19,235,192,160,36,45,64,41,170,128,117,187,112,168
3,201,2,140,4,144,172,37,68,64,82,199,32,8,182,224,72,35,18,197,197,184,4,253,32,40,138,128,29,28,184,28
60,8,98,238,68,2,74,112,69,128,244,2,123,73,49,80,88,232,6,234,136,178,0,172,82,233,160,0,119,171,96,128
231,104,98,140,76,144,234,64,225,192,208,199,40,202,183,121,126,233,22,231,141,131,134,200,16,40,138,168,45,53,122,148
3,137,2,140,148,144,172,101,4,64,82,199,32,40,182,192,108,35,19,197,215,136,4,253,32,32,138,128,29,12,184,28
40,5,234,229,212,34,233,83,65,33,126,2,19,41,48,80,120,142,23,184,152,186,1,140,94,173,160,196,231,136,114,128
60,8,98,238,68,131,74,80,5,128,245,2,115,73,53,80,88,232,23,235,136,179,8,172,210,233,160,136,55,191,112,136
48,0,66,128,68,2,200,64,1,32,242,2,11,10,52,64,120,132,23,161,8,179,0,200,144,232,138,20,37,40,112,128
60,72,98,238,68,131,66,240,69,64,244,2,99,73,49,64,120,232,23,235,136,178,76,189,82,233,160,8,119,191,112,200
36,8,106,204,68,2,235,80,68,128,119,2,113,65,177,96,120,224,23,234,137,176,36,40,66,41,162,128,117,171,112,160
61,72,106,110,100,147,203,240,68,64,116,2,123,73,181,96,120,224,22,234,205,176,108,189,98,233,160,0,119,187,120,168
2,159,34,136,146,162,58,35,4,5,90,167,108,110,34,64,126,51,147,181,150,136,0,221,40,36,138,195,20,4,173,83
2,48,148,152,107,197,176,64,142,25,16,34,140,158,96,11,204,25,147,17,2,67,146,208,25,16,26,235,16,12,37,147
60,16,114,108,70,131,90,120,69,128,245,170,107,221,53,20,126,184,151,234,136,179,0,157,210,233,129,152,119,187,114,145
6,232,132,156,28,131,0,168,150,144,80,2,96,224,121,75,81,104,115,209,66,192,138,252,8,2,207,172,148,56,48,8
2,193,0,136,132,129,140,165,4,0,80,2,32,8,48,64,72,2,19,129,82,40,0,149,40,0,142,192,20,8,176,8
61,88,98,78,70,147,203,112,69,64,119,162,123,93,181,100,94,176,151,234,200,178,36,141,66,233,160,128,119,191,116,241
120,0,98,225,4,2,72,88,97,0,246,2,75,11,56,80,122,132,21,168,136,179,1,136,210,233,162,132,103,168,112,0
56,2,98,236,4,18,72,80,69,68,243,135,75,13,55,80,124,140,133,164,136,179,37,140,146,233,160,128,119,174,116,208
35,200,97,206,4,145,143,244,68,64,80,66,48,72,181,228,72,96,18,75,193,40,44,189,32,8,142,128,95,158,112,236
2,131,32,140,148,129,140,37,4,68,80,135,32,12,50,64,76,3,147,133,212,8,4,157,32,32,142,193,28,12,180,88
3,201,0,140,20,145,142,231,4,64,88,199,32,40,182,192,72,35,19,197,199,8,4,189,32,8,142,128,29,28,152,92
3,211,34,140,21,145,156,101,4,76,80,231,32,8,50,64,204,35,147,133,198,168,4,221,32,32,138,131,29,12,248,223
16,0,66,137,76,129,160,64,36,1,208,2,136,10,48,64,104,136,14,195,10,51,0,192,148,32,138,72,21,9,49,128
8,0,82,233,70,137,104,80,173,17,86,2,189,131,224,68,98,9,14,152,2,16,2,209,198,217,170,200,54,128,33,128
60,64,66,232,84,2,74,80,1,0,240,10,3,11,41,80,120,136,23,226,8,179,0,204,146,201,130,132,119,187,114,128
2,131,34,136,148,129,152,101,6,5,80,167,32,140,50,64,76,11,131,149,214,136,4,157,40,4,138,193,21,12,180,216
35,77,99,140,4,144,142,230,68,64,90,198,32,8,181,228,72,98,18,207,197,168,36,253,34,40,138,128,29,29,120,156
2,131,32,136,148,129,136,35,4,5,88,135,32,14,50,64,76,3,147,133,214,8,4,213,40,0,138,193,20,12,180,64
130,16,146,152,39,132,56,64,30,25,80,18,12,146,96,73,231,25,19,144,34,4,2,209,1,18,218,202,16,0,33,131
33,72,99,78,68,147,195,112,69,64,116,66,48,73,181,36,72,104,18,202,193,162,36,189,34,40,128,0,119,187,112,172
44,0,106,238,68,2,194,80,68,128,117,2,81,73,185,64,88,160,6,42,136,162,8,136,66,233,160,0,119,170,112,128
50,0,98,140,92,131,202,64,197,0,209,2,72,202,56,64,120,161,23,163,136,163,0,204,144,32,138,152,21,10,112,128
2,0,18,136,36,136,168,64,173,8,208,2,172,138,48,64,238,33,31,129,0,1,0,205,148,48,138,136,20,8,33,9
35,201,99,140,20,145,142,228,68,64,80,70,32,8,182,160,72,32,18,205,199,168,36,189,34,8,138,128,93,28,120,204
56,8,66,238,68,131,74,112,5,0,245,2,59,73,177,80,104,168,23,234,72,178,0,189,82,233,160,136,119,171,112,136
3,193,99,140,20,144,172,101,68,64,82,70,40,8,180,228,104,32,18,205,199,184,36,221,32,40,138,128,31,28,248,236
2,134,2,152,18,225,184,99,20,5,88,179,40,14,34,64,111,59,131,129,50,136,0,223,0,38,154,195,20,12,181,219
3,195,32,136,20,129,140,101,4,4,80,135,32,8,50,64,72,2,147,133,214,8,4,149,32,32,138,192,29,12,184,92
2,133,18,136,147,193,28,39,4,1,72,163,44,54,32,64,98,19,131,128,82,136,0,221,41,32,138,195,20,0,165,26
3,193,0,136,149,129,140,229,4,5,80,135,32,8,50,64,72,2,147,197,86,8,4,189,40,32,142,65,29,12,184,88
2,131,32,136,148,129,136,97,4,5,80,135,0,12,50,64,76,3,131,133,82,8,0,213,40,0,138,193,20,12,180,64
2,129,0,136,149,129,140,231,4,5,72,135,32,8,50,64,72,2,147,133,86,8,20,157,40,0,142,65,28,12,184,74
3,139,32,140,148,128,140,103,4,68,88,135,32,12,50,64,76,35,19,197,214,8,4,253,32,32,142,192,29,12,184,92
2,129,0,140,20,128,12,37,4,0,80,2,32,2,48,64,64,3,19,129,80,136,0,221,32,32,138,192,20,8,176,8
2,199,32,136,148,129,12,231,4,5,88,135,32,42,50,64,76,3,147,197,214,8,4,253,40,32,142,193,20,28,180,88
3,193,32,140,148,145,140,165,68,64,80,199,32,8,50,64,72,2,19,133,197,8,4,149,32,32,142,192,28,28,184,92
2,193,32,136,132,129,140,37,4,0,80,2,0,8,48,64,72,2,19,1,208,8,0,149,32,32,142,192,20,8,144,0
3,195,0,136,148,129,140,231,4,68,88,135,32,8,50,64,76,2,19,197,214,8,4,245,32,32,142,192,28,28,184,92
2,149,0,137,178,169,56,35,14,1,88,167,140,38,48,64,199,19,147,21,18,24,65,213,44,20,138,194,148,76,149,81
3,193,32,136,4,128,142,37,4,64,80,135,32,12,50,96,72,2,19,197,212,40,4,245,32,32,138,192,21,12,176,92
2,149,16,137,181,225,176,67,14,9,88,32,140,178,32,64,193,27,147,145,18,8,0,213,45,20,138,235,144,72,165,131
134,4,130,144,20,35,40,74,20,163,83,18,64,2,41,72,89,8,19,176,32,148,1,206,8,6,155,196,148,104,48,0
3,72,35,140,4,16,142,164,68,64,80,66,32,8,181,228,72,96,18,207,197,160,36,173,32,40,138,128,29,61,112,108
3,199,32,136,148,129,140,231,4,68,88,135,32,14,50,64,76,3,147,133,214,8,4,221,40,0,142,192,28,12,184,88
3,193,32,136,4,129,140,229,4,64,80,131,32,12,50,64,72,2,19,133,196,8,4,149,32,32,138,192,20,12,176,88
2,149,16,136,145,229,152,99,14,9,72,3,140,158,32,64,204,27,147,149,18,8,16,213,41,20,138,226,144,12,161,146
2,203,0,136,20,129,142,228,4,5,80,231,32,8,48,128,76,10,131,197,198,40,4,189,40,0,140,192,29,28,152,152
60,0,98,100,68,18,105,88,69,160,119,2,83,73,185,96,120,132,23,170,136,176,37,136,66,233,161,132,103,170,112,160
2,149,18,136,178,161,184,35,14,9,90,162,140,62,32,64,231,27,147,145,18,8,0,213,12,20,138,194,148,8,161,1
2,135,0,140,144,129,156,39,4,5,88,167,32,46,50,64,68,35,131,133,80,8,0,221,32,38,158,129,20,76,180,88
2,193,0,136,4,129,132,229,4,0,80,2,32,8,48,64,72,0,19,1,82,40,0,149,32,32,142,192,21,8,144,8
2,135,0,140,19,193,24,39,6,5,88,163,40,166,32,64,78,51,163,129,18,136,0,223,40,38,154,195,20,12,180,91
3,195,32,136,20,129,140,229,68,68,80,135,0,8,50,64,72,0,19,133,198,8,4,149,32,32,142,192,28,28,152,92
130,48,176,153,102,129,184,64,30,27,80,179,140,158,112,8,207,25,147,149,162,20,2,210,4,20,154,234,148,12,1,145
2,32,20,145,102,129,184,64,174,16,16,2,140,138,96,75,238,25,19,145,2,16,2,192,4,16,202,170,21,0,33,129
82,8,18,140,6,2,200,64,173,128,210,2,46,138,49,64,122,161,31,161,8,163,0,204,144,176,138,136,52,42,49,8
2,20,144,152,19,229,152,66,30,11,24,18,12,158,96,72,231,25,147,145,34,12,16,214,9,22,154,227,144,72,37,3
41,0,104,73,68,17,232,80,77,64,116,2,25,8,182,32,106,136,22,136,134,178,101,213,86,73,162,160,119,136,112,196
35,0,98,200,84,19,233,120,68,64,213,2,80,200,190,36,120,136,19,45,128,179,36,157,82,8,162,132,87,142,112,228
2,134,34,153,52,163,184,66,28,79,88,151,140,142,50,64,239,43,147,149,178,156,0,223,12,22,154,192,148,76,53,209
3,72,99,204,4,146,143,180,68,64,86,66,96,64,181,228,72,96,18,202,193,160,36,237,32,40,130,128,87,189,112,108
2,145,50,136,151,133,184,97,76,73,82,2,44,26,52,96,236,59,147,145,210,184,16,221,41,40,138,194,85,12,161,199
2,141,2,141,20,163,40,99,12,1,90,2,160,10,48,64,104,43,19,129,18,152,65,221,4,52,138,192,20,8,48,8
3,201,2,136,84,145,170,228,70,64,80,71,40,136,50,224,104,169,19,199,199,42,4,253,48,32,138,200,29,12,120,140
2,135,0,136,148,225,136,99,6,69,88,167,0,46,50,64,77,2,131,149,18,8,4,149,8,4,138,193,148,12,180,80
130,0,146,152,45,132,56,64,158,25,80,16,140,130,96,73,197,9,51,144,2,68,2,208,5,16,218,170,144,0,33,129
3,195,2,140,20,129,140,39,6,5,88,135,32,168,50,64,72,42,51,5,214,136,6,157,32,36,142,128,28,12,184,12
2,148,0,152,147,225,24,66,6,1,72,179,12,54,32,64,79,19,147,144,50,8,16,215,9,6,154,67,148,72,37,18
2,134,0,136,146,224,24,2,6,5,88,163,8,38,32,64,67,19,147,145,18,8,0,213,8,38,154,195,148,68,37,2
2,131,32,136,148,129,12,37,4,5,80,135,8,46,50,64,68,3,147,133,214,8,4,213,40,32,142,193,28,12,184,88
3,207,0,136,148,145,142,167,68,69,24,199,32,40,50,64,73,66,131,197,212,8,4,189,40,4,142,128,28,92,184,92
3,195,0,136,20,129,140,229,4,68,80,135,32,8,50,64,72,2,3,197,198,40,4,157,32,32,142,192,29,12,152,92
3,128,1,140,4,129,136,96,68,64,80,70,32,8,180,224,72,32,18,133,133,160,4,157,0,40,138,128,28,12,48,12
60,0,98,108,68,18,192,88,64,128,119,2,81,73,185,64,88,164,6,42,136,178,32,136,66,233,161,4,103,170,112,128
3,192,32,140,4,129,140,101,68,64,80,131,32,12,54,96,72,0,19,133,196,8,4,213,32,40,138,128,21,28,240,76
130,128,146,153,52,129,40,66,62,25,80,16,140,130,96,72,207,9,19,144,50,140,2,215,12,20,154,200,144,0,33,129
3,131,32,136,132,129,12,37,4,68,80,135,32,8,50,64,68,3,147,133,212,8,4,149,40,32,142,192,28,12,184,88
2,129,0,136,20,129,140,33,4,0,80,2,32,10,48,64,72,2,19,129,82,8,0,157,32,32,138,192,20,8,176,0
3,193,32,140,4,129,140,165,68,64,80,3,32,8,50,96,72,0,19,133,196,40,4,149,32,32,138,192,20,28,176,76
2,129,0,140,132,128,12,37,4,0,80,2,0,10,48,64,64,2,19,129,80,8,0,149,32,32,138,192,20,8,176,0
48,0,66,236,68,2,64,80,5,0,243,2,67,11,61,80,88,172,6,33,8,179,0,136,146,233,128,4,119,170,112,128
0,193,0,140,132,129,12,37,4,0,80,2,32,8,32,64,72,2,2,0,80,8,0,149,32,0,142,64,20,24,144,8
2,193,0,136,132,129,12,165,4,0,80,2,32,2,48,64,64,2,19,129,80,8,0,149,40,32,142,192,20,8,176,8
3,131,8,140,148,129,140,37,4,68,80,199,32,10,50,64,64,3,19,133,212,8,4,149,32,32,138,192,28,12,184,92
2,193,0,140,132,129,12,39,4,64,88,131,32,14,48,64,64,2,19,133,80,8,0,157,32,32,142,128,20,12,176,88
2,241,144,152,139,197,176,197,142,25,16,2,12,150,96,10,236,27,179,17,18,75,146,208,9,16,158,235,144,24,165,147
3,193,32,140,20,145,140,167,68,65,88,199,32,40,50,96,72,34,19,197,214,40,36,157,32,32,142,192,29,28,184,92
0,193,0,140,4,129,132,37,4,0,80,2,32,8,48,64,72,0,2,129,80,8,0,149,32,32,138,64,20,24,176,8
131,205,32,152,132,128,142,167,20,66,88,147,32,44,51,65,65,66,19,199,228,12,12,183,32,38,158,128,148,93,176,88
130,197,32,136,132,161,140,167,20,66,88,18,0,40,48,64,73,2,19,129,240,12,4,183,32,34,158,192,20,92,176,0
1,201,97,204,20,145,135,228,68,64,116,66,32,8,180,228,72,34,18,75,199,168,36,189,34,40,138,0,85,12,112,44
3,200,164,158,20,144,142,164,22,87,80,135,96,104,51,65,65,98,19,199,228,72,12,191,40,38,223,128,28,126,56,92
2,0,0,136,4,0,136,0,4,0,80,2,0,8,48,64,72,0,19,129,0,32,0,144,0,32,138,128,20,8,48,0
3,197,34,136,20,129,136,231,4,65,88,135,32,8,50,64,72,3,19,197,198,8,4,253,32,36,138,192,28,12,184,220
3,129,2,137,180,128,172,35,12,65,90,135,172,40,50,64,66,34,19,133,214,152,69,221,36,48,138,192,28,12,185,92
2,149,18,136,83,229,184,66,14,9,88,34,12,158,32,64,231,27,147,144,18,10,18,213,9,4,138,202,145,0,37,147
54,10,98,172,68,2,74,64,5,132,241,135,99,75,55,64,88,168,7,231,140,163,4,136,146,233,129,152,55,175,120,192
2,32,114,217,100,137,232,64,207,17,112,2,140,138,116,73,234,9,23,145,130,176,2,208,6,24,154,136,20,136,113,128
32,0,98,201,76,131,168,64,68,0,240,2,0,136,52,64,104,40,2,129,128,179,64,192,22,8,130,0,85,136,112,128
34,200,99,204,4,145,175,244,68,0,84,130,56,12,181,228,76,48,19,207,193,168,36,253,34,40,138,128,23,156,112,252
131,204,0,152,20,145,138,230,86,66,80,199,32,8,178,192,72,34,19,199,231,44,4,191,32,38,154,128,29,29,24,220
50,200,66,174,84,129,74,244,5,0,208,10,35,136,49,80,72,168,23,195,74,138,0,189,176,193,128,168,53,155,112,136
2,131,34,136,148,128,168,35,12,69,90,135,44,46,50,64,98,35,19,133,150,152,4,221,40,32,138,192,28,12,181,88
33,201,98,76,68,145,172,117,68,0,116,2,40,8,180,228,104,32,2,200,197,168,36,221,34,40,130,0,87,152,224,172
2,148,18,136,151,228,184,66,14,9,88,34,12,190,32,64,239,27,147,145,18,136,16,215,9,6,154,195,144,72,37,147
3,193,32,142,132,145,140,165,68,64,80,7,32,8,182,224,72,2,18,197,213,8,36,157,32,40,142,192,29,30,184,76
2,135,32,136,150,193,156,103,6,5,88,163,8,46,50,64,78,19,147,149,210,8,4,213,40,4,142,193,21,12,181,80
2,149,32,136,147,225,184,67,14,69,72,163,12,190,32,64,103,27,147,145,18,8,16,213,9,4,154,195,148,68,181,211
3,131,0,142,20,129,140,101,4,64,80,199,96,72,58,64,92,35,19,133,214,8,4,157,32,32,138,128,28,14,184,92
2,150,0,136,147,225,152,67,6,69,72,179,12,190,34,64,207,27,147,145,18,8,16,215,9,4,154,227,148,12,165,210
2,48,150,152,43,132,56,64,174,25,80,32,140,150,96,74,167,25,187,16,2,1,130,209,5,16,26,202,144,4,37,147
53,8,106,76,68,2,235,80,64,128,119,2,81,73,181,96,120,236,23,234,136,178,36,8,82,41,161,132,101,171,112,160
60,0,66,168,4,2,74,72,5,0,243,2,75,74,56,80,120,137,21,163,8,163,1,140,144,225,170,132,53,42,112,0
10,135,40,168,150,225,153,99,4,5,88,163,9,47,48,64,78,19,147,145,18,8,4,213,72,1,170,193,53,12,181,82
60,72,106,204,68,131,207,208,68,128,116,2,113,73,177,96,88,232,23,234,200,178,36,61,114,169,161,128,117,187,112,168
33,73,106,238,68,131,207,112,68,192,116,2,113,73,181,96,88,224,23,235,200,178,36,140,114,41,160,128,117,187,112,232
134,135,32,138,132,112,14,167,4,70,25,183,64,44,50,64,77,67,131,199,244,8,44,162,32,0,142,129,148,95,188,86
131,200,5,156,20,145,138,228,84,64,80,70,32,8,180,229,72,32,18,207,231,40,38,189,32,42,154,128,93,12,120,12
34,0,2,138,68,128,138,64,4,0,81,2,96,202,56,64,88,168,19,131,0,162,8,216,16,32,138,136,21,10,48,128
131,13,99,142,20,18,143,51,68,194,90,198,112,108,183,228,76,102,19,207,229,184,36,239,32,44,138,128,31,254,112,124
130,0,32,201,84,129,168,64,70,1,80,18,136,136,116,0,104,8,19,145,130,162,66,210,4,28,138,168,213,8,112,128
134,48,146,146,67,164,184,64,190,27,65,18,140,214,104,72,247,25,147,145,2,212,154,194,21,20,154,238,128,1,33,131
131,193,32,156,148,144,140,165,20,84,80,215,32,44,50,65,76,2,147,133,245,8,4,221,32,32,206,128,28,28,184,92
2,215,0,136,130,0,28,167,0,68,24,231,8,46,34,192,78,83,147,213,213,8,4,228,40,32,142,194,28,20,168,84
56,72,104,238,68,195,222,240,4,68,116,171,115,205,51,0,88,248,147,227,76,162,28,189,114,201,160,41,119,191,84,218
6,20,146,152,147,226,184,66,30,1,75,18,76,222,40,72,251,25,147,145,18,148,17,210,9,38,154,71,149,66,37,146
3,217,49,204,36,133,175,245,76,72,80,98,176,21,180,100,78,122,19,203,195,40,32,253,33,24,174,130,23,152,177,173
62,88,72,170,23,193,90,232,5,64,192,171,123,223,33,0,90,185,151,227,72,3,24,189,243,193,137,59,53,31,52,90
3,135,2,137,148,179,168,99,12,5,90,199,8,40,50,64,104,11,19,165,150,152,5,213,44,4,138,196,157,76,185,196
131,193,32,140,133,133,140,37,84,64,64,147,32,12,50,96,72,2,19,133,244,8,20,215,33,32,138,64,20,12,176,78
6,143,36,154,148,193,142,229,22,21,81,163,96,108,58,65,93,83,131,215,114,72,10,247,40,6,222,193,148,14,180,72
62,88,82,174,3,199,82,96,5,0,225,2,127,222,33,80,254,185,149,226,72,131,24,189,209,225,138,27,49,35,36,18
130,143,32,138,148,129,142,167,4,5,89,151,64,46,50,64,77,67,131,215,242,8,12,247,40,32,142,193,20,30,180,88
66,0,80,128,108,0,168,0,136,16,144,2,140,10,112,66,238,1,95,129,2,1,2,208,4,16,138,184,20,8,1,128
130,48,144,152,19,225,152,66,30,3,64,179,12,158,96,72,239,25,147,145,34,4,18,210,9,6,154,99,149,4,37,146
2,133,0,140,148,129,8,35,4,1,88,2,160,34,32,64,64,2,19,128,82,8,0,149,40,48,138,192,20,8,176,0
2,131,32,136,148,129,140,35,4,5,88,167,0,44,50,64,76,3,147,149,214,8,4,213,40,0,142,193,20,12,180,64
130,177,144,152,219,197,176,69,158,17,64,18,140,158,96,8,166,27,147,17,18,75,146,209,25,16,30,107,144,4,165,147
130,199,32,136,148,129,140,167,4,5,88,135,32,42,50,64,76,2,131,197,246,8,4,255,40,32,142,193,20,28,180,92
2,166,144,152,147,193,152,199,30,5,88,179,12,174,98,64,79,27,131,145,50,12,2,247,40,4,158,227,149,4,165,219
3,143,32,156,20,129,138,231,22,5,80,135,32,40,50,65,72,34,147,197,246,40,4,189,40,36,142,192,29,12,184,76
2,2,6,152,76,195,168,64,132,16,83,130,0,142,48,73,104,41,19,161,0,147,2,220,0,0,202,193,21,12,52,128
37,72,105,77,68,19,199,248,68,224,116,2,113,8,183,36,88,96,18,110,193,176,101,60,96,40,161,0,117,185,112,236
2,143,32,138,146,129,158,231,4,5,88,167,44,46,50,64,79,3,147,197,214,8,12,245,40,4,142,193,148,78,189,88
50,202,34,136,84,193,154,228,4,68,80,163,40,140,50,64,76,41,151,199,202,138,4,253,176,0,138,137,21,29,52,216
2,193,0,136,132,193,140,101,4,0,80,2,32,8,48,64,72,2,19,129,80,40,0,149,32,0,142,193,21,24,176,136
130,32,146,153,101,133,184,64,142,25,80,16,140,138,112,73,200,9,19,145,2,116,18,208,5,16,218,104,144,8,49,128
130,197,32,140,132,128,140,167,20,66,88,147,40,46,50,64,77,19,19,133,240,8,4,223,40,32,142,128,20,76,176,88
3,133,2,140,20,146,172,99,68,64,90,70,96,40,178,228,120,34,18,133,213,152,4,221,32,32,138,128,28,12,184,12
2,131,32,136,148,129,140,103,4,69,88,167,32,12,50,64,76,3,147,133,214,8,4,221,40,0,138,193,21,12,180,220
131,205,96,140,20,144,140,39,84,66,88,151,32,40,182,100,72,34,18,5,229,44,36,159,32,44,142,128,29,12,216,76
3,132,135,156,18,146,168,169,30,195,82,198,72,238,177,228,119,37,51,181,181,216,6,222,8,38,223,196,156,36,57,20
7,141,99,222,148,176,175,178,84,66,90,66,112,96,189,229,121,98,18,170,241,160,44,255,32,46,142,192,151,251,240,36
2,20,176,152,19,164,184,66,30,27,88,19,140,190,96,72,231,27,179,145,50,76,18,210,9,22,218,226,144,76,33,19
35,46,98,137,84,179,170,66,20,197,88,231,40,140,183,128,124,41,147,181,164,190,4,206,8,6,154,129,157,12,60,212
3,72,99,140,4,146,174,228,68,64,82,198,32,8,181,228,72,96,18,207,197,184,36,237,32,40,138,128,31,60,112,236
7,32,227,65,68,50,169,64,104,224,91,194,8,142,245,236,126,140,18,157,129,150,164,194,20,44,138,132,135,230,115,244
32,4,234,229,84,35,201,127,84,163,126,2,17,41,180,32,89,46,19,169,176,184,37,142,104,15,183,128,245,232,112,168
3,201,2,140,4,144,172,37,68,64,82,199,40,8,182,224,108,35,147,197,197,152,4,253,32,40,138,128,29,28,184,28
60,8,98,236,68,18,74,112,69,128,245,2,123,75,177,80,88,232,23,234,136,178,36,172,82,233,160,128,119,187,112,128
60,72,66,238,68,131,74,112,5,128,245,10,99,73,53,80,88,232,23,234,8,179,72,172,210,233,160,152,55,191,112,128
36,0,227,73,84,34,235,82,69,129,127,2,80,161,180,100,120,172,18,184,145,178,37,204,14,44,130,196,231,170,112,164
2,0,66,129,100,136,168,64,168,16,18,2,140,138,112,75,106,9,19,145,2,48,0,192,4,16,138,128,21,8,113,128
2,235,130,156,72,192,140,196,134,5,80,163,40,142,115,64,76,121,179,197,66,11,130,225,48,32,158,169,20,28,52,216
60,0,106,228,68,18,104,80,69,128,118,2,89,11,177,64,120,164,23,170,136,178,37,136,82,233,162,132,103,168,112,128
7,72,99,206,4,18,171,80,68,64,82,66,112,64,181,228,104,96,18,203,129,176,36,233,32,40,170,128,23,191,112,108
2,143,2,136,178,160,58,35,12,5,90,167,44,110,34,64,103,51,131,149,150,136,0,253,40,38,138,195,148,4,173,81
5,13,99,142,148,179,134,96,68,64,91,70,96,104,181,224,88,98,18,99,149,168,12,188,32,44,130,0,221,111,120,132
60,88,114,110,70,147,91,112,69,128,245,34,123,89,181,36,126,248,151,234,200,179,44,157,114,233,161,128,119,187,112,165
6,232,132,156,12,131,0,232,150,176,80,2,96,192,121,66,81,108,123,209,66,65,139,189,8,2,207,172,20,42,48,8
2,193,0,136,132,129,140,165,4,0,80,2,32,8,48,64,72,2,19,129,82,40,0,149,40,0,142,192,20,8,176,8
2,135,2,136,147,227,184,99,6,5,90,163,12,174,34,64,111,59,131,145,18,152,0,213,41,4,154,199,148,12,165,211
60,80,98,108,70,19,203,112,69,128,247,162,123,93,181,100,126,176,151,234,200,178,36,140,82,233,161,128,119,175,116,177
3,200,67,142,4,144,142,228,68,64,80,70,32,8,181,228,72,96,18,207,197,168,36,189,32,40,138,128,29,30,112,44
3,211,2,136,54,145,156,101,12,72,80,231,44,8,50,192,206,43,147,197,198,168,4,221,32,48,138,131,29,28,185,223
35,201,97,206,4,145,143,244,68,64,80,66,48,72,181,228,72,96,18,75,193,40,44,189,32,8,142,128,87,158,112,236
3,207,32,140,20,129,140,231,4,68,88,135,40,42,50,64,76,35,147,197,214,8,4,253,40,32,142,192,28,12,184,92
2,131,32,140,4,129,140,37,4,68,80,135,32,12,50,64,76,3,147,133,212,8,4,157,32,32,138,192,28,12,180,88
59,0,98,225,70,18,104,80,69,64,118,66,11,11,180,228,122,136,23,168,141,178,37,204,210,201,162,128,111,140,120,132
50,72,66,137,68,1,234,64,45,0,240,2,8,10,49,64,106,137,31,227,10,51,64,192,148,0,138,232,21,9,113,128
3,131,32,136,148,145,140,37,4,68,80,135,0,12,50,64,76,3,147,133,212,8,4,213,40,32,142,192,29,12,184,84
35,201,99,140,20,145,142,228,68,64,80,70,32,8,180,228,72,34,18,71,197,168,36,189,34,40,138,128,93,28,112,204
2,148,18,152,27,229,184,66,158,89,216,183,12,158,32,72,239,27,155,145,50,15,18,215,25,6,154,203,148,4,37,211
2,149,16,136,147,225,152,99,14,69,88,163,44,158,32,64,206,27,147,145,18,10,0,213,41,4,138,235,149,12,165,211
60,64,106,108,68,130,239,112,69,128,117,2,83,201,185,96,120,168,6,234,200,178,36,140,114,233,160,128,119,187,112,128
33,8,99,78,20,147,227,112,69,64,119,66,112,72,181,100,88,32,18,234,193,178,36,253,32,40,162,0,87,170,112,236
2,131,32,136,148,129,136,35,4,4,88,135,32,12,50,64,76,2,147,133,214,8,4,213,32,32,138,193,20,12,180,64
35,73,99,204,84,145,174,246,68,64,120,66,32,8,181,228,72,96,18,207,197,170,36,253,34,40,130,128,95,157,120,236
44,0,106,238,68,131,194,80,68,0,119,2,81,73,185,64,88,160,6,106,136,178,0,140,66,233,160,0,119,171,112,128
130,16,146,152,23,197,184,66,30,19,64,18,12,158,32,72,231,25,147,145,34,4,18,215,9,6,154,194,144,8,33,3
54,0,98,140,92,3,202,96,197,0,209,2,74,200,60,64,120,161,23,163,136,163,0,204,144,40,138,152,53,43,112,128
2,0,18,136,100,132,184,64,141,8,208,2,172,142,48,64,230,49,31,129,2,3,2,193,144,48,138,138,20,8,33,129
35,201,99,76,84,145,134,228,68,64,112,66,32,8,181,228,72,40,18,75,199,170,36,189,32,8,130,128,95,156,112,172
3,193,66,140,20,144,172,101,68,64,82,198,40,8,182,224,104,35,18,133,199,184,4,221,32,40,138,128,29,12,248,156
2,135,32,136,148,161,152,99,4,5,88,163,0,14,50,64,76,19,147,149,18,8,0,149,8,0,138,193,21,12,180,192
2,131,32,136,149,129,140,231,4,5,72,135,40,14,50,64,72,3,147,197,82,8,20,221,41,0,138,193,21,12,180,74
2,131,32,136,148,129,136,99,6,5,88,163,8,46,50,64,76,3,131,149,82,8,0,213,40,0,138,193,20,12,180,64
3,139,34,140,148,128,140,103,4,68,88,135,32,8,50,64,76,35,147,197,214,136,4,221,32,32,138,192,29,12,184,92
3,193,32,136,149,193,132,229,70,69,64,135,32,8,50,64,72,2,147,197,86,8,20,157,40,0,142,67,29,12,184,206
2,193,32,140,20,129,140,37,4,0,80,2,32,8,48,64,72,2,19,1,208,40,0,157,32,32,138,192,20,8,176,8
2,195,0,140,148,129,140,231,4,5,88,135,40,42,50,64,76,35,147,197,214,8,4,253,40,32,142,193,20,28,180,88
3,195,32,140,132,145,140,165,68,68,80,135,32,8,50,64,72,2,19,133,196,8,4,149,32,32,142,192,28,12,184,92
3,195,0,136,148,129,140,231,4,69,88,135,32,8,50,64,76,2,147,197,214,8,4,221,32,32,142,192,28,12,184,92
2,149,0,137,176,161,184,35,14,69,88,165,140,46,50,64,135,19,147,21,18,24,64,213,44,20,138,194,148,76,149,81
3,193,32,136,4,129,142,165,4,64,80,135,32,12,50,96,72,2,19,197,212,40,4,181,32,32,138,192,21,12,176,84
2,193,0,136,132,129,140,37,4,0,80,2,0,8,48,64,72,2,19,1,64,40,0,149,32,32,142,192,20,8,144,8
2,133,16,137,181,225,176,67,14,9,88,34,140,178,32,64,195,27,147,145,18,8,0,213,45,20,138,203,144,8,165,131
61,72,96,46,4,147,74,184,69,68,85,134,115,76,187,100,92,224,20,239,205,128,44,189,226,233,161,128,55,191,112,116
6,4,130,129,20,35,168,74,22,131,82,18,0,40,49,72,89,8,19,177,32,148,1,202,8,6,154,196,148,72,48,128
3,72,35,140,4,16,142,164,68,64,80,70,32,8,181,228,72,96,18,207,197,160,36,189,32,40,138,128,29,61,48,76
3,199,32,136,148,129,140,231,4,68,88,135,32,14,50,64,76,35,147,133,214,8,4,221,40,0,142,128,28,12,184,88
3,193,32,136,4,129,140,101,4,64,80,131,32,12,50,64,72,2,19,133,196,8,4,149,32,32,138,192,20,12,176,88
2,133,16,136,145,229,152,67,14,9,72,2,140,158,32,64,205,27,147,145,18,8,16,213,41,20,138,234,144,12,161,146
60,0,98,108,68,18,233,24,68,160,119,2,83,73,185,96,120,164,23,170,136,176,37,136,66,233,161,132,103,170,112,160
2,149,18,136,178,161,184,35,14,9,88,34,140,158,32,64,231,27,147,145,18,136,0,213,44,20,138,194,148,0,161,129
2,135,32,140,144,129,140,39,4,69,88,167,32,46,50,64,76,35,147,133,210,136,4,221,32,36,142,193,20,12,180,88
2,193,0,136,4,129,132,229,4,0,80,2,32,8,48,64,72,0,19,1,82,40,0,149,32,32,142,192,21,8,144,8
2,135,2,136,18,193,24,39,6,5,88,179,40,166,32,64,78,59,131,129,18,136,2,215,40,38,154,203,148,12,165,91
33,73,99,76,4,146,167,117,68,64,116,66,96,96,180,228,88,32,2,234,193,168,36,221,32,40,130,0,87,186,112,172
3,195,32,136,20,129,140,229,68,4,80,135,0,8,50,64,72,0,19,5,214,8,4,149,32,0,142,192,28,12,152,84
130,48,144,153,38,129,184,66,30,27,80,179,140,158,96,8,207,25,19,149,34,4,2,210,12,20,154,234,148,12,1,145
2,32,20,153,102,129,184,64,174,16,80,2,140,138,112,75,102,25,19,145,2,16,2,193,4,16,218,170,21,0,33,129
82,0,50,132,38,2,184,64,172,128,210,2,140,138,49,64,230,181,31,161,128,131,0,200,144,48,138,130,4,32,49,9
2,131,32,136,148,193,136,99,4,5,24,163,0,46,50,64,76,3,147,149,82,8,4,149,40,0,138,193,21,12,148,80
2,16,150,153,38,130,184,64,140,1,82,34,44,154,33,73,238,57,19,144,0,176,3,192,4,32,218,130,149,8,33,137
39,0,98,200,68,19,233,120,69,64,245,130,80,204,190,36,88,136,23,45,201,179,36,157,82,8,130,204,87,142,112,228
35,72,99,204,4,2,235,80,68,192,86,66,48,1,181,100,120,100,18,234,129,176,36,232,0,40,162,128,55,187,112,172
2,132,34,136,180,161,184,66,12,73,90,151,172,142,50,64,239,43,147,149,146,152,0,223,12,20,154,194,148,76,49,209
35,137,2,136,84,145,170,224,70,64,80,71,40,136,50,224,104,169,19,199,199,42,12,253,48,32,138,200,29,13,120,140
2,145,50,136,23,133,184,101,76,9,82,2,44,26,36,64,236,51,147,129,146,184,16,221,41,60,138,66,85,12,161,131
2,141,2,141,20,163,40,35,12,1,90,2,160,10,48,64,104,42,19,129,18,152,65,221,4,36,138,192,20,8,48,8
2,131,32,136,148,129,140,99,4,5,88,135,0,46,50,64,72,2,147,133,214,8,4,149,40,0,138,193,20,12,180,80
34,203,34,136,84,129,168,229,4,5,80,135,32,142,50,64,104,43,131,197,210,138,4,253,48,32,138,201,21,12,180,200
2,133,32,136,151,225,152,99,6,69,72,179,8,174,34,64,75,27,147,145,18,8,4,215,9,6,154,195,148,76,181,82
2,0,150,152,108,132,184,64,142,25,16,0,140,138,112,75,198,9,59,145,2,64,130,208,5,16,218,170,16,8,33,129
3,195,2,140,20,129,140,39,6,5,88,135,32,168,50,64,72,42,51,69,214,136,4,189,32,36,142,192,28,12,152,8
2,20,16,152,19,225,24,66,30,1,72,146,12,22,32,72,239,19,147,144,34,12,16,215,9,6,154,67,144,72,37,18
3,193,0,140,4,145,140,165,4,64,80,199,32,8,50,192,76,3,19,197,199,8,4,253,32,32,142,192,29,28,184,28
3,207,0,140,148,145,142,167,68,68,88,199,32,40,50,64,73,66,131,197,196,8,4,189,40,4,142,128,28,92,184,92
60,0,98,100,68,2,224,88,65,128,118,2,83,9,185,64,88,132,6,40,136,178,1,136,66,233,160,4,103,168,112,128
2,131,32,136,148,129,156,103,6,5,88,167,32,14,50,64,76,11,131,133,82,8,0,149,40,0,138,193,21,12,180,200
35,72,98,206,4,128,138,228,68,64,80,2,32,8,53,96,72,96,19,195,132,32,4,253,32,40,138,128,21,31,112,140
130,128,146,153,36,133,184,66,62,25,80,16,140,138,112,72,207,9,19,145,34,12,2,211,12,20,154,200,148,0,33,129
2,133,32,136,151,225,152,99,6,69,88,163,8,142,50,64,73,27,147,145,18,8,0,213,9,4,138,227,149,12,180,194
3,131,32,136,132,129,12,37,4,68,80,135,32,12,50,64,68,3,147,133,212,8,4,149,40,32,142,192,28,12,184,88
2,129,0,140,20,129,140,97,4,0,80,2,32,8,48,64,72,2,19,129,82,168,0,149,32,32,138,192,20,8,176,0
35,72,99,140,4,145,142,228,68,64,80,198,32,8,183,228,72,96,18,207,197,160,36,253,34,40,138,128,93,189,120,140
3,192,32,140,4,145,140,165,68,64,80,3,32,8,178,96,72,0,19,197,196,40,36,157,32,32,138,128,20,28,176,76
2,129,0,140,4,129,12,37,4,0,80,2,32,10,48,64,64,2,19,129,80,8,0,149,32,32,138,192,20,8,176,0
3,195,0,140,4,145,140,165,4,64,80,199,32,8,50,64,76,3,147,197,213,8,4,253,32,32,142,128,29,28,184,92
56,0,98,236,68,2,72,80,69,0,247,2,83,73,57,64,120,164,6,170,136,178,0,136,210,233,160,128,119,170,112,128
3,131,0,140,148,129,140,101,4,4,80,135,40,8,50,64,76,3,147,133,214,8,4,213,32,32,138,192,28,12,184,92
0,193,0,136,132,129,12,165,4,0,80,2,32,8,32,64,72,2,19,0,80,8,0,149,32,0,142,64,20,8,176,8
3,72,99,204,4,2,171,48,68,64,82,66,49,8,181,100,72,96,18,207,193,160,36,237,0,40,170,128,21,57,112,108
2,129,0,140,132,129,12,167,4,0,88,2,32,42,48,64,64,3,19,129,80,8,0,221,32,32,142,192,20,12,176,8
2,193,32,140,148,129,12,167,4,64,88,131,32,46,50,64,68,3,19,133,208,8,0,157,32,32,142,128,20,12,176,88
2,177,148,152,235,197,176,65,142,25,16,34,140,158,96,10,167,27,179,17,18,73,146,208,25,16,94,170,144,64,165,147
3,197,34,140,148,129,140,167,68,69,88,135,32,40,50,64,72,2,19,197,214,136,4,157,32,32,142,192,28,12,184,92
134,184,0,154,19,193,152,192,22,21,65,179,44,222,97,72,75,57,147,145,34,76,26,247,9,6,155,99,148,13,53,210
128,197,0,136,4,129,132,39,4,0,88,18,32,0,48,64,72,2,2,129,80,12,0,151,32,32,138,64,20,8,176,0
1,201,97,204,20,145,142,228,68,64,80,66,32,8,180,228,72,34,18,201,199,40,36,189,32,40,138,0,93,28,120,108
3,200,164,158,20,144,138,160,22,85,81,135,96,106,51,65,81,98,51,199,230,72,14,189,40,38,223,128,28,46,56,92
2,147,2,136,146,193,184,103,6,5,88,163,40,134,32,64,110,27,147,144,82,8,0,213,40,36,154,195,20,4,165,88
2,0,0,136,4,0,136,0,4,0,80,2,0,8,48,64,72,0,19,129,0,32,0,144,0,32,138,128,20,8,48,0
3,209,35,140,37,148,172,165,76,72,82,70,168,24,180,224,204,35,18,197,197,136,36,221,32,56,142,130,28,28,249,77
55,8,66,140,68,19,202,64,133,4,241,135,67,200,51,64,88,160,7,231,140,163,4,204,144,224,131,152,61,47,120,196
2,0,66,217,100,137,232,64,141,17,112,2,140,138,116,73,106,9,19,145,2,176,2,209,6,24,154,200,84,8,113,128
32,0,98,201,76,131,160,64,68,0,240,2,0,136,52,64,104,40,2,1,128,179,0,208,22,8,130,0,85,8,112,136
2,195,36,152,28,129,140,229,134,84,80,167,40,140,50,65,76,11,131,133,214,8,6,213,40,0,158,201,21,12,188,216
42,200,66,204,68,129,207,244,5,0,116,131,41,13,181,68,72,168,23,206,72,170,0,253,114,105,130,128,119,156,112,232
35,9,97,78,84,147,195,112,69,64,117,66,96,72,181,228,88,32,18,107,193,160,44,189,34,40,130,128,87,175,112,164
50,200,67,168,84,129,74,244,5,0,208,10,35,136,49,208,72,168,23,195,74,11,0,189,176,64,128,168,53,153,112,136
3,131,34,140,150,144,168,99,12,69,90,135,44,40,50,64,106,35,19,133,214,152,20,221,32,32,138,192,29,12,185,92
