18,0,86,132,6,2,232,64,41,0,242,2,44,10,52,66,110,129,29,128,0,163,1,200,144,168,138,128,5,0,33,0
3,201,0,140,4,145,12,165,68,64,80,71,32,8,50,224,64,2,18,69,197,8,4,189,32,32,142,192,28,28,152,12
2,131,32,136,20,161,8,35,4,5,88,135,32,12,50,64,72,2,131,133,146,136,0,157,0,32,138,192,20,12,180,80
8,200,106,205,100,129,239,244,68,0,116,2,49,3,177,64,106,64,6,202,192,160,36,125,102,169,166,0,117,152,96,169
130,176,0,152,147,193,152,67,22,1,0,179,12,158,96,72,75,27,147,145,50,76,18,215,9,6,158,99,148,4,165,146
0,133,97,201,20,187,160,98,76,1,122,66,168,8,180,224,104,10,19,17,147,184,101,215,12,12,138,64,213,8,113,164
2,200,6,156,19,192,24,68,22,1,64,163,40,158,32,65,78,57,179,193,2,136,2,253,0,34,154,129,20,12,37,26
130,142,0,156,20,161,138,98,20,4,80,147,32,10,48,64,72,34,19,133,34,12,4,255,0,38,154,193,21,12,52,72
0,0,0,128,4,0,8,0,4,0,16,2,0,8,32,64,64,0,2,0,0,0,0,128,0,0,138,0,20,8,16,0
24,0,114,225,6,2,120,24,97,160,182,2,91,11,8,80,50,133,4,168,136,177,5,128,210,233,33,4,103,160,96,1
54,0,66,232,68,2,72,88,33,128,241,2,75,11,60,80,120,141,21,162,8,179,0,136,146,233,138,148,103,170,114,128
44,101,200,224,212,35,78,206,6,1,56,10,83,232,109,16,89,202,6,112,58,34,9,190,122,205,165,100,181,219,208,128
3,77,231,220,28,18,207,178,197,194,90,66,112,96,181,230,88,96,50,234,193,160,38,237,32,46,203,128,55,191,112,44
39,77,227,78,132,18,239,144,85,194,123,66,112,96,181,228,88,228,18,234,193,176,44,234,32,46,199,128,71,251,112,36
61,72,106,111,68,18,235,112,69,128,119,2,123,73,181,96,122,224,22,234,201,178,44,173,82,233,160,128,119,187,112,172
58,0,98,172,6,3,74,104,5,128,241,138,107,78,49,16,126,169,23,227,136,163,0,157,144,233,161,152,117,171,50,16
2,132,16,152,19,225,24,99,6,5,72,163,44,62,32,64,75,19,147,145,18,8,0,215,9,38,154,195,148,12,165,82
0,224,6,140,92,129,0,104,134,176,145,2,96,192,121,2,88,40,106,225,66,3,138,157,24,0,131,60,20,42,16,136
50,0,98,236,4,3,202,104,5,0,241,139,67,76,49,16,124,169,23,231,136,163,0,156,146,233,137,144,117,175,114,208
3,195,32,136,148,129,140,229,4,4,80,199,32,8,50,192,76,2,147,197,214,8,4,157,32,32,142,193,29,12,184,92
61,0,106,108,68,19,234,112,68,68,119,135,83,77,179,96,124,160,23,238,204,178,36,12,82,233,160,128,119,171,112,240
58,0,114,224,38,10,120,80,105,32,246,2,75,9,28,80,250,132,21,168,136,176,1,192,146,249,128,134,103,136,112,1
2,135,32,136,182,129,156,103,12,5,88,167,44,140,50,64,238,11,147,133,214,8,4,213,40,36,138,195,21,12,181,223
2,128,22,153,32,129,56,0,175,17,82,16,172,138,32,72,166,41,63,16,18,136,2,209,132,48,26,202,148,0,33,129
52,0,66,136,84,3,202,64,37,0,241,10,3,138,45,80,120,136,6,226,8,163,0,204,144,200,130,28,117,43,114,128
70,232,0,136,28,129,130,200,134,0,145,10,96,192,105,64,80,40,91,98,66,3,138,189,16,0,139,188,20,11,48,128
35,72,99,76,4,147,171,96,68,64,112,66,32,72,181,228,72,96,18,203,193,160,36,253,32,40,130,128,87,191,112,236
2,148,18,152,179,165,56,67,30,27,88,50,140,146,32,72,231,27,19,144,50,140,2,215,9,22,26,202,144,0,161,131
63,72,98,206,68,146,206,112,69,64,117,131,99,77,183,96,88,224,23,239,204,162,44,173,50,105,160,128,119,191,112,220
0,72,2,142,76,129,138,192,134,0,209,10,32,200,33,64,72,40,10,66,66,35,10,189,16,0,138,56,21,27,48,136
3,201,34,140,20,145,142,228,68,64,80,71,32,8,182,224,72,34,18,197,199,168,4,189,32,8,138,128,93,28,248,140
1,201,32,140,20,145,134,228,68,64,80,70,32,8,182,224,72,96,18,71,199,168,4,189,32,8,138,0,93,28,120,140
2,148,18,152,23,164,56,66,28,11,74,18,12,22,32,72,229,19,147,144,50,140,16,215,1,38,154,194,144,64,33,19
2,148,18,136,23,165,48,66,30,1,72,18,12,22,32,64,229,19,19,144,50,140,16,215,9,6,154,66,144,8,33,3
0,193,0,140,4,129,4,37,4,0,80,2,0,0,48,64,64,0,2,129,80,8,0,149,32,32,138,64,20,8,176,8
130,48,144,152,39,133,24,64,30,25,16,18,12,146,96,73,238,25,19,144,2,2,2,208,1,16,26,170,144,8,33,131
2,131,0,136,148,129,12,167,4,5,88,135,0,46,50,64,68,3,147,197,82,8,0,149,40,32,142,193,20,12,180,72
2,195,32,136,148,129,12,165,4,4,80,135,0,42,50,64,72,2,131,197,208,8,4,149,40,0,142,192,20,12,148,80
3,193,32,140,132,145,132,165,68,64,80,2,32,8,178,96,72,2,19,65,212,40,36,149,32,32,142,128,21,28,144,76
2,149,0,136,147,225,24,98,6,1,8,163,8,54,32,64,79,19,147,145,18,8,16,215,9,4,138,227,148,68,37,19
3,135,2,140,148,128,44,39,4,69,90,135,40,42,50,64,100,34,147,133,213,152,4,221,32,36,138,192,28,4,185,92
48,72,64,140,92,129,70,228,133,0,240,10,35,200,49,64,72,168,23,67,74,35,0,189,176,192,128,56,117,24,112,136
3,135,34,136,18,128,184,103,14,69,88,199,44,10,50,64,102,11,147,133,214,136,4,213,40,36,138,192,28,4,185,89
2,193,32,138,132,129,140,37,4,64,81,131,64,78,58,64,80,0,19,133,208,8,12,149,32,32,142,192,20,30,176,88
2,135,32,156,20,128,12,39,20,69,88,135,40,46,50,64,68,3,147,133,212,136,4,223,32,38,158,193,20,4,180,88
2,133,0,152,151,225,24,99,22,3,72,147,8,54,32,65,67,19,147,145,50,8,0,215,9,38,154,67,148,72,165,2
0,200,4,156,12,129,2,228,132,16,208,2,32,0,32,65,64,32,59,66,66,9,2,189,32,32,202,16,20,25,48,8
2,195,0,140,20,129,132,165,6,5,80,6,32,0,32,64,64,2,2,0,82,8,0,157,40,32,142,192,20,8,148,8
3,201,0,140,20,144,14,165,68,64,80,199,32,40,178,224,64,98,18,197,197,8,4,189,32,32,142,128,28,28,184,92
3,193,32,128,132,16,12,165,68,64,16,7,0,8,50,96,72,0,19,5,196,8,36,129,32,0,142,128,28,28,176,76
2,144,18,152,75,133,184,64,142,25,80,2,12,154,96,73,238,25,130,144,18,10,2,213,17,16,138,234,16,0,33,131
40,0,106,96,4,2,225,16,64,128,118,2,81,9,184,64,120,4,2,40,128,176,1,8,66,41,160,4,101,168,112,128
3,201,0,142,132,129,142,165,68,64,80,71,32,8,50,64,64,2,19,71,212,8,12,189,32,32,142,192,28,30,152,12
18,8,2,136,68,128,168,64,172,0,240,2,44,2,33,64,106,169,23,128,8,131,0,205,144,32,138,128,21,0,33,136
3,193,35,136,6,145,188,101,76,64,80,71,44,8,54,224,110,1,19,133,215,168,4,221,32,40,138,192,29,12,185,205
0,129,2,153,228,129,172,99,30,19,80,18,172,138,32,64,107,11,2,128,82,8,2,209,4,20,154,104,20,8,161,128
2,18,6,137,34,201,56,0,140,1,82,163,172,158,32,64,70,57,179,129,2,152,66,213,4,48,138,195,20,12,21,219
32,132,66,136,84,34,224,66,5,1,248,18,0,42,52,64,104,130,2,161,16,187,0,198,16,46,154,68,149,8,112,128
3,137,34,140,148,131,132,101,68,64,80,3,32,8,48,96,64,34,19,133,212,136,4,157,40,0,142,192,21,12,176,92
48,8,98,252,76,129,194,80,197,0,112,2,34,137,53,64,72,168,55,67,136,170,2,189,18,168,128,8,119,169,112,136
0,201,0,140,148,128,6,167,4,0,88,66,32,32,48,64,64,66,2,193,80,8,0,189,40,32,142,64,28,24,144,8
0,193,1,136,132,128,12,37,4,0,80,66,32,8,32,192,64,0,2,0,64,8,0,149,32,32,142,64,20,24,184,8
0,192,0,140,4,128,12,37,4,0,80,70,32,8,32,192,64,0,2,0,65,8,0,149,32,32,142,0,28,24,184,8
128,0,0,153,100,129,168,64,158,17,80,18,140,138,48,72,106,9,19,17,34,36,2,209,4,16,154,104,20,8,1,128
3,193,0,136,148,129,140,165,68,68,80,135,32,8,50,64,64,2,19,133,212,8,4,149,40,32,142,192,28,12,184,92
2,0,86,129,78,128,184,64,172,16,16,130,140,14,96,75,110,17,59,129,0,65,2,192,4,16,218,138,5,0,33,145
56,0,96,105,68,19,192,88,65,0,112,10,3,9,180,32,120,136,6,161,136,178,101,136,22,201,160,4,119,136,114,128
3,201,0,140,4,145,12,165,4,64,80,199,32,8,50,64,64,34,19,197,197,8,4,157,32,32,142,128,28,12,184,28
2,48,148,152,107,197,176,64,142,25,16,32,140,158,96,74,135,25,179,17,2,64,130,208,13,16,90,235,144,0,5,147
2,135,0,136,20,161,152,98,6,5,88,167,40,6,48,64,76,19,131,133,18,8,0,221,0,36,138,193,20,12,52,88
130,0,146,153,36,133,168,64,30,27,80,18,140,138,112,72,235,9,51,145,2,148,2,211,12,22,154,200,148,8,49,129
32,73,104,206,68,129,207,244,68,64,116,2,113,73,181,96,72,98,19,203,192,162,44,189,98,41,162,128,117,187,112,232
2,148,16,136,19,229,176,66,14,1,72,2,12,158,32,64,239,27,147,144,18,8,16,215,9,4,26,66,145,8,37,130
3,72,99,78,4,129,131,32,68,64,81,66,32,8,181,228,72,32,18,75,129,168,36,189,0,40,130,128,23,139,112,44
0,0,0,136,4,1,136,0,4,0,80,2,0,10,32,64,72,0,2,128,0,0,0,128,0,0,138,0,20,8,48,0
2,193,32,136,132,129,140,165,68,0,80,2,0,8,48,64,72,2,19,129,208,40,4,149,32,32,142,128,21,24,176,8
3,193,32,142,132,145,142,165,68,64,16,131,32,44,54,96,72,66,19,199,212,40,36,181,40,40,142,192,21,30,144,76
3,135,32,129,150,163,168,35,14,5,90,135,140,42,50,64,103,3,147,149,150,152,5,213,44,4,154,192,156,4,185,84
3,193,32,140,132,129,12,39,4,68,88,135,32,44,50,64,64,2,19,133,196,8,4,157,32,32,142,128,20,28,176,92
2,135,34,129,148,162,168,3,4,5,90,135,8,42,50,64,125,7,147,181,150,152,5,212,8,36,154,196,149,68,184,68
6,202,4,154,24,193,26,192,150,21,81,163,96,206,107,64,93,121,147,211,2,72,10,189,8,2,143,225,20,15,52,88
2,207,32,138,132,129,142,165,4,4,89,135,64,106,50,64,68,66,131,199,212,8,12,181,40,32,142,193,28,15,184,72
134,143,0,154,148,129,14,167,20,5,89,147,64,110,58,64,85,67,131,215,114,8,8,247,40,38,142,193,20,79,180,72
40,72,90,238,100,133,122,244,5,8,116,2,61,11,33,80,234,105,6,202,64,160,0,189,99,233,162,8,114,187,96,137
2,14,32,154,20,225,154,66,22,7,89,179,40,110,51,72,77,51,131,133,34,140,0,255,0,38,154,129,148,79,52,72
2,131,32,136,148,129,140,101,4,4,80,135,32,12,50,64,76,2,147,133,208,8,4,149,40,32,138,193,21,12,180,88
3,193,0,140,4,145,140,229,68,64,80,71,32,8,50,64,72,0,19,69,197,40,4,157,32,32,142,128,29,28,184,28
130,206,0,152,18,225,154,230,22,7,80,179,40,142,34,64,77,27,131,145,34,12,0,255,8,6,154,195,20,12,52,218
2,130,0,154,20,131,138,104,22,5,81,131,96,202,48,64,88,40,131,129,18,136,8,223,0,38,138,193,20,14,52,0
3,192,32,140,4,145,142,164,68,64,80,199,32,8,182,224,72,0,18,199,197,40,4,189,32,40,142,128,29,28,248,92
0,133,97,201,84,169,160,98,76,1,122,66,168,8,180,228,104,10,18,17,147,184,101,215,12,12,130,64,213,8,113,164
3,207,32,136,148,129,142,231,4,4,88,199,32,40,50,64,77,66,19,197,212,8,4,255,40,36,142,192,28,28,184,28
2,49,144,152,155,229,144,66,30,17,64,19,12,158,96,72,231,27,147,145,18,74,146,208,9,4,154,107,144,68,37,146
6,8,2,138,12,193,138,64,134,0,81,163,40,206,49,64,72,57,147,211,2,2,10,249,0,0,138,233,20,15,52,128
2,209,0,136,27,193,24,229,134,5,208,163,44,134,32,64,74,57,147,193,66,11,2,213,56,0,138,235,20,12,165,218
2,131,0,136,148,129,140,39,4,5,88,135,40,10,50,64,76,3,131,133,214,8,4,213,40,32,142,193,20,12,184,8
2,193,0,140,132,129,12,101,4,0,80,2,32,2,32,64,72,2,19,128,80,8,0,149,40,32,142,192,20,8,176,8
2,72,6,156,11,192,56,68,132,17,66,163,40,158,32,73,106,57,179,193,2,136,18,253,1,34,154,11,20,4,37,26
130,142,2,156,20,160,136,102,20,5,80,179,32,14,48,64,72,34,147,133,34,140,0,255,0,38,154,193,21,12,52,200
2,131,32,136,148,129,140,103,6,5,88,167,32,14,50,64,78,3,147,133,82,8,4,221,40,32,138,193,20,12,180,88
130,143,0,136,20,129,138,231,6,5,88,135,32,8,50,64,77,3,131,5,114,8,0,191,40,36,154,193,20,12,152,72
2,135,32,136,150,225,152,103,6,5,88,163,40,46,34,64,78,27,147,145,18,8,0,213,40,4,138,195,21,12,181,210
129,197,98,204,132,18,166,39,68,66,95,18,32,40,182,228,72,38,2,137,245,188,36,207,34,40,142,0,7,142,248,108
35,193,98,137,84,147,172,229,68,64,82,135,0,12,190,96,120,136,19,229,199,186,101,221,52,8,138,192,85,12,240,220
32,200,114,203,117,157,226,244,77,8,116,2,40,137,52,32,234,40,18,202,194,56,34,253,39,24,2,40,87,139,97,142
3,157,1,141,150,131,141,47,6,224,90,166,48,44,182,100,95,55,19,165,213,152,101,223,44,38,159,196,28,44,144,125
82,0,80,225,2,10,88,16,41,160,178,10,15,11,4,82,38,133,93,160,8,145,1,192,144,233,138,148,39,160,35,1
52,0,66,160,68,3,72,64,33,128,241,10,75,138,60,16,122,141,6,160,8,179,0,200,144,200,130,4,101,170,98,128
44,141,104,202,212,161,175,255,68,0,124,2,121,99,57,68,123,66,19,234,242,40,12,255,104,15,175,196,247,219,224,160
35,72,99,140,4,144,174,228,68,64,82,198,32,8,181,228,104,96,18,207,197,176,36,237,32,40,138,128,31,189,120,236
62,0,98,236,68,2,74,88,33,128,241,2,75,75,61,80,120,141,21,162,136,179,0,136,146,233,163,132,103,170,98,0
58,143,66,172,82,193,89,119,5,4,124,163,41,7,162,84,110,187,151,132,90,138,0,221,114,225,170,193,55,132,164,232
3,193,2,140,20,128,172,165,4,64,80,71,32,10,48,224,104,2,19,197,199,136,4,253,32,32,138,192,29,28,184,12
1,8,110,221,84,130,233,82,196,64,118,2,49,137,181,104,104,164,51,137,128,180,37,12,70,47,162,128,245,169,112,160
44,229,200,234,212,35,79,223,22,1,56,2,81,235,105,16,89,202,6,240,42,34,8,62,122,205,165,100,181,219,240,128
2,131,2,136,146,129,56,103,4,5,88,131,8,38,50,64,110,19,147,149,82,136,0,213,40,32,138,193,20,4,165,192
34,200,105,204,20,129,143,244,68,0,80,66,48,1,180,100,72,96,19,203,195,40,36,253,96,40,170,128,21,24,112,168
33,8,103,205,20,130,171,114,196,192,86,66,113,1,181,100,104,100,51,203,129,189,37,110,68,46,170,128,117,171,112,232
130,144,18,153,51,164,184,66,62,9,82,18,140,154,32,72,231,25,147,145,50,156,0,215,13,22,26,194,144,0,33,131
45,9,231,204,4,2,239,112,84,194,94,66,112,97,181,100,88,100,50,234,193,176,37,236,0,46,227,128,119,171,112,164
48,0,66,128,4,2,232,64,5,0,242,2,8,10,52,64,120,169,14,177,8,179,0,204,144,136,138,0,5,8,96,128
39,77,227,78,4,18,239,240,85,194,122,66,112,96,181,228,88,228,50,234,193,176,44,232,32,46,199,128,87,251,112,164
60,72,106,110,70,18,235,80,69,128,119,2,123,73,181,100,122,224,22,234,137,178,44,172,82,233,160,128,119,187,112,160
60,0,82,238,70,3,74,112,133,128,245,10,107,203,53,80,126,168,23,234,8,163,8,157,210,233,129,152,119,187,112,0
2,144,18,152,19,228,48,66,30,17,66,18,44,150,32,64,225,27,147,144,18,140,18,215,9,54,154,67,144,0,37,18
0,224,6,140,92,131,130,104,134,176,144,10,96,200,104,2,88,40,106,96,66,35,138,157,24,0,131,60,20,42,16,128
1,72,107,204,4,2,235,16,68,0,86,66,49,1,181,100,72,96,18,202,129,160,36,236,64,40,170,128,53,185,112,104
3,72,2,140,4,144,140,228,68,64,82,199,32,8,183,224,72,96,18,197,197,168,4,253,32,40,138,128,29,28,56,28
50,0,98,172,4,3,202,104,5,64,241,139,67,12,53,16,124,169,23,231,136,163,0,156,146,233,136,144,117,174,114,208
112,0,75,140,68,2,193,72,132,0,211,66,80,202,40,64,120,160,14,32,8,163,0,204,208,32,162,24,21,42,48,32
2,135,0,136,146,161,152,99,6,5,88,163,8,46,50,64,79,19,131,145,18,8,0,215,40,4,154,195,148,12,188,194
194,50,148,152,106,193,184,64,138,25,16,176,140,158,96,11,134,25,179,17,2,67,130,208,4,16,90,171,20,0,37,147
3,211,34,136,22,145,156,229,12,68,80,231,44,8,50,64,78,43,147,197,198,168,4,221,32,32,138,195,29,12,185,223
0,8,66,129,68,128,168,64,172,16,114,2,136,138,97,74,104,169,2,208,2,152,66,192,4,16,154,64,21,9,97,128
3,201,35,140,22,144,174,165,76,64,82,199,40,8,180,228,106,67,18,197,197,168,4,253,32,40,142,128,29,28,185,28
2,128,22,153,96,137,56,0,175,17,82,16,172,138,96,72,166,41,63,144,2,24,2,209,132,16,26,200,148,0,33,129
52,0,66,168,84,3,202,64,37,0,240,10,3,138,45,80,120,136,6,226,8,179,0,204,144,200,130,12,117,43,114,128
2,144,18,152,19,229,184,66,158,25,80,51,12,158,32,72,239,27,147,145,50,13,18,215,9,22,154,203,144,4,37,147
40,72,104,206,68,131,207,120,4,0,116,130,113,77,181,96,92,240,23,238,200,162,44,61,98,169,160,128,117,187,112,248
54,72,64,172,76,131,74,104,5,0,240,138,99,206,49,16,88,168,23,227,72,3,8,157,176,200,137,184,53,59,82,128
51,64,98,204,68,18,204,117,65,192,246,2,75,8,182,100,120,164,22,169,205,179,37,136,50,104,128,128,103,188,112,44
57,64,106,108,68,19,202,120,69,64,116,7,115,9,183,32,88,172,23,109,204,178,36,156,114,105,160,128,119,188,112,200
70,232,0,136,28,129,130,200,134,0,144,10,96,192,105,64,88,40,91,98,66,3,138,189,16,4,139,188,20,11,48,128
35,72,99,204,4,147,142,228,68,64,112,66,32,8,181,228,72,96,18,203,197,168,36,253,32,40,138,128,95,29,120,172
2,148,18,152,51,165,56,66,30,25,88,48,140,146,32,72,231,27,19,16,50,140,2,215,13,54,26,202,144,0,33,131
58,73,98,238,68,146,206,240,69,64,116,131,99,77,183,96,88,224,23,239,200,162,44,189,50,105,160,128,119,191,112,220
3,201,34,140,20,145,140,229,68,64,80,199,32,8,182,96,72,34,18,197,199,168,4,189,32,40,142,128,93,28,248,204
50,72,66,174,68,129,206,224,5,0,240,2,35,202,53,80,72,232,23,195,72,163,0,189,176,232,138,152,117,27,112,136
3,201,32,136,20,145,142,228,68,64,80,199,32,8,182,224,72,34,18,71,199,40,4,189,32,8,138,128,93,28,120,156
2,148,18,152,23,228,56,66,30,3,74,18,12,54,32,64,229,19,147,144,50,140,16,215,9,38,154,66,144,64,33,18
3,197,3,140,20,147,140,103,68,64,90,70,32,8,182,228,72,34,18,133,197,168,36,157,32,40,138,128,29,12,248,12
0,193,0,140,4,129,4,37,4,0,80,2,32,0,32,64,64,2,2,128,80,8,0,149,40,32,138,64,20,8,176,0
2,195,0,136,20,129,140,101,4,4,80,135,32,8,50,64,72,2,3,133,214,8,4,157,32,32,138,192,28,12,184,88
2,52,0,152,23,225,152,66,22,1,8,178,12,158,96,72,79,25,147,145,18,12,16,215,9,4,154,227,148,8,53,146
3,193,32,136,4,129,140,165,68,64,80,131,32,12,50,96,72,0,19,69,212,40,4,181,32,0,138,192,20,28,176,68
3,193,32,140,148,145,140,165,68,68,80,199,32,40,50,64,72,2,19,69,213,8,4,157,40,32,142,192,28,12,152,92
2,131,32,140,148,129,140,167,4,4,88,135,32,42,50,64,72,3,147,197,212,8,4,181,40,0,142,193,20,12,180,72
2,131,0,136,148,129,12,101,4,68,16,135,0,14,50,64,68,3,147,133,82,8,0,213,40,0,142,192,20,12,180,80
2,131,32,136,148,129,136,97,4,68,80,135,0,14,50,64,76,3,147,133,208,8,0,149,32,32,138,193,20,12,180,80
2,151,0,136,146,225,24,99,6,1,24,162,12,54,32,64,78,19,147,144,18,8,0,212,40,4,138,195,148,68,165,19
3,72,35,142,4,0,143,132,68,64,80,66,48,8,181,228,72,96,18,203,193,160,36,173,32,40,138,128,21,59,112,108
3,193,40,136,132,145,132,229,68,64,80,2,32,8,182,96,72,2,19,65,212,40,36,149,32,40,142,128,21,28,208,76
2,151,0,136,147,225,24,99,4,1,72,163,8,54,32,64,79,19,147,145,18,8,16,213,9,4,138,195,148,76,164,19
3,193,32,136,133,213,140,37,4,64,64,135,40,12,54,224,200,3,147,133,213,8,52,213,33,56,138,192,29,12,184,92
3,204,0,140,20,145,138,166,68,64,88,71,32,8,182,224,72,34,18,197,199,40,4,191,32,40,138,128,29,12,56,28
2,135,2,136,176,160,40,35,4,5,90,163,168,46,48,64,70,19,147,133,18,136,0,213,8,52,138,193,148,12,181,64
2,135,0,136,148,193,12,167,4,5,88,131,32,38,50,64,72,2,131,193,80,8,0,215,40,32,142,193,20,12,180,72
3,133,32,137,180,161,136,99,76,73,88,71,132,8,50,64,200,2,19,21,150,40,65,213,12,16,138,194,28,12,184,149
2,133,2,136,149,167,40,67,4,1,74,2,0,138,48,64,200,43,19,145,18,152,16,221,41,48,138,64,16,8,176,130
7,8,130,158,20,144,138,64,20,65,81,199,96,232,51,72,72,32,19,135,132,132,4,232,0,38,154,128,157,47,56,92
3,133,34,140,148,146,140,39,68,64,90,199,32,40,54,224,72,34,19,133,213,136,4,221,32,40,138,128,29,12,184,12
8,149,82,232,119,164,120,114,13,9,122,2,29,51,32,80,230,3,23,0,18,136,0,213,79,253,34,194,178,128,96,131
40,129,106,201,196,3,229,117,68,0,118,2,17,9,180,96,104,138,6,168,216,186,37,132,102,169,162,64,117,136,240,160
0,161,34,136,149,193,160,69,70,1,64,2,8,152,52,64,232,11,19,145,18,168,16,213,41,0,138,75,213,12,245,130
2,135,32,139,148,131,12,111,4,37,89,135,96,38,58,64,92,2,131,37,210,24,73,221,44,32,138,197,20,14,180,72
2,132,146,152,54,162,184,66,60,1,90,18,140,170,32,72,103,41,19,145,18,156,1,198,12,54,154,198,148,64,33,1
3,133,2,140,148,144,172,39,4,65,90,199,40,46,50,64,108,35,19,133,215,152,4,221,40,36,138,192,28,12,185,92
35,216,96,136,70,145,158,228,68,64,80,167,40,28,182,32,78,121,147,199,198,42,36,253,32,8,142,162,29,28,61,221
2,135,2,152,18,128,56,99,62,5,90,183,12,142,34,64,103,27,147,149,18,152,0,215,8,36,154,195,20,4,165,208
2,48,18,136,115,133,184,64,172,9,112,2,12,154,36,64,238,41,2,144,2,131,16,192,17,28,26,234,208,0,35,131
32,0,98,196,68,128,160,64,204,128,240,2,8,136,53,1,106,168,23,161,128,179,4,200,22,40,138,0,69,8,113,128
6,142,0,154,148,193,10,226,22,5,24,163,32,198,32,64,89,59,131,145,50,12,8,255,8,6,139,193,148,15,52,80
35,64,99,76,68,19,233,112,69,64,116,2,48,9,181,164,88,168,22,41,201,178,36,157,50,40,160,128,87,172,112,236
2,129,0,138,132,129,14,37,4,64,81,131,64,14,50,64,68,2,147,135,80,8,8,213,32,32,138,192,20,14,176,88
2,135,2,156,18,128,28,39,20,69,88,135,40,46,50,64,71,51,147,133,82,8,0,223,40,38,158,129,20,4,180,88
35,201,96,202,84,145,142,228,68,64,116,2,32,136,182,36,72,170,18,203,199,42,44,189,50,8,138,168,85,14,120,140
2,143,0,138,148,193,14,167,4,4,89,163,0,38,50,64,68,19,131,199,80,8,8,245,40,32,138,193,20,14,180,64
2,192,0,138,4,129,140,37,4,0,81,2,32,8,48,64,72,0,19,1,64,40,8,149,32,32,138,192,20,10,176,8
2,149,50,136,150,128,188,103,4,1,90,162,44,62,32,64,110,51,147,129,210,136,16,221,40,36,138,194,21,8,161,26
2,135,2,152,147,224,28,35,20,7,72,179,40,46,32,65,73,19,147,129,114,8,0,215,40,38,154,195,20,76,180,66
2,193,34,136,20,129,140,229,4,0,80,131,32,12,48,64,72,42,19,197,210,138,4,189,32,32,142,192,20,12,176,200
130,20,128,152,23,225,144,66,22,19,0,19,8,158,96,8,201,25,147,145,34,68,18,210,9,6,154,99,145,76,53,146
2,195,0,140,20,129,132,37,6,5,80,7,32,130,32,64,64,42,2,196,82,8,0,157,40,32,142,192,20,8,148,72
3,201,0,140,20,144,142,165,68,64,80,199,32,40,182,224,64,98,18,197,197,8,4,189,32,40,142,128,28,28,184,92
3,200,3,140,20,144,142,228,68,64,80,70,32,8,176,228,72,32,18,71,199,168,4,189,32,32,138,128,29,28,56,12
130,128,18,153,52,129,168,66,30,9,80,18,140,138,48,72,227,9,19,17,34,156,0,215,4,20,154,192,148,8,49,128
40,0,106,204,84,131,193,80,68,0,119,2,113,73,177,64,88,32,2,40,128,176,36,29,64,169,162,0,117,170,112,160
3,193,32,136,132,16,12,37,68,64,16,135,0,12,50,96,64,0,19,133,212,8,36,129,40,32,142,128,28,28,176,76
130,0,146,152,53,133,184,66,30,11,80,18,140,142,112,72,231,9,19,145,2,132,0,211,9,20,154,202,144,12,49,129
2,32,18,136,108,137,184,64,142,16,16,0,140,130,96,11,130,9,19,0,2,64,130,208,4,16,74,168,20,8,33,129
50,0,66,140,68,2,200,64,5,0,242,2,8,10,32,64,122,161,23,160,8,179,0,204,144,160,138,128,21,40,112,128
130,144,16,152,27,197,184,64,22,17,64,18,12,158,96,72,238,25,147,144,2,14,18,213,1,0,154,107,16,0,37,147
2,131,0,136,148,129,8,33,4,4,80,135,0,12,50,64,68,3,147,149,82,8,0,149,40,32,142,193,20,12,180,80
3,129,32,140,132,129,12,37,4,68,80,135,32,12,50,64,64,2,19,133,212,8,4,149,32,32,138,192,20,12,176,88
18,8,66,140,68,128,232,64,45,0,242,2,44,10,33,64,106,169,23,128,8,147,0,204,144,160,138,136,53,8,97,136
55,0,98,168,68,19,200,64,69,64,241,3,2,136,63,96,88,168,22,37,140,179,36,204,16,8,138,136,117,174,112,196
2,148,18,152,23,226,56,66,28,1,90,178,12,22,32,64,230,59,147,144,50,156,1,223,9,38,154,195,148,8,53,3
3,193,35,136,22,145,188,101,76,64,80,71,44,8,182,224,110,3,19,133,215,168,4,221,32,40,138,192,29,12,185,205
50,201,0,136,92,129,10,228,134,0,208,2,34,130,32,64,72,168,23,192,74,11,8,253,176,128,138,248,20,8,48,136
2,131,2,137,148,131,172,99,4,69,90,135,32,14,50,64,108,35,147,133,80,152,4,221,36,32,138,192,28,12,176,88
34,244,160,136,87,197,152,71,6,65,88,163,44,156,112,0,204,59,147,129,66,42,18,217,33,4,158,171,21,92,181,218
2,146,38,153,32,201,56,0,172,69,82,167,172,142,32,64,230,57,179,1,130,152,3,213,4,48,154,195,20,12,21,89
54,0,226,232,4,146,232,80,197,64,83,2,65,200,188,104,120,168,55,179,136,179,38,192,18,104,130,204,55,174,112,4
2,140,2,149,52,139,168,39,28,193,82,147,172,46,48,64,38,51,147,133,48,156,0,223,12,54,154,192,20,12,17,88
59,193,66,140,68,144,76,117,5,64,84,199,40,142,182,112,78,169,23,141,207,138,36,221,50,40,138,136,63,156,248,220
3,137,34,140,148,131,132,101,68,64,82,3,32,8,48,96,64,34,19,69,212,168,4,157,40,32,142,192,21,12,176,76
48,8,98,252,76,129,194,64,197,0,112,2,34,136,53,64,72,168,38,67,138,170,2,189,18,44,128,8,117,137,112,136
2,141,2,133,148,131,172,103,4,160,90,2,32,40,49,64,104,34,19,193,80,152,0,190,44,4,142,128,4,72,176,8
99,200,98,204,92,145,136,100,196,0,212,2,32,136,180,96,72,168,27,200,198,43,38,253,50,40,130,136,23,152,112,12
2,201,0,140,148,128,14,167,4,0,88,66,32,32,48,64,64,98,19,193,80,8,0,189,40,32,142,192,28,8,176,8
98,201,130,140,84,128,140,101,2,5,80,6,32,136,48,64,72,170,19,193,66,42,130,137,48,36,142,168,28,24,176,136
0,0,0,136,4,0,128,0,4,0,80,2,0,8,32,64,72,0,2,0,0,32,0,192,0,0,130,0,20,8,48,0
2,128,32,136,4,129,136,32,68,0,80,2,1,8,48,64,72,0,19,1,192,40,0,149,0,97,170,192,20,8,16,8
0,193,1,140,132,129,140,37,4,0,80,66,32,8,32,192,72,0,2,0,65,40,0,149,32,32,142,64,20,24,184,8
3,193,0,140,132,128,12,37,4,0,80,70,32,8,48,192,64,2,19,1,69,8,0,149,32,32,142,128,28,24,184,8
130,0,0,153,68,129,168,64,12,16,80,18,136,138,48,73,104,9,19,145,2,48,66,209,4,0,138,232,21,8,49,128
50,0,2,136,4,130,104,64,13,0,210,2,46,10,48,64,106,137,23,129,8,178,0,213,144,176,138,192,53,8,48,0
3,195,32,140,148,128,140,165,4,68,80,135,32,8,50,64,64,2,19,197,212,8,4,213,40,32,142,192,28,28,184,92
130,48,162,152,99,165,184,66,30,91,80,51,12,158,96,73,231,27,179,149,162,70,2,210,9,22,218,170,148,68,33,211
37,0,106,77,68,3,227,88,64,192,117,2,81,73,189,32,88,136,19,42,128,178,100,8,86,9,161,4,117,170,114,128
3,131,0,140,20,129,12,165,4,68,80,135,32,10,50,64,64,3,19,197,214,8,4,221,40,32,142,192,28,12,184,92
2,176,144,152,27,229,176,66,30,31,16,179,140,158,96,72,167,27,147,145,18,76,18,210,9,22,26,235,144,4,37,147
3,193,3,140,4,144,172,101,68,64,82,199,32,8,50,192,72,34,19,133,197,168,4,221,32,32,138,192,29,12,184,92
60,0,106,204,68,18,232,80,68,128,119,2,89,75,189,96,122,32,19,170,128,178,36,200,66,233,162,128,55,170,112,160
66,0,54,130,34,0,184,0,168,16,17,2,140,10,120,67,102,145,95,129,130,1,128,192,148,48,138,168,4,2,33,129
130,0,18,153,36,129,184,64,158,25,80,18,140,138,112,72,206,9,19,145,2,20,2,209,4,16,154,168,20,12,49,129
3,72,3,140,4,145,138,228,68,64,80,66,32,8,181,228,72,32,18,199,199,168,36,189,32,40,138,128,29,29,120,12
2,148,24,136,19,225,176,66,14,1,72,2,12,158,32,64,235,27,147,144,18,8,16,215,9,6,26,67,145,8,37,146
0,0,0,136,4,1,136,0,4,0,80,2,0,10,32,64,72,0,2,128,0,32,0,128,0,0,138,0,20,8,48,0
35,5,107,206,4,18,207,113,68,192,95,194,112,108,183,100,88,36,18,173,193,176,36,206,98,44,170,128,117,238,112,236
3,193,0,140,20,144,140,165,68,64,80,199,32,8,178,224,72,34,18,197,199,40,4,157,32,32,142,192,29,12,184,92
2,193,32,136,132,129,140,37,68,0,80,2,0,8,48,64,72,2,19,1,208,40,0,149,32,32,142,192,21,24,176,0
3,193,32,130,132,129,142,165,68,64,16,131,0,44,54,96,72,66,19,199,212,8,12,181,40,8,142,192,21,30,144,76
3,129,0,137,182,145,184,39,14,65,90,199,140,42,182,224,230,3,19,149,215,24,5,213,44,28,142,192,28,12,153,29
3,193,32,140,132,144,140,165,68,64,80,7,32,8,178,96,72,2,19,197,196,40,36,157,32,32,142,128,21,28,176,76
1,217,120,204,100,133,191,244,68,8,84,34,48,29,181,32,110,112,19,202,192,40,32,253,97,8,174,128,21,152,113,169
135,143,0,138,148,145,142,229,4,4,89,199,64,104,58,64,88,66,19,199,212,8,12,181,40,0,143,192,29,31,184,68
134,143,32,154,148,129,142,164,20,5,89,151,96,104,58,64,93,67,131,215,242,8,12,255,40,6,143,193,148,15,180,72
6,232,4,154,26,193,26,192,134,21,16,163,44,198,105,64,74,121,187,211,2,9,10,245,8,0,143,235,20,15,53,90
2,164,0,152,19,225,152,66,6,1,72,147,12,158,96,72,75,27,147,145,18,8,16,214,9,4,154,99,148,76,36,82
2,14,34,142,20,163,138,67,4,5,89,135,96,108,50,64,93,35,131,165,150,136,4,223,0,38,138,193,148,79,60,64
2,133,0,136,150,225,152,35,6,5,88,163,12,46,32,64,79,19,147,145,18,8,0,213,8,4,138,195,148,12,181,82
2,131,0,136,148,129,140,101,4,4,80,135,0,14,50,64,76,2,147,133,210,8,4,213,40,32,142,193,20,12,180,88
2,193,0,140,4,133,140,37,4,0,80,2,32,8,48,64,72,2,19,129,80,8,0,157,33,32,138,64,20,8,176,8
2,130,0,154,20,131,138,105,22,5,81,135,96,200,58,64,88,40,131,181,18,168,2,159,0,36,138,193,20,15,52,64
3,195,32,136,132,129,140,229,4,68,80,135,32,8,50,64,76,3,19,197,214,8,4,149,40,32,142,192,28,12,184,84
33,132,2,201,20,179,160,66,84,65,90,82,0,8,52,224,120,8,18,17,183,184,69,151,12,12,154,68,221,8,120,132
2,143,0,136,148,129,142,167,20,5,88,135,32,42,50,64,77,67,147,197,246,8,4,255,40,36,142,193,20,28,188,72
6,10,2,138,28,193,138,64,134,4,81,131,32,206,49,64,88,57,147,211,2,130,10,221,0,0,138,169,20,15,52,192
2,49,176,152,219,229,144,66,158,21,0,147,12,158,96,8,235,27,147,145,18,74,18,208,9,4,154,107,144,76,37,210
50,88,2,138,79,197,154,192,5,0,208,3,40,158,53,64,76,185,147,199,10,3,16,253,49,72,138,138,21,63,112,154
2,149,56,200,116,165,185,83,78,9,92,34,20,28,180,32,205,27,19,145,146,40,32,213,75,28,170,226,149,136,177,163
3,201,3,140,4,128,142,164,4,64,80,199,32,8,177,224,72,96,19,199,197,136,4,253,32,32,138,128,29,28,56,28
2,135,32,136,148,129,156,103,4,5,88,135,32,46,50,64,76,3,147,133,82,8,4,213,40,32,138,193,20,12,180,72
130,193,0,140,132,129,142,167,4,0,24,18,32,40,48,64,72,66,19,193,112,8,0,191,32,32,142,192,20,92,176,8
2,200,22,152,11,192,56,68,132,16,64,130,44,158,32,64,234,57,187,193,66,137,18,213,1,32,154,11,20,0,37,154
130,138,34,156,20,129,136,102,22,5,80,179,40,142,48,64,72,59,147,129,34,140,2,255,0,38,154,193,20,12,52,200
2,131,32,136,148,129,140,231,4,5,88,167,32,14,50,64,76,3,147,133,210,8,4,221,40,32,142,193,20,12,180,216
130,135,0,152,148,129,8,231,22,5,88,179,32,42,34,64,73,11,131,149,114,8,0,151,40,6,154,193,20,12,180,200
2,135,32,136,150,193,156,103,6,5,88,163,40,14,50,64,78,27,147,133,82,8,4,221,40,4,138,193,21,12,181,216
3,205,98,79,132,146,174,39,68,66,95,2,96,40,182,228,104,102,18,202,213,184,44,239,34,40,142,128,7,218,240,108
34,176,82,136,115,193,186,72,15,8,113,34,44,222,36,16,254,57,147,224,2,2,0,221,21,20,10,235,17,10,39,131
3,131,98,140,20,145,140,103,4,68,88,135,32,8,54,64,76,35,147,133,214,8,4,221,32,32,138,193,29,12,184,220
3,153,33,141,22,131,137,43,6,229,90,231,44,62,176,228,94,63,179,133,149,152,101,223,40,38,155,194,28,12,49,93
3,157,97,140,146,3,143,191,70,64,88,230,120,102,180,228,119,35,19,173,209,136,37,223,40,46,143,196,23,110,177,125
2,52,144,152,19,229,16,66,30,87,0,23,140,182,98,8,197,27,179,145,2,70,146,210,9,22,26,107,144,68,37,211
35,72,99,140,4,144,174,100,68,64,82,198,32,8,183,228,72,96,18,207,197,184,36,237,34,40,138,128,31,156,120,156
44,141,104,232,212,163,207,255,84,0,124,2,81,107,57,64,89,66,19,250,242,42,13,191,106,143,167,196,247,250,240,160
60,0,98,234,68,2,74,80,65,128,245,2,75,75,61,16,120,172,21,170,136,179,8,140,210,233,161,4,119,171,114,128
3,201,2,140,132,144,172,229,68,64,82,199,32,8,182,224,108,35,19,205,197,136,4,253,32,40,142,128,29,28,184,92
42,132,115,200,83,209,185,103,7,1,108,130,57,151,36,228,106,155,147,144,19,138,48,213,43,205,154,67,51,0,165,186
60,165,200,232,212,35,79,223,22,1,124,2,81,227,105,16,89,202,6,184,58,34,8,158,122,205,165,100,247,219,240,128
2,135,2,136,146,192,56,103,4,5,88,163,12,38,32,64,110,19,147,145,18,136,0,213,40,36,138,193,20,4,165,194
35,200,105,206,20,129,139,244,68,0,84,66,48,65,181,96,72,96,19,203,193,168,36,125,96,40,170,128,21,155,112,168
116,0,66,174,68,3,202,64,5,128,241,10,67,72,61,80,120,160,31,163,8,163,0,140,146,232,131,28,117,171,112,0
130,128,18,153,55,172,184,66,62,9,82,18,140,154,32,72,231,9,19,145,50,156,0,215,13,22,26,194,144,0,33,129
37,8,103,205,20,2,235,112,68,128,95,66,113,33,177,100,120,228,54,234,137,176,37,12,68,46,226,128,103,171,112,160
35,73,231,76,20,18,239,114,197,192,90,66,96,224,181,228,88,104,50,234,193,184,38,239,32,46,195,128,31,191,112,44
18,0,2,129,68,130,168,64,164,0,242,2,8,10,48,64,104,161,14,177,8,147,0,192,148,0,138,132,5,8,33,128
2,159,2,136,146,160,56,35,4,5,90,167,44,38,34,64,102,51,131,149,18,136,0,223,40,36,154,195,148,4,173,91
61,72,106,110,70,18,203,112,69,128,119,2,123,73,181,96,122,224,22,234,205,178,44,172,82,233,160,128,119,187,112,169
3,135,32,140,148,129,140,103,4,5,88,199,32,40,50,64,76,35,147,133,214,136,4,221,32,32,138,193,29,12,184,92
60,0,98,236,70,3,74,112,69,128,245,130,123,77,49,64,126,184,151,234,136,179,4,156,210,233,161,144,119,187,112,144
2,135,2,137,146,131,184,103,4,5,90,231,44,14,50,64,110,35,131,133,214,152,4,221,44,4,138,193,20,12,189,88
34,96,2,140,28,129,138,104,134,160,144,10,32,200,48,2,88,32,91,97,66,35,130,157,16,0,139,188,20,42,50,128
3,72,99,204,4,0,171,20,68,64,82,66,48,2,181,100,76,96,18,202,193,128,36,233,32,40,170,128,21,185,112,108
52,0,75,140,76,2,193,72,132,0,211,66,83,202,57,64,120,160,14,33,8,163,0,204,208,160,162,24,53,42,48,32
2,135,32,136,150,161,152,103,6,5,88,163,8,46,50,64,77,19,131,149,18,8,4,215,40,4,138,195,21,12,188,192
59,0,98,108,4,3,200,120,69,64,241,139,67,12,183,48,120,168,23,167,140,179,4,140,146,233,128,144,119,174,114,212
3,218,35,140,22,145,142,228,68,64,80,231,40,12,182,224,78,33,147,199,197,168,4,253,32,40,138,130,29,28,121,221
60,0,122,228,102,18,123,80,101,128,119,2,91,73,185,96,126,132,23,170,136,176,37,136,82,233,161,132,103,171,112,161
0,8,66,129,68,128,168,64,172,17,114,2,136,138,97,72,104,169,2,208,2,152,66,208,4,16,154,64,149,9,97,128
2,193,0,140,4,129,140,37,4,0,80,2,32,8,48,64,72,2,19,129,80,8,0,149,32,32,138,192,20,8,176,8
35,72,105,204,4,145,143,244,68,64,84,66,48,8,183,100,72,96,18,207,197,32,36,189,32,40,170,128,93,189,112,108
2,128,18,153,96,137,56,0,175,17,82,16,172,130,96,72,166,41,63,144,2,24,2,209,132,48,26,200,148,0,33,129
54,64,66,232,84,3,202,64,37,0,240,10,3,138,37,80,120,136,6,226,8,179,0,204,144,200,130,156,117,187,114,128
40,72,106,236,68,131,207,112,4,192,116,130,113,77,181,96,92,240,23,238,200,162,36,29,98,169,161,128,117,187,112,248
130,144,22,152,51,165,56,66,190,25,80,48,172,158,32,72,231,27,155,145,50,141,2,215,9,54,26,202,144,0,33,131
2,163,2,137,146,225,184,67,14,5,88,163,12,142,98,0,111,27,147,145,18,8,2,213,12,4,154,235,148,12,181,210
58,72,66,172,76,131,74,104,5,128,240,138,99,206,53,16,88,168,23,227,72,3,0,157,176,201,137,184,53,187,82,128
57,64,98,204,68,18,204,113,65,192,246,2,67,9,182,100,120,164,23,171,204,179,37,140,50,233,128,128,103,190,112,228
57,64,106,236,68,19,194,112,69,192,118,7,83,9,183,32,88,160,23,109,140,178,37,140,114,233,160,128,119,188,112,192
118,232,0,136,28,129,130,200,134,0,144,10,34,192,105,64,88,168,95,98,74,3,138,157,144,4,139,188,20,11,48,128
35,73,99,204,20,145,142,228,68,64,80,70,32,8,181,228,72,106,18,207,197,168,36,253,34,40,138,128,93,28,120,140
2,148,18,152,48,165,56,67,158,25,88,48,172,178,32,72,231,27,19,16,50,140,2,215,13,54,26,194,144,0,161,131
2,135,32,136,150,224,156,39,4,69,88,167,8,46,50,64,78,19,147,133,210,8,4,213,40,32,138,195,20,12,181,81
56,73,106,238,68,146,206,240,68,64,116,130,121,77,183,96,76,240,23,207,200,170,36,173,114,233,174,128,119,191,112,200
3,203,34,136,20,145,140,229,68,68,80,199,32,8,54,64,72,42,19,197,198,168,4,189,32,40,142,192,29,28,248,220
56,72,98,238,68,129,206,244,5,0,240,2,43,73,53,64,72,233,23,194,200,162,0,189,178,233,170,136,119,155,112,136
3,201,32,140,20,145,142,229,68,64,80,199,32,8,182,64,72,34,19,197,199,168,4,189,32,8,142,128,93,28,248,220
36,72,106,206,68,129,195,208,68,0,117,2,112,73,181,100,88,96,18,74,128,162,44,189,64,8,162,0,85,187,112,160
2,148,18,136,19,228,56,98,12,3,74,18,12,54,32,64,227,19,147,144,18,136,16,215,9,38,154,67,144,68,37,18
56,72,66,236,4,131,78,244,5,0,244,2,59,9,49,64,104,232,23,202,72,162,0,189,242,233,162,128,119,185,96,136
3,133,2,140,20,146,172,103,68,64,90,70,32,8,182,224,104,34,18,133,213,152,4,223,32,40,138,128,29,76,184,12
2,129,0,140,4,129,12,37,4,0,80,2,32,34,48,64,64,2,19,129,80,8,0,213,32,32,138,192,20,8,176,8
3,195,0,136,20,129,140,101,4,4,80,135,32,8,50,64,72,2,3,133,214,8,4,157,32,32,138,192,28,12,184,88
2,48,16,152,39,133,184,64,142,25,80,50,140,154,96,72,198,25,19,145,2,2,2,208,9,16,26,234,16,8,33,131
3,193,32,136,4,129,140,165,68,64,80,131,0,12,50,96,72,0,19,133,196,40,4,149,32,0,138,192,20,28,176,92
3,193,32,140,148,145,140,165,68,64,80,135,32,8,50,64,72,2,19,69,213,8,4,157,40,32,142,192,28,12,152,92
2,135,32,136,148,129,140,167,4,5,88,163,32,46,50,64,76,3,131,197,82,8,0,213,40,32,142,193,20,12,180,72
2,147,0,136,148,129,12,101,4,68,80,167,8,14,50,64,76,3,147,133,82,8,0,213,40,0,142,192,20,12,180,80
3,195,32,140,4,129,140,101,4,68,80,135,32,8,50,64,72,2,19,133,212,8,4,157,32,32,138,192,29,12,184,92
2,151,0,136,146,225,24,99,4,1,88,163,12,38,32,64,70,19,147,144,18,8,0,213,40,0,142,195,148,68,165,19
56,0,96,225,4,2,72,88,65,32,242,2,11,9,24,0,120,132,21,161,136,178,1,128,146,201,160,132,103,168,112,0
3,193,40,136,132,145,132,229,68,64,80,2,48,8,54,96,72,2,19,65,212,40,36,149,32,40,174,192,21,28,208,76
0,193,8,136,4,129,141,37,4,0,80,2,48,8,48,64,72,2,19,1,80,40,0,149,96,33,170,128,20,8,176,8
3,196,0,140,20,145,140,230,68,64,88,199,32,8,50,192,72,2,18,197,199,12,4,191,32,32,138,192,28,12,184,92
35,129,33,200,149,213,128,99,76,73,88,2,128,24,52,228,200,2,147,17,215,40,52,149,43,24,138,67,85,12,244,230
2,193,0,136,148,129,140,165,4,0,80,2,32,8,48,64,72,2,19,129,82,8,0,149,40,32,142,192,20,8,176,8
2,143,32,140,148,129,140,167,4,4,88,135,32,40,50,64,72,2,131,197,214,8,4,189,40,32,142,193,20,12,180,76
2,194,6,156,2,193,28,101,6,21,80,163,40,134,34,64,78,49,163,132,66,8,2,213,0,34,218,131,20,20,165,72
3,134,32,137,52,163,136,10,14,5,88,135,132,8,50,64,217,11,19,21,150,8,69,215,12,20,154,196,148,12,16,192
34,36,0,153,116,165,136,66,6,11,88,16,160,138,32,72,201,42,19,144,2,174,64,151,5,20,154,232,148,72,16,136
7,8,130,158,20,144,138,64,20,65,81,199,32,232,51,72,72,33,51,199,132,132,4,233,0,38,154,128,157,47,56,28
3,193,35,140,132,147,140,103,68,64,90,67,32,40,180,224,72,34,19,141,213,184,4,157,32,40,138,128,29,28,248,12
10,148,82,232,245,164,120,50,13,9,126,2,28,27,32,80,229,2,23,24,18,136,0,215,71,255,178,192,178,136,96,131
56,129,106,233,196,18,229,117,68,0,118,2,17,9,176,64,120,130,6,168,216,186,37,156,102,233,162,0,119,136,240,128
34,36,160,154,77,173,128,66,90,11,120,24,132,152,124,8,217,8,19,17,130,38,210,147,5,28,154,106,208,76,114,130
2,135,0,139,148,163,136,43,6,37,89,135,96,40,58,64,92,2,131,37,214,24,77,157,44,0,138,193,20,14,148,64
130,205,0,154,133,197,142,167,20,2,72,18,32,40,49,65,73,66,19,67,96,8,24,191,33,38,142,0,20,88,144,8
2,136,166,158,28,128,136,32,150,69,81,135,96,236,50,65,72,104,51,69,194,200,6,189,0,34,202,128,20,14,16,88
2,20,146,137,54,162,184,66,14,1,90,50,12,42,32,64,231,27,147,145,18,152,1,214,12,38,154,194,148,68,33,1
120,8,65,237,20,2,72,48,5,128,214,66,51,1,145,196,88,164,29,232,73,154,65,140,208,233,162,16,38,168,48,40
35,200,96,136,70,145,158,228,68,64,80,163,40,12,182,32,78,57,147,199,198,42,52,253,34,8,142,162,85,28,53,220
3,201,35,140,22,144,172,101,68,64,82,70,40,8,182,228,110,35,19,205,215,136,36,253,32,40,138,192,29,12,177,108
2,134,34,136,18,129,168,99,12,5,88,135,44,142,50,64,102,11,147,149,150,152,0,215,40,36,154,193,20,4,181,88
6,131,32,138,148,131,140,45,4,69,89,135,64,108,58,64,92,3,147,165,214,8,12,213,40,0,143,197,28,14,180,80
2,16,50,136,117,132,184,64,237,9,112,34,44,154,36,0,238,57,6,17,130,163,0,192,17,152,10,138,81,8,99,131
6,142,0,154,147,225,26,194,22,5,80,163,40,206,33,64,75,59,131,145,50,12,8,255,8,6,155,227,148,13,52,90
35,64,99,76,68,147,202,97,69,64,117,66,96,72,182,164,88,160,19,175,197,178,36,157,2,40,138,128,87,174,120,228
7,193,32,138,132,129,142,229,4,64,81,131,64,78,58,64,92,3,19,135,212,8,12,213,40,32,142,192,20,30,176,80
3,205,33,140,4,145,140,103,68,64,88,71,32,40,182,224,72,34,19,205,197,168,36,189,34,44,142,128,29,60,248,76
2,131,2,156,18,128,24,167,6,5,88,167,40,174,50,64,70,19,179,133,82,136,0,221,40,38,154,193,20,4,181,88
35,201,96,136,84,129,142,228,4,68,80,135,32,8,54,64,72,34,19,199,198,42,4,253,32,8,138,192,93,12,120,220
2,143,0,138,146,225,30,167,4,5,88,163,8,38,48,64,70,19,131,213,82,8,8,245,40,32,142,195,20,14,180,82
2,193,0,138,4,129,140,37,4,0,81,2,32,10,48,64,72,2,19,129,66,8,8,149,32,32,138,192,20,10,176,8
34,193,34,136,20,129,142,229,4,0,80,131,32,12,50,64,72,43,19,197,210,138,4,253,32,32,142,192,21,28,176,200
2,132,32,152,149,225,136,66,22,7,88,147,0,46,48,65,73,27,131,145,50,8,0,151,9,6,154,227,149,76,52,66
2,195,0,140,20,129,140,101,4,5,80,7,32,130,48,64,64,42,131,133,82,8,0,157,32,32,138,193,20,8,180,72
3,201,0,140,20,144,142,165,68,64,80,199,32,40,178,224,64,34,18,197,197,8,4,189,32,32,142,128,28,28,184,92
3,200,3,140,20,144,130,228,68,64,80,70,32,8,181,228,72,96,18,79,199,168,36,189,32,40,138,128,28,28,48,44
130,128,2,153,52,129,168,64,30,1,82,18,140,138,48,72,74,9,19,145,2,148,2,209,4,20,154,192,148,8,49,128
56,0,74,237,68,3,225,112,4,0,118,2,83,9,177,64,88,164,6,168,8,178,1,140,66,233,162,0,119,136,112,128
3,193,32,136,132,0,140,37,4,64,16,135,0,12,50,96,64,2,19,133,212,8,4,149,40,32,142,128,20,28,176,68
130,0,130,153,36,129,168,64,30,17,80,146,140,142,112,73,238,9,19,145,2,4,2,209,4,16,154,200,148,12,49,129
35,200,96,140,68,145,138,228,4,64,80,199,32,8,55,64,72,32,19,197,197,32,4,253,32,40,138,128,29,28,120,204
2,32,18,152,44,129,56,64,142,25,80,0,140,130,96,11,134,9,19,16,2,64,130,208,4,16,90,170,16,8,1,129
2,0,18,136,70,0,168,64,140,0,210,2,12,138,32,64,110,137,27,160,0,163,0,200,16,32,138,136,21,8,33,128
2,144,18,136,111,133,184,64,142,25,80,2,12,158,96,65,238,25,147,145,2,11,2,209,17,16,10,234,16,8,33,131
2,131,0,136,148,193,8,33,4,5,80,135,0,46,50,64,76,3,147,149,18,8,0,213,40,0,138,193,20,12,180,80
3,193,0,136,132,129,12,37,4,68,80,135,32,14,50,64,68,3,19,133,84,8,0,149,32,32,138,192,20,12,176,88
2,193,0,140,4,129,12,37,4,0,80,2,32,10,48,64,64,0,19,129,80,8,0,149,32,32,138,192,20,8,176,8
2,199,32,140,20,129,136,39,6,5,88,135,32,8,50,64,72,2,147,133,210,8,0,157,40,38,154,193,20,12,176,72
18,8,66,140,68,130,232,64,45,0,242,2,44,10,33,64,106,169,23,128,8,179,0,204,144,160,138,128,53,8,97,136
42,72,106,204,68,145,203,112,4,68,84,135,49,13,183,68,76,32,147,207,128,162,36,189,66,41,170,128,119,189,112,248
2,148,18,153,23,227,56,66,28,1,90,178,44,22,32,64,103,59,147,144,18,152,1,223,8,38,154,195,148,8,53,19
3,193,35,140,6,145,188,101,76,64,80,66,44,8,180,228,110,33,19,141,199,168,36,221,32,40,138,130,21,12,185,237
50,200,0,136,28,129,10,228,134,0,208,2,34,130,32,64,72,168,14,192,74,11,8,189,176,32,138,248,20,8,48,136
2,144,6,157,18,131,56,32,28,1,82,163,172,158,32,64,102,57,179,129,0,152,3,221,4,50,218,194,20,4,5,89
2,132,34,157,20,139,168,39,28,65,82,147,172,46,48,64,38,51,147,133,176,156,0,223,12,54,154,192,4,12,145,88
3,137,34,140,148,131,140,101,68,64,82,3,32,8,50,96,64,34,19,5,212,152,4,157,40,32,138,192,21,12,176,76
2,141,2,133,148,131,172,103,4,160,90,2,32,42,48,64,104,34,19,129,112,152,0,223,44,4,142,128,20,8,176,8
115,200,99,204,92,144,204,101,197,64,208,66,32,136,180,96,72,168,23,193,206,43,38,221,48,40,138,136,21,28,112,140
2,201,0,140,148,128,6,165,4,0,80,70,32,32,48,192,64,98,19,193,80,8,0,189,40,32,142,192,28,8,184,8
34,201,66,140,84,128,204,101,1,5,80,6,32,136,48,64,72,170,19,193,66,42,130,157,48,36,142,168,29,24,184,136
0,0,0,136,4,1,8,0,4,0,16,2,0,2,32,64,72,0,19,128,0,0,0,144,0,32,138,0,20,8,48,0
154,128,32,168,4,129,136,32,20,0,80,18,1,8,48,64,72,0,23,1,232,40,0,149,128,225,170,192,20,8,16,8
2,128,32,142,4,129,8,32,4,0,81,2,96,8,56,64,64,0,19,1,192,8,8,149,0,32,138,128,20,10,16,8
0,193,1,140,4,129,140,37,4,0,80,66,32,8,48,192,72,2,19,1,65,40,0,157,32,32,142,0,20,24,176,40
1,193,0,140,4,128,12,37,4,0,80,70,32,10,32,192,64,0,2,0,69,40,0,149,32,32,142,0,28,24,184,12
3,193,33,140,4,145,140,101,68,64,80,3,32,8,48,96,72,2,19,5,212,40,36,149,32,32,138,192,21,12,144,76
3,193,0,140,132,145,140,165,68,64,80,199,32,8,178,224,72,2,18,197,199,8,4,157,32,32,142,192,28,28,184,92
2,20,162,152,19,164,184,66,30,91,80,179,12,158,96,72,229,27,147,149,178,140,18,214,9,22,154,202,148,68,37,211
3,193,0,140,4,145,140,165,68,64,80,199,32,8,182,224,72,34,19,197,197,8,4,189,32,40,142,128,28,12,184,28
2,176,144,152,19,229,176,66,30,25,80,179,140,158,96,72,231,27,147,17,18,76,18,211,9,22,26,235,144,4,37,147
2,134,32,136,16,161,152,66,6,5,88,163,40,142,50,64,77,27,147,133,18,8,0,213,0,36,138,193,20,12,52,208
86,0,98,162,6,0,106,72,41,0,147,2,77,10,60,66,118,129,29,163,136,129,9,192,144,200,138,128,37,6,49,0
130,16,146,152,36,133,184,64,30,25,80,50,140,154,112,72,239,9,51,145,2,4,2,208,5,16,218,234,148,12,49,131
60,73,106,238,68,131,206,240,68,0,116,2,115,73,177,96,88,232,23,235,200,162,12,61,114,169,160,0,117,187,112,136
3,72,3,140,4,145,142,228,68,64,80,199,32,8,177,224,72,32,18,199,199,8,4,253,32,32,138,128,28,29,56,140
2,0,0,136,4,0,136,64,4,0,16,2,0,8,48,64,72,0,19,129,0,0,0,128,0,0,138,128,20,8,48,0
41,5,106,77,68,18,237,119,68,192,94,2,113,40,182,96,120,36,19,173,197,186,37,140,98,41,162,128,103,234,112,236
2,193,8,136,132,129,140,101,4,0,80,2,0,8,48,64,72,2,19,129,80,40,0,213,32,32,142,192,20,24,176,0
3,193,0,140,20,144,140,165,4,65,80,199,32,8,50,192,72,2,19,197,215,8,4,221,40,32,142,192,29,12,184,92
3,193,32,138,132,128,142,229,4,64,16,131,32,44,50,96,72,67,19,199,212,8,12,245,40,0,142,192,21,30,176,76
3,133,0,137,182,145,188,39,14,65,90,199,140,10,178,192,102,3,19,149,215,152,5,213,44,52,138,192,28,12,185,20
3,193,32,140,132,144,140,165,4,64,80,135,32,12,50,96,72,2,19,133,196,40,36,157,32,32,142,128,21,28,176,76
1,217,121,204,100,133,175,244,76,8,84,34,48,25,180,100,110,112,19,202,193,40,32,253,97,40,174,128,21,152,241,169
134,143,32,154,148,129,138,164,20,5,89,151,96,104,58,65,89,67,131,215,182,8,12,191,40,6,143,193,148,15,180,72
6,248,20,154,27,193,26,192,134,20,128,163,40,214,97,64,74,57,251,211,66,3,26,253,9,0,139,251,20,15,53,154
3,135,2,137,148,178,168,99,4,65,90,199,64,40,50,64,88,2,19,165,148,152,5,221,40,36,138,192,157,76,184,68
3,203,0,142,132,129,142,165,4,68,81,199,96,72,58,64,76,67,131,199,212,8,12,189,40,32,142,192,28,30,184,92
2,135,0,136,148,129,136,99,4,5,88,163,40,46,50,64,76,19,147,133,82,8,4,213,40,0,138,193,21,12,180,64
3,131,32,136,132,129,140,101,4,4,80,135,32,10,50,64,76,3,147,133,214,8,4,149,40,0,142,192,21,12,184,200
2,193,0,136,148,133,140,37,4,0,80,2,32,10,48,64,72,2,19,129,80,8,16,149,33,32,138,64,20,8,176,8
2,138,2,154,20,195,138,64,22,5,81,163,32,206,34,64,88,56,131,145,2,128,10,253,0,4,138,193,20,15,52,194
3,199,32,136,148,145,142,231,4,68,88,135,32,8,50,64,72,3,19,197,214,8,4,181,32,32,142,192,29,28,184,92
1,132,97,201,20,187,160,66,94,1,120,82,136,8,180,228,105,10,18,145,147,188,69,215,12,12,154,64,221,8,113,164
131,207,32,136,148,129,142,231,20,4,88,199,32,40,50,64,77,67,147,197,246,8,4,255,40,38,158,192,29,28,184,92
50,88,66,138,79,197,154,192,4,0,208,3,40,222,49,64,72,185,147,195,10,3,16,253,145,0,138,43,21,63,53,154
2,149,56,200,116,165,185,115,78,9,88,34,148,28,52,32,207,27,19,17,146,40,32,213,77,28,170,226,212,136,161,161
56,0,106,225,4,18,72,16,101,160,246,2,27,9,144,82,122,132,21,168,136,177,101,136,210,233,160,132,103,168,112,0
3,201,3,140,4,128,142,228,68,64,80,199,32,8,177,224,72,96,18,199,197,168,4,253,32,32,138,128,29,28,56,28
3,195,32,136,20,129,140,229,4,5,80,135,32,8,50,64,76,3,147,197,214,8,4,221,32,32,142,192,29,12,184,220
130,141,0,140,132,129,142,167,20,2,88,18,32,40,48,64,72,98,19,193,112,8,0,191,32,32,142,128,20,92,144,8
130,14,34,154,20,160,138,98,22,5,81,147,32,138,50,64,76,42,147,133,162,140,6,255,0,38,154,193,21,12,52,8
130,134,0,152,20,129,8,231,22,5,88,179,32,8,50,64,73,3,131,149,118,8,0,191,40,6,154,193,20,12,156,200
2,135,32,136,150,193,156,103,4,5,88,163,40,14,50,64,78,19,147,149,82,8,4,213,40,4,138,195,21,12,181,83
3,205,98,79,132,18,174,167,68,66,95,2,96,40,190,228,120,102,18,203,197,184,44,237,34,40,142,128,7,218,240,108
3,145,1,141,22,131,136,47,22,225,90,231,44,62,176,228,94,47,179,133,151,152,101,221,12,38,155,194,28,12,49,93
3,141,161,141,150,3,175,63,70,192,88,198,120,102,180,228,127,35,19,173,209,152,37,223,40,46,143,196,23,108,177,124
2,180,160,144,147,225,144,67,22,69,8,179,12,190,98,72,195,27,147,145,54,8,4,214,9,6,154,227,148,76,181,214
60,8,106,238,68,18,106,80,65,128,119,2,91,73,177,80,120,232,23,234,136,178,44,140,82,233,161,128,119,171,112,128
44,133,104,232,212,35,207,255,86,130,124,2,113,99,185,68,89,66,19,184,242,40,13,159,104,143,167,196,247,218,240,168
3,34,98,136,116,153,168,64,206,69,112,199,172,136,246,160,202,41,146,21,150,58,70,209,12,28,154,233,221,12,121,196
44,165,232,232,212,35,207,223,86,131,61,18,81,227,121,16,89,202,2,56,178,34,8,26,122,141,165,100,247,250,240,128
2,135,2,136,146,225,56,99,4,5,72,163,12,46,32,64,106,27,147,145,18,136,0,213,40,36,138,193,148,4,165,194
62,0,98,238,68,2,74,80,1,128,241,10,67,73,61,80,120,172,21,227,136,163,72,136,146,233,139,156,55,171,112,0
33,72,105,204,20,129,139,240,68,0,80,66,112,65,181,96,72,96,19,203,193,168,36,125,96,40,170,128,21,155,112,168
2,148,18,136,19,225,184,66,14,1,88,179,12,158,32,64,103,27,147,145,18,8,16,215,9,4,154,195,149,4,37,146
52,8,98,238,4,3,194,80,193,128,241,10,67,201,53,16,120,224,6,227,136,163,12,140,146,232,131,16,119,171,114,0
3,73,199,28,28,144,142,166,212,64,82,70,96,232,183,228,72,96,50,207,197,168,38,239,34,46,206,136,31,189,120,12
2,143,2,136,146,160,56,103,12,5,90,167,44,46,34,64,103,51,131,149,18,136,0,223,40,38,154,195,148,68,165,91
61,72,106,110,70,18,207,112,69,0,119,2,123,73,181,96,122,224,22,234,201,178,44,173,114,233,160,128,119,187,112,169
2,135,34,136,148,129,140,103,4,5,88,199,32,40,50,64,76,35,131,133,214,8,4,221,32,36,138,193,21,12,184,76
58,64,98,236,68,131,74,120,5,128,241,138,107,77,49,16,94,160,23,226,200,163,4,156,210,233,161,144,119,170,112,128
2,151,18,152,147,225,184,67,22,13,88,179,12,174,34,64,111,59,131,145,18,152,0,215,9,4,154,195,148,68,165,211
32,96,6,140,28,131,128,104,134,160,144,10,32,200,96,2,88,40,74,96,66,35,130,157,16,0,131,60,20,42,16,128
138,48,180,184,42,132,184,80,138,89,16,179,157,159,112,75,166,25,191,149,130,69,130,208,192,81,250,170,22,132,33,209
52,0,75,172,12,2,201,72,132,0,211,66,83,202,185,64,120,128,31,169,9,163,0,140,208,161,170,152,53,42,112,32
2,135,32,136,150,129,152,103,4,5,88,167,40,46,50,64,77,3,131,133,86,8,4,213,40,4,138,193,20,12,188,192
56,0,98,236,4,19,202,120,69,64,247,131,75,13,183,48,120,168,23,239,136,179,37,140,210,233,160,132,119,174,112,208
3,219,2,140,22,145,142,229,76,64,80,231,40,8,182,196,110,35,147,197,197,168,4,253,32,40,138,130,29,28,185,157
49,0,98,200,84,19,200,96,101,64,240,10,11,8,53,48,120,136,22,161,140,179,36,204,146,232,130,16,119,140,114,196
37,8,107,77,68,19,235,112,68,196,119,134,81,76,183,100,124,32,18,239,129,178,36,76,64,40,162,128,117,171,112,240
28,0,122,229,102,18,120,88,97,128,119,2,91,11,184,96,126,132,21,170,136,176,37,136,82,233,160,132,103,170,112,33
2,8,82,129,100,129,168,64,174,17,80,2,140,138,113,74,234,169,27,145,2,48,2,208,4,16,154,232,20,8,33,136
35,200,97,140,4,145,143,244,68,64,80,198,48,12,183,100,72,96,19,207,197,168,36,189,32,40,174,128,29,60,112,124
2,193,32,140,4,129,140,37,4,0,80,2,32,8,48,64,72,2,19,129,208,8,0,149,32,32,138,192,20,8,176,8
2,0,82,200,100,145,248,80,173,0,52,130,140,143,244,84,230,177,151,152,2,3,34,193,22,24,138,234,22,128,97,129
50,0,98,224,84,2,202,64,97,0,240,2,11,10,53,64,122,137,23,227,136,179,0,204,144,200,138,132,101,169,112,128
60,0,82,236,6,2,90,88,5,128,241,2,75,75,53,80,126,185,21,227,8,163,0,140,146,233,131,140,119,171,96,0
33,72,106,204,70,131,207,120,68,64,116,130,113,77,181,96,92,240,19,238,193,162,36,93,98,41,162,128,117,187,112,184
60,64,106,108,68,131,235,112,68,128,119,2,83,201,177,96,120,168,23,234,136,178,36,12,114,169,160,128,119,187,112,160
51,0,98,196,68,18,232,112,65,0,246,2,10,8,180,36,120,132,23,169,204,179,37,200,18,40,128,128,103,172,112,12
57,64,106,236,68,19,202,112,69,192,116,139,115,13,179,32,88,172,23,111,204,178,37,140,82,233,160,128,119,188,112,216
50,72,66,172,84,131,74,104,5,128,240,10,35,200,53,0,88,168,23,227,72,35,0,157,176,201,137,184,53,59,80,128
54,104,0,136,28,129,10,232,134,0,144,10,34,194,33,64,88,168,95,226,74,3,10,157,144,128,139,188,20,43,48,128
35,73,99,204,84,147,174,240,68,64,112,66,32,8,181,228,72,104,18,207,193,170,36,253,34,40,130,128,95,189,112,172
2,148,18,152,51,164,184,67,158,25,90,50,172,158,32,72,231,27,147,145,50,140,18,215,9,22,26,202,144,0,161,147
2,131,32,136,150,129,156,39,4,69,88,167,40,46,50,64,78,3,147,133,214,8,4,213,40,0,142,193,21,12,180,84
56,73,106,238,68,144,207,240,68,64,116,130,113,77,183,96,72,240,23,207,200,170,36,173,98,233,170,128,119,191,112,200
35,201,98,140,20,145,142,229,68,64,80,199,32,8,182,224,72,42,18,197,199,168,4,189,32,40,138,128,93,28,248,156
58,73,98,238,68,129,206,244,5,0,240,2,35,73,53,64,72,232,23,195,200,163,0,189,178,233,170,136,119,187,112,136
35,201,98,140,20,145,142,228,68,64,80,70,32,8,182,224,72,42,18,77,199,168,4,189,34,8,138,128,93,28,120,140
36,8,106,206,68,131,195,240,68,0,117,2,113,73,181,96,88,232,19,106,128,162,44,61,64,9,160,0,117,187,112,168
2,149,18,136,147,224,184,98,6,1,72,162,12,62,32,64,107,19,147,145,18,136,16,215,9,38,154,195,148,68,37,18
56,73,106,236,68,129,239,244,69,0,116,2,49,9,177,96,104,226,6,202,200,170,32,189,98,169,162,128,119,152,112,136
3,133,3,140,20,144,172,103,68,64,90,71,32,40,182,224,104,34,18,133,213,152,4,221,32,44,138,128,29,12,184,28
2,135,0,136,148,193,136,99,4,5,88,163,40,14,34,64,76,19,131,129,18,8,0,213,32,0,138,193,20,12,180,64
2,129,0,140,4,129,12,37,4,0,80,2,32,2,48,64,64,2,19,129,80,8,0,213,32,32,138,192,20,8,176,8
2,32,18,152,108,133,184,64,142,24,80,2,140,138,96,9,206,9,19,145,2,0,2,208,4,16,10,170,16,8,33,129
3,193,32,136,4,129,140,165,4,64,80,131,0,12,50,64,72,0,19,197,214,8,4,149,32,0,138,192,20,28,176,72
130,135,32,136,148,129,140,167,4,5,88,167,40,46,50,64,76,3,147,197,82,8,0,223,40,32,142,193,20,12,180,72
3,193,32,140,148,145,140,229,68,64,80,135,32,8,182,96,72,2,19,69,215,8,36,157,40,40,142,192,29,12,216,92
2,151,0,136,146,225,152,35,4,69,88,167,8,46,32,64,78,19,147,129,18,8,0,213,8,32,138,195,20,12,180,80
2,147,0,136,146,193,28,35,4,5,88,167,8,6,32,64,78,19,147,129,82,8,0,213,40,0,142,195,148,4,181,16
130,48,148,152,9,165,184,66,158,27,80,18,140,158,96,11,205,25,179,145,2,70,146,208,1,18,90,170,144,72,33,131
1,193,40,136,132,145,132,229,68,64,80,2,48,8,182,96,72,2,19,65,214,40,36,149,32,9,174,64,85,28,208,200
3,193,33,140,5,149,140,229,68,64,64,135,32,12,54,228,72,3,147,197,197,8,52,221,32,40,142,64,29,28,184,92
2,151,0,136,146,193,28,39,4,69,88,163,40,46,32,64,76,19,147,129,82,8,0,213,40,32,138,195,20,4,148,83
0,193,40,140,132,129,141,101,68,0,80,2,49,8,48,64,72,2,19,65,208,40,0,149,96,33,170,192,20,24,176,8
3,205,0,140,20,177,138,166,68,64,88,70,32,40,182,224,72,34,18,199,199,40,4,191,32,40,138,128,29,12,56,76
3,134,160,153,52,177,152,66,94,111,88,23,140,8,118,8,201,11,19,21,150,60,69,215,12,30,154,226,148,76,89,199
2,193,0,136,148,129,140,165,4,0,80,2,32,8,48,64,72,2,19,129,82,8,0,149,32,32,142,192,20,8,176,8
3,207,32,140,148,129,140,231,4,4,88,135,32,8,50,64,72,2,3,133,214,8,4,157,40,32,142,192,28,12,184,76
2,134,32,137,20,163,136,10,30,7,88,179,128,78,58,72,89,25,147,149,50,28,69,215,12,22,154,197,148,12,20,192
162,160,64,155,76,129,136,72,22,19,113,18,160,136,120,8,89,136,19,145,34,54,74,211,4,20,154,168,21,8,82,136
3,74,130,156,20,128,138,64,22,64,80,199,32,138,51,72,72,105,179,199,134,128,6,249,0,36,154,128,29,29,56,92
3,193,99,140,4,145,172,39,68,64,90,66,32,40,180,228,72,34,19,77,213,168,36,157,32,40,142,128,29,12,248,12
166,0,100,216,108,25,200,72,73,112,177,27,128,9,92,27,200,128,87,231,170,98,110,145,6,24,192,188,87,173,82,192
2,135,32,137,144,227,154,107,6,37,91,167,64,110,58,64,93,3,131,165,18,24,9,221,44,4,138,197,20,14,180,80
2,193,34,136,215,197,188,229,12,65,80,131,44,14,50,64,106,11,19,197,82,40,20,221,41,0,142,67,21,12,177,222
130,205,0,158,133,197,14,167,20,2,72,18,32,42,48,65,73,98,19,195,96,8,24,191,41,38,222,0,20,88,176,10
2,136,166,158,28,128,136,32,150,65,81,135,96,236,50,65,72,104,179,197,194,200,22,189,0,34,202,128,20,14,48,88
2,148,146,129,182,162,184,66,60,1,90,50,140,10,32,72,103,59,19,145,18,152,1,198,12,22,154,194,148,68,33,1
24,72,65,237,20,3,73,48,4,0,214,66,179,1,176,192,88,172,21,168,73,184,65,157,224,225,160,16,63,136,48,40
35,200,96,140,70,145,158,228,68,64,80,131,40,12,183,32,78,57,147,199,198,42,52,253,34,8,142,162,85,28,60,220
6,131,32,138,148,131,142,173,4,69,89,135,64,108,58,64,92,3,147,165,214,8,12,149,40,32,143,196,29,14,180,84
2,48,18,136,115,133,184,64,172,9,112,2,44,154,32,64,238,57,147,144,2,3,18,193,21,20,10,202,16,0,33,131
6,170,0,154,19,193,26,194,22,5,80,163,40,206,97,64,75,59,147,145,34,12,8,255,8,6,155,227,148,13,52,90
43,0,98,76,68,19,233,112,69,64,116,2,32,9,180,36,120,168,19,41,192,178,36,141,18,40,128,128,119,172,112,236
7,193,32,138,148,129,142,109,4,64,81,131,64,108,58,64,92,3,19,231,212,0,12,213,40,32,142,192,20,14,176,80
3,141,34,140,20,144,140,103,68,65,88,199,32,40,182,224,72,34,19,133,197,136,4,221,32,46,154,128,29,12,248,92
35,201,98,136,20,129,142,228,68,68,80,135,40,12,54,64,72,35,19,197,198,40,4,253,32,40,138,192,21,12,240,216
2,143,0,136,146,225,26,167,4,5,88,163,8,38,48,64,67,83,131,209,82,8,8,245,40,36,138,195,20,77,180,90
2,193,0,138,4,129,142,101,4,0,81,2,96,10,48,64,72,2,19,131,82,8,8,149,32,32,138,192,20,10,176,8
2,148,4,152,151,225,144,66,22,19,72,19,12,158,32,73,201,27,147,145,50,12,18,215,9,6,154,99,144,76,53,146
2,203,34,136,148,129,140,229,4,5,80,134,32,8,48,64,72,42,19,193,210,138,0,189,32,32,138,192,21,12,176,136
3,201,33,140,4,144,142,164,68,64,80,198,32,8,181,228,72,96,18,207,197,40,36,189,32,40,142,128,29,60,120,76
0,131,0,140,20,129,12,101,4,5,80,163,32,10,32,64,64,58,130,128,82,8,0,157,32,32,138,65,20,8,180,8
130,48,146,153,101,133,176,66,30,27,80,16,140,154,96,72,205,9,2,17,2,44,2,211,5,20,26,234,208,8,33,131
3,200,3,140,4,145,138,224,68,64,80,70,32,8,181,228,72,32,18,207,197,168,4,189,32,40,138,128,29,29,56,140
3,193,32,136,132,0,140,37,4,64,16,135,0,12,50,96,64,2,19,133,212,8,4,133,40,32,142,192,20,28,176,76
130,32,130,153,100,129,184,64,158,25,80,146,140,142,112,73,238,25,19,145,2,16,2,209,4,16,154,168,148,12,49,145
130,48,144,152,35,133,48,64,30,27,16,50,12,146,96,72,231,25,147,16,2,68,2,210,9,18,26,234,144,8,33,131
2,0,18,136,116,129,184,64,140,9,112,2,140,138,48,0,238,9,23,145,2,35,2,213,4,16,138,232,84,8,33,129
2,193,0,136,4,129,132,33,4,0,80,2,0,8,48,64,72,2,19,1,0,32,0,149,32,32,138,192,20,8,176,0
32,8,106,206,68,2,235,80,68,0,87,2,113,73,181,96,104,96,19,202,128,176,36,236,66,41,162,128,53,171,112,168
2,131,0,136,148,129,8,33,4,4,80,135,0,14,50,64,68,3,147,149,82,8,0,213,40,32,142,193,20,12,180,80
2,135,2,136,20,129,136,103,6,5,88,131,32,14,50,64,76,3,131,133,18,8,0,221,40,36,138,193,20,12,180,72
3,129,32,136,132,129,12,37,4,68,80,135,32,12,50,64,76,2,19,133,212,8,4,149,32,32,138,192,20,12,176,88
0,193,0,140,4,129,12,37,4,0,80,2,32,10,48,64,64,0,19,129,80,40,0,149,32,32,138,64,20,8,176,8
3,199,0,140,20,129,136,103,4,5,88,135,32,8,50,64,72,34,19,133,198,8,4,157,32,36,138,192,28,12,184,92
3,194,34,136,20,129,136,100,4,69,80,135,32,136,50,64,72,41,19,197,198,136,4,253,32,36,138,128,29,12,184,220
18,8,66,136,100,128,232,64,173,0,210,2,44,10,33,64,106,161,23,128,8,131,0,204,144,48,138,136,21,0,33,136
43,72,98,204,68,145,139,116,4,64,84,131,56,13,181,228,76,48,147,207,193,160,36,253,98,40,170,128,55,157,112,252
2,150,18,152,23,226,56,66,28,1,90,178,12,22,32,64,102,59,147,144,50,156,1,223,8,38,154,195,148,8,53,19
50,200,66,138,84,129,202,224,5,0,208,10,34,138,48,64,72,168,23,195,74,11,0,253,176,0,138,184,53,15,112,136
2,135,2,136,20,129,168,99,4,69,90,135,40,14,50,64,108,35,147,133,82,152,0,221,36,32,138,192,28,12,180,80
1,193,98,200,20,145,172,229,68,64,84,2,40,10,180,100,106,1,2,201,195,168,36,221,34,40,130,0,23,152,225,172
2,132,34,157,54,138,168,103,28,65,82,147,172,142,48,64,38,51,147,133,176,156,0,223,4,54,154,192,20,12,17,88
35,193,98,140,68,144,236,117,5,68,84,135,40,15,182,68,110,171,151,140,223,138,36,221,50,40,138,136,63,140,248,220
3,148,50,156,23,176,184,98,108,65,90,151,44,28,54,96,110,51,147,133,182,184,52,223,0,38,26,66,85,4,37,221
2,141,2,133,180,131,172,103,4,128,90,2,160,40,48,64,104,34,19,129,112,152,0,223,40,20,158,192,12,8,177,136
2,201,0,140,148,128,14,165,4,0,80,6,32,34,48,64,64,98,19,193,80,8,0,189,40,32,142,192,28,8,184,8
2,0,0,136,4,0,128,0,4,0,16,2,0,2,32,64,72,0,19,128,0,0,0,144,0,32,138,128,20,8,48,0
34,227,130,140,84,128,140,101,2,5,80,7,32,136,50,64,72,42,3,197,66,10,128,189,48,36,142,168,20,8,176,136
146,0,0,156,4,0,136,32,20,2,208,18,33,8,48,64,72,32,23,129,40,36,0,155,128,224,138,144,21,8,48,8
2,128,0,138,4,133,136,32,4,0,81,2,96,72,56,64,88,0,19,1,64,40,8,149,1,32,138,64,20,10,16,8
3,193,1,140,4,129,140,165,4,0,80,66,32,8,48,192,72,2,18,1,85,8,0,157,32,32,142,192,28,24,184,8
